RANDOM_SEED, 1698993197
GEN,		MIN,				AVE,				MAX,			CONV,					CONV_ACT,
  0,		14.00,		32.94,		50.00,				1.51810,				0.83333
  1,		32.00,		37.57,		50.00,				1.33085,				0.83333
  2,		39.00,		44.92,		52.00,				1.15767,				0.86667
  3,		47.00,		50.36,		55.00,				1.09209,				0.91667
  4,		50.00,		52.42,		56.00,				1.06834,				0.93333
  5,		53.00,		54.82,		56.00,				1.02149,				0.93333
  6,		55.00,		55.73,		56.00,				1.00481,				0.93333
  7,		56.00,		56.00,		56.00,				1.00000,				0.93333
  8,		56.00,		56.00,		56.00,				1.00000,				0.93333
  9,		56.00,		56.00,		56.00,				1.00000,				0.93333
 10,		56.00,		56.00,		56.00,				1.00000,				0.93333
 11,		56.00,		56.00,		56.00,				1.00000,				0.93333
 12,		56.00,		56.00,		56.00,				1.00000,				0.93333
 13,		56.00,		56.00,		56.00,				1.00000,				0.93333
 14,		56.00,		56.00,		56.00,				1.00000,				0.93333
 15,		56.00,		56.00,		56.00,				1.00000,				0.93333
 16,		56.00,		56.00,		56.00,				1.00000,				0.93333
 17,		56.00,		56.00,		56.00,				1.00000,				0.93333
 18,		56.00,		56.00,		56.00,				1.00000,				0.93333
 19,		56.00,		56.00,		56.00,				1.00000,				0.93333
 20,		56.00,		56.00,		57.00,				1.01782,				0.95000
 21,		56.00,		56.28,		57.00,				1.01272,				0.95000
 22,		56.00,		56.62,		57.00,				1.00668,				0.95000
 23,		57.00,		57.00,		57.00,				1.00000,				0.95000
 24,		57.00,		57.00,		57.00,				1.00000,				0.95000
 25,		57.00,		57.00,		57.00,				1.00000,				0.95000
 26,		57.00,		57.00,		57.00,				1.00000,				0.95000
 27,		57.00,		57.00,		57.00,				1.00000,				0.95000
 28,		57.00,		57.00,		57.00,				1.00000,				0.95000
 29,		57.00,		57.00,		57.00,				1.00000,				0.95000
 30,		57.00,		57.00,		57.00,				1.00000,				0.95000
 31,		57.00,		57.00,		57.00,				1.00000,				0.95000
 32,		57.00,		57.00,		57.00,				1.00000,				0.95000
 33,		57.00,		57.00,		57.00,				1.00000,				0.95000
 34,		57.00,		57.00,		57.00,				1.00000,				0.95000
 35,		57.00,		57.00,		57.00,				1.00000,				0.95000
 36,		57.00,		57.00,		57.00,				1.00000,				0.95000
 37,		57.00,		57.00,		57.00,				1.00000,				0.95000
 38,		57.00,		57.00,		57.00,				1.00000,				0.95000
 39,		57.00,		57.00,		57.00,				1.00000,				0.95000
 40,		57.00,		57.00,		57.00,				1.00000,				0.95000
 41,		57.00,		57.00,		57.00,				1.00000,				0.95000
 42,		57.00,		57.00,		57.00,				1.00000,				0.95000
 43,		57.00,		57.00,		57.00,				1.00000,				0.95000
 44,		57.00,		57.00,		57.00,				1.00000,				0.95000
 45,		57.00,		57.00,		57.00,				1.00000,				0.95000
 46,		57.00,		57.00,		57.00,				1.00000,				0.95000
 47,		57.00,		57.00,		57.00,				1.00000,				0.95000
 48,		57.00,		57.00,		57.00,				1.00000,				0.95000
 49,		57.00,		57.00,		57.00,				1.00000,				0.95000
 50,		57.00,		57.00,		57.00,				1.00000,				0.95000
 51,		57.00,		57.00,		57.00,				1.00000,				0.95000
 52,		57.00,		57.00,		57.00,				1.00000,				0.95000
 53,		57.00,		57.00,		57.00,				1.00000,				0.95000
 54,		57.00,		57.00,		57.00,				1.00000,				0.95000
 55,		57.00,		57.00,		57.00,				1.00000,				0.95000
 56,		57.00,		57.00,		57.00,				1.00000,				0.95000
 57,		57.00,		57.00,		57.00,				1.00000,				0.95000
 58,		57.00,		57.00,		57.00,				1.00000,				0.95000
 59,		57.00,		57.00,		57.00,				1.00000,				0.95000
 60,		57.00,		57.00,		57.00,				1.00000,				0.95000
 61,		57.00,		57.00,		57.00,				1.00000,				0.95000
 62,		57.00,		57.00,		57.00,				1.00000,				0.95000
 63,		57.00,		57.00,		57.00,				1.00000,				0.95000
 64,		57.00,		57.00,		57.00,				1.00000,				0.95000
 65,		57.00,		57.00,		57.00,				1.00000,				0.95000
 66,		57.00,		57.00,		57.00,				1.00000,				0.95000
 67,		57.00,		57.00,		57.00,				1.00000,				0.95000
 68,		57.00,		57.00,		57.00,				1.00000,				0.95000
 69,		57.00,		57.00,		57.00,				1.00000,				0.95000
 70,		57.00,		57.00,		57.00,				1.00000,				0.95000
 71,		57.00,		57.00,		57.00,				1.00000,				0.95000
 72,		57.00,		57.00,		57.00,				1.00000,				0.95000
 73,		57.00,		57.00,		57.00,				1.00000,				0.95000
 74,		57.00,		57.00,		57.00,				1.00000,				0.95000
 75,		57.00,		57.00,		57.00,				1.00000,				0.95000
 76,		57.00,		57.00,		57.00,				1.00000,				0.95000
 77,		57.00,		57.00,		57.00,				1.00000,				0.95000
 78,		57.00,		57.00,		57.00,				1.00000,				0.95000
 79,		57.00,		57.00,		57.00,				1.00000,				0.95000
 80,		57.00,		57.00,		57.00,				1.00000,				0.95000
 81,		57.00,		57.00,		57.00,				1.00000,				0.95000
 82,		57.00,		57.00,		57.00,				1.00000,				0.95000
 83,		57.00,		57.00,		57.00,				1.00000,				0.95000
 84,		57.00,		57.00,		57.00,				1.00000,				0.95000
 85,		57.00,		57.00,		57.00,				1.00000,				0.95000
 86,		57.00,		57.00,		57.00,				1.00000,				0.95000
 87,		57.00,		57.00,		57.00,				1.00000,				0.95000
 88,		57.00,		57.00,		57.00,				1.00000,				0.95000
 89,		57.00,		57.00,		57.00,				1.00000,				0.95000
 90,		57.00,		57.00,		57.00,				1.00000,				0.95000
 91,		57.00,		57.00,		57.00,				1.00000,				0.95000
 92,		57.00,		57.00,		57.00,				1.00000,				0.95000
 93,		57.00,		57.00,		57.00,				1.00000,				0.95000
 94,		57.00,		57.00,		57.00,				1.00000,				0.95000
 95,		57.00,		57.00,		57.00,				1.00000,				0.95000
 96,		57.00,		57.00,		57.00,				1.00000,				0.95000
 97,		57.00,		57.00,		57.00,				1.00000,				0.95000
 98,		57.00,		57.00,		57.00,				1.00000,				0.95000
 99,		57.00,		57.00,		57.00,				1.00000,				0.95000
100,		57.00,		57.00,		57.00,				1.00000,				0.95000
101,		57.00,		57.00,		57.00,				1.00000,				0.95000
102,		57.00,		57.00,		57.00,				1.00000,				0.95000
103,		57.00,		57.00,		57.00,				1.00000,				0.95000
104,		57.00,		57.00,		57.00,				1.00000,				0.95000
105,		57.00,		57.00,		57.00,				1.00000,				0.95000
106,		57.00,		57.00,		57.00,				1.00000,				0.95000
107,		57.00,		57.00,		57.00,				1.00000,				0.95000
108,		57.00,		57.00,		57.00,				1.00000,				0.95000
109,		57.00,		57.00,		57.00,				1.00000,				0.95000
110,		57.00,		57.00,		57.00,				1.00000,				0.95000
111,		57.00,		57.00,		57.00,				1.00000,				0.95000
112,		57.00,		57.00,		57.00,				1.00000,				0.95000
113,		57.00,		57.00,		57.00,				1.00000,				0.95000
114,		57.00,		57.00,		57.00,				1.00000,				0.95000
115,		57.00,		57.00,		57.00,				1.00000,				0.95000
116,		57.00,		57.00,		57.00,				1.00000,				0.95000
117,		57.00,		57.00,		57.00,				1.00000,				0.95000
118,		57.00,		57.00,		57.00,				1.00000,				0.95000
119,		57.00,		57.00,		57.00,				1.00000,				0.95000
120,		57.00,		57.00,		57.00,				1.00000,				0.95000
121,		57.00,		57.00,		57.00,				1.00000,				0.95000
122,		57.00,		57.00,		57.00,				1.00000,				0.95000
123,		57.00,		57.00,		57.00,				1.00000,				0.95000
124,		57.00,		57.00,		57.00,				1.00000,				0.95000
125,		57.00,		57.00,		57.00,				1.00000,				0.95000
126,		57.00,		57.00,		57.00,				1.00000,				0.95000
127,		57.00,		57.00,		57.00,				1.00000,				0.95000
128,		57.00,		57.00,		57.00,				1.00000,				0.95000
129,		57.00,		57.00,		57.00,				1.00000,				0.95000
130,		57.00,		57.00,		57.00,				1.00000,				0.95000
131,		57.00,		57.00,		57.00,				1.00000,				0.95000
132,		57.00,		57.00,		57.00,				1.00000,				0.95000
133,		57.00,		57.00,		57.00,				1.00000,				0.95000
134,		57.00,		57.00,		57.00,				1.00000,				0.95000
135,		57.00,		57.00,		57.00,				1.00000,				0.95000
136,		57.00,		57.00,		57.00,				1.00000,				0.95000
137,		57.00,		57.00,		57.00,				1.00000,				0.95000
138,		57.00,		57.00,		57.00,				1.00000,				0.95000
139,		57.00,		57.00,		57.00,				1.00000,				0.95000
140,		57.00,		57.00,		57.00,				1.00000,				0.95000
141,		57.00,		57.00,		57.00,				1.00000,				0.95000
142,		57.00,		57.00,		57.00,				1.00000,				0.95000
143,		57.00,		57.00,		57.00,				1.00000,				0.95000
144,		57.00,		57.00,		57.00,				1.00000,				0.95000
145,		57.00,		57.00,		57.00,				1.00000,				0.95000
146,		57.00,		57.00,		57.00,				1.00000,				0.95000
147,		57.00,		57.00,		57.00,				1.00000,				0.95000
148,		57.00,		57.00,		57.00,				1.00000,				0.95000
149,		57.00,		57.00,		57.00,				1.00000,				0.95000
150,		57.00,		57.00,		57.00,				1.00000,				0.95000
151,		57.00,		57.00,		57.00,				1.00000,				0.95000
152,		57.00,		57.00,		57.00,				1.00000,				0.95000
153,		57.00,		57.00,		57.00,				1.00000,				0.95000
154,		57.00,		57.00,		57.00,				1.00000,				0.95000
155,		57.00,		57.00,		57.00,				1.00000,				0.95000
156,		57.00,		57.00,		57.00,				1.00000,				0.95000
157,		57.00,		57.00,		57.00,				1.00000,				0.95000
158,		57.00,		57.00,		57.00,				1.00000,				0.95000
159,		57.00,		57.00,		57.00,				1.00000,				0.95000
160,		57.00,		57.00,		57.00,				1.00000,				0.95000
161,		57.00,		57.00,		57.00,				1.00000,				0.95000
162,		57.00,		57.00,		57.00,				1.00000,				0.95000
163,		57.00,		57.00,		57.00,				1.00000,				0.95000
164,		57.00,		57.00,		57.00,				1.00000,				0.95000
165,		57.00,		57.00,		57.00,				1.00000,				0.95000
166,		57.00,		57.00,		57.00,				1.00000,				0.95000
167,		57.00,		57.00,		57.00,				1.00000,				0.95000
168,		57.00,		57.00,		57.00,				1.00000,				0.95000
169,		57.00,		57.00,		57.00,				1.00000,				0.95000
170,		57.00,		57.00,		57.00,				1.00000,				0.95000
171,		57.00,		57.00,		57.00,				1.00000,				0.95000
172,		57.00,		57.00,		57.00,				1.00000,				0.95000
173,		57.00,		57.00,		57.00,				1.00000,				0.95000
174,		57.00,		57.00,		57.00,				1.00000,				0.95000
175,		57.00,		57.00,		57.00,				1.00000,				0.95000
176,		57.00,		57.00,		57.00,				1.00000,				0.95000
177,		57.00,		57.00,		57.00,				1.00000,				0.95000
178,		57.00,		57.00,		57.00,				1.00000,				0.95000
179,		57.00,		57.00,		57.00,				1.00000,				0.95000
180,		57.00,		57.00,		57.00,				1.00000,				0.95000
181,		57.00,		57.00,		57.00,				1.00000,				0.95000
182,		57.00,		57.00,		57.00,				1.00000,				0.95000
183,		57.00,		57.00,		57.00,				1.00000,				0.95000
184,		57.00,		57.00,		57.00,				1.00000,				0.95000
185,		57.00,		57.00,		57.00,				1.00000,				0.95000
186,		57.00,		57.00,		57.00,				1.00000,				0.95000
187,		57.00,		57.00,		57.00,				1.00000,				0.95000
188,		57.00,		57.00,		57.00,				1.00000,				0.95000
189,		57.00,		57.00,		57.00,				1.00000,				0.95000
190,		57.00,		57.00,		58.00,				1.01751,				0.96667
191,		57.00,		57.49,		58.00,				1.00884,				0.96667
192,		58.00,		58.00,		58.00,				1.00000,				0.96667
193,		58.00,		58.00,		58.00,				1.00000,				0.96667
194,		58.00,		58.00,		58.00,				1.00000,				0.96667
195,		58.00,		58.00,		58.00,				1.00000,				0.96667
196,		58.00,		58.00,		58.00,				1.00000,				0.96667
197,		58.00,		58.00,		58.00,				1.00000,				0.96667
198,		58.00,		58.00,		58.00,				1.00000,				0.96667
199,		58.00,		58.00,		58.00,				1.00000,				0.96667
200,		58.00,		58.00,		58.00,				1.00000,				0.96667
201,		58.00,		58.00,		58.00,				1.00000,				0.96667
202,		58.00,		58.00,		58.00,				1.00000,				0.96667
203,		58.00,		58.00,		58.00,				1.00000,				0.96667
204,		58.00,		58.00,		58.00,				1.00000,				0.96667
205,		58.00,		58.00,		58.00,				1.00000,				0.96667
206,		58.00,		58.00,		58.00,				1.00000,				0.96667
207,		58.00,		58.00,		58.00,				1.00000,				0.96667
208,		58.00,		58.00,		58.00,				1.00000,				0.96667
209,		58.00,		58.00,		58.00,				1.00000,				0.96667
210,		58.00,		58.00,		58.00,				1.00000,				0.96667
211,		58.00,		58.00,		58.00,				1.00000,				0.96667
212,		58.00,		58.00,		58.00,				1.00000,				0.96667
213,		58.00,		58.00,		58.00,				1.00000,				0.96667
214,		58.00,		58.00,		58.00,				1.00000,				0.96667
215,		58.00,		58.00,		58.00,				1.00000,				0.96667
216,		58.00,		58.00,		58.00,				1.00000,				0.96667
217,		58.00,		58.00,		58.00,				1.00000,				0.96667
218,		58.00,		58.00,		58.00,				1.00000,				0.96667
219,		58.00,		58.00,		58.00,				1.00000,				0.96667
220,		58.00,		58.00,		58.00,				1.00000,				0.96667
221,		58.00,		58.00,		58.00,				1.00000,				0.96667
222,		58.00,		58.00,		58.00,				1.00000,				0.96667
223,		58.00,		58.00,		58.00,				1.00000,				0.96667
224,		58.00,		58.00,		58.00,				1.00000,				0.96667
225,		58.00,		58.00,		58.00,				1.00000,				0.96667
226,		58.00,		58.00,		58.00,				1.00000,				0.96667
227,		58.00,		58.00,		58.00,				1.00000,				0.96667
228,		58.00,		58.00,		58.00,				1.00000,				0.96667
229,		58.00,		58.00,		58.00,				1.00000,				0.96667
230,		58.00,		58.00,		58.00,				1.00000,				0.96667
231,		58.00,		58.00,		58.00,				1.00000,				0.96667
232,		58.00,		58.00,		58.00,				1.00000,				0.96667
233,		58.00,		58.00,		58.00,				1.00000,				0.96667
234,		58.00,		58.00,		58.00,				1.00000,				0.96667
235,		58.00,		58.00,		58.00,				1.00000,				0.96667
236,		58.00,		58.00,		58.00,				1.00000,				0.96667
237,		58.00,		58.00,		58.00,				1.00000,				0.96667
238,		58.00,		58.00,		58.00,				1.00000,				0.96667
239,		58.00,		58.00,		58.00,				1.00000,				0.96667
240,		58.00,		58.00,		58.00,				1.00000,				0.96667
241,		58.00,		58.00,		58.00,				1.00000,				0.96667
242,		58.00,		58.00,		58.00,				1.00000,				0.96667
243,		58.00,		58.00,		58.00,				1.00000,				0.96667
244,		58.00,		58.00,		58.00,				1.00000,				0.96667
245,		58.00,		58.00,		58.00,				1.00000,				0.96667
246,		58.00,		58.00,		58.00,				1.00000,				0.96667
247,		58.00,		58.00,		58.00,				1.00000,				0.96667
248,		58.00,		58.00,		58.00,				1.00000,				0.96667
249,		58.00,		58.00,		58.00,				1.00000,				0.96667
250,		58.00,		58.00,		58.00,				1.00000,				0.96667
251,		58.00,		58.00,		58.00,				1.00000,				0.96667
252,		58.00,		58.00,		58.00,				1.00000,				0.96667
253,		58.00,		58.00,		58.00,				1.00000,				0.96667
254,		58.00,		58.00,		58.00,				1.00000,				0.96667
255,		58.00,		58.00,		58.00,				1.00000,				0.96667
256,		58.00,		58.00,		58.00,				1.00000,				0.96667
257,		58.00,		58.00,		58.00,				1.00000,				0.96667
258,		58.00,		58.00,		58.00,				1.00000,				0.96667
259,		58.00,		58.00,		58.00,				1.00000,				0.96667
260,		58.00,		58.00,		58.00,				1.00000,				0.96667
261,		58.00,		58.00,		58.00,				1.00000,				0.96667
262,		58.00,		58.00,		58.00,				1.00000,				0.96667
263,		58.00,		58.00,		58.00,				1.00000,				0.96667
264,		58.00,		58.00,		58.00,				1.00000,				0.96667
265,		58.00,		58.00,		58.00,				1.00000,				0.96667
266,		58.00,		58.00,		58.00,				1.00000,				0.96667
267,		58.00,		58.00,		58.00,				1.00000,				0.96667
268,		58.00,		58.00,		58.00,				1.00000,				0.96667
269,		58.00,		58.00,		58.00,				1.00000,				0.96667
270,		58.00,		58.00,		58.00,				1.00000,				0.96667
271,		58.00,		58.00,		58.00,				1.00000,				0.96667
272,		58.00,		58.00,		58.00,				1.00000,				0.96667
273,		58.00,		58.00,		58.00,				1.00000,				0.96667
274,		58.00,		58.00,		58.00,				1.00000,				0.96667
275,		58.00,		58.00,		58.00,				1.00000,				0.96667
276,		58.00,		58.00,		58.00,				1.00000,				0.96667
277,		58.00,		58.00,		58.00,				1.00000,				0.96667
278,		58.00,		58.00,		58.00,				1.00000,				0.96667
279,		58.00,		58.00,		58.00,				1.00000,				0.96667
280,		58.00,		58.00,		58.00,				1.00000,				0.96667
281,		58.00,		58.00,		58.00,				1.00000,				0.96667
282,		58.00,		58.00,		58.00,				1.00000,				0.96667
283,		58.00,		58.00,		58.00,				1.00000,				0.96667
284,		58.00,		58.00,		58.00,				1.00000,				0.96667
285,		58.00,		58.00,		58.00,				1.00000,				0.96667
286,		58.00,		58.00,		58.00,				1.00000,				0.96667
287,		58.00,		58.00,		58.00,				1.00000,				0.96667
288,		58.00,		58.00,		58.00,				1.00000,				0.96667
289,		58.00,		58.00,		58.00,				1.00000,				0.96667
290,		58.00,		58.00,		58.00,				1.00000,				0.96667
291,		58.00,		58.00,		58.00,				1.00000,				0.96667
292,		58.00,		58.00,		58.00,				1.00000,				0.96667
293,		58.00,		58.00,		58.00,				1.00000,				0.96667
294,		58.00,		58.00,		58.00,				1.00000,				0.96667
295,		58.00,		58.00,		58.00,				1.00000,				0.96667
296,		58.00,		58.00,		58.00,				1.00000,				0.96667
297,		58.00,		58.00,		58.00,				1.00000,				0.96667
298,		58.00,		58.00,		58.00,				1.00000,				0.96667
299,		58.00,		58.00,		58.00,				1.00000,				0.96667
300,		58.00,		58.00,		58.00,				1.00000,				0.96667
301,		58.00,		58.00,		58.00,				1.00000,				0.96667
302,		58.00,		58.00,		58.00,				1.00000,				0.96667
303,		58.00,		58.00,		58.00,				1.00000,				0.96667
304,		58.00,		58.00,		58.00,				1.00000,				0.96667
305,		58.00,		58.00,		58.00,				1.00000,				0.96667
306,		58.00,		58.00,		58.00,				1.00000,				0.96667
307,		58.00,		58.00,		58.00,				1.00000,				0.96667
308,		58.00,		58.00,		58.00,				1.00000,				0.96667
309,		58.00,		58.00,		58.00,				1.00000,				0.96667
310,		58.00,		58.00,		58.00,				1.00000,				0.96667
311,		58.00,		58.00,		58.00,				1.00000,				0.96667
312,		58.00,		58.00,		58.00,				1.00000,				0.96667
313,		58.00,		58.00,		58.00,				1.00000,				0.96667
314,		58.00,		58.00,		58.00,				1.00000,				0.96667
315,		58.00,		58.00,		58.00,				1.00000,				0.96667
316,		58.00,		58.00,		58.00,				1.00000,				0.96667
317,		58.00,		58.00,		58.00,				1.00000,				0.96667
318,		58.00,		58.00,		58.00,				1.00000,				0.96667
319,		58.00,		58.00,		58.00,				1.00000,				0.96667
320,		58.00,		58.00,		58.00,				1.00000,				0.96667
321,		58.00,		58.00,		58.00,				1.00000,				0.96667
322,		58.00,		58.00,		58.00,				1.00000,				0.96667
323,		58.00,		58.00,		58.00,				1.00000,				0.96667
324,		58.00,		58.00,		58.00,				1.00000,				0.96667
325,		58.00,		58.00,		58.00,				1.00000,				0.96667
326,		58.00,		58.00,		58.00,				1.00000,				0.96667
327,		58.00,		58.00,		58.00,				1.00000,				0.96667
328,		58.00,		58.00,		58.00,				1.00000,				0.96667
329,		58.00,		58.00,		58.00,				1.00000,				0.96667
330,		58.00,		58.00,		58.00,				1.00000,				0.96667
331,		58.00,		58.00,		58.00,				1.00000,				0.96667
332,		58.00,		58.00,		58.00,				1.00000,				0.96667
333,		58.00,		58.00,		58.00,				1.00000,				0.96667
334,		58.00,		58.00,		58.00,				1.00000,				0.96667
335,		58.00,		58.00,		58.00,				1.00000,				0.96667
336,		58.00,		58.00,		58.00,				1.00000,				0.96667
337,		58.00,		58.00,		58.00,				1.00000,				0.96667
338,		58.00,		58.00,		58.00,				1.00000,				0.96667
339,		58.00,		58.00,		58.00,				1.00000,				0.96667
340,		58.00,		58.00,		58.00,				1.00000,				0.96667
341,		58.00,		58.00,		58.00,				1.00000,				0.96667
342,		58.00,		58.00,		58.00,				1.00000,				0.96667
343,		58.00,		58.00,		58.00,				1.00000,				0.96667
344,		58.00,		58.00,		58.00,				1.00000,				0.96667
345,		58.00,		58.00,		58.00,				1.00000,				0.96667
346,		58.00,		58.00,		58.00,				1.00000,				0.96667
347,		58.00,		58.00,		58.00,				1.00000,				0.96667
348,		58.00,		58.00,		58.00,				1.00000,				0.96667
349,		58.00,		58.00,		58.00,				1.00000,				0.96667
350,		58.00,		58.00,		58.00,				1.00000,				0.96667
351,		58.00,		58.00,		58.00,				1.00000,				0.96667
352,		58.00,		58.00,		58.00,				1.00000,				0.96667
353,		58.00,		58.00,		58.00,				1.00000,				0.96667
354,		58.00,		58.00,		58.00,				1.00000,				0.96667
355,		58.00,		58.00,		58.00,				1.00000,				0.96667
356,		58.00,		58.00,		58.00,				1.00000,				0.96667
357,		58.00,		58.00,		58.00,				1.00000,				0.96667
358,		58.00,		58.00,		58.00,				1.00000,				0.96667
359,		58.00,		58.00,		58.00,				1.00000,				0.96667
360,		58.00,		58.00,		58.00,				1.00000,				0.96667
361,		58.00,		58.00,		58.00,				1.00000,				0.96667
362,		58.00,		58.00,		58.00,				1.00000,				0.96667
363,		58.00,		58.00,		58.00,				1.00000,				0.96667
364,		58.00,		58.00,		58.00,				1.00000,				0.96667
365,		58.00,		58.00,		58.00,				1.00000,				0.96667
366,		58.00,		58.00,		58.00,				1.00000,				0.96667
367,		58.00,		58.00,		58.00,				1.00000,				0.96667
368,		58.00,		58.00,		58.00,				1.00000,				0.96667
369,		58.00,		58.00,		58.00,				1.00000,				0.96667
370,		58.00,		58.00,		58.00,				1.00000,				0.96667
371,		58.00,		58.00,		58.00,				1.00000,				0.96667
372,		58.00,		58.00,		58.00,				1.00000,				0.96667
373,		58.00,		58.00,		58.00,				1.00000,				0.96667
374,		58.00,		58.00,		58.00,				1.00000,				0.96667
375,		58.00,		58.00,		58.00,				1.00000,				0.96667
376,		58.00,		58.00,		58.00,				1.00000,				0.96667
377,		58.00,		58.00,		58.00,				1.00000,				0.96667
378,		58.00,		58.00,		58.00,				1.00000,				0.96667
379,		58.00,		58.00,		58.00,				1.00000,				0.96667
380,		58.00,		58.00,		58.00,				1.00000,				0.96667
381,		58.00,		58.00,		58.00,				1.00000,				0.96667
382,		58.00,		58.00,		58.00,				1.00000,				0.96667
383,		58.00,		58.00,		58.00,				1.00000,				0.96667
384,		58.00,		58.00,		58.00,				1.00000,				0.96667
385,		58.00,		58.00,		58.00,				1.00000,				0.96667
386,		58.00,		58.00,		58.00,				1.00000,				0.96667
387,		58.00,		58.00,		58.00,				1.00000,				0.96667
388,		58.00,		58.00,		58.00,				1.00000,				0.96667
389,		58.00,		58.00,		58.00,				1.00000,				0.96667
390,		58.00,		58.00,		58.00,				1.00000,				0.96667
391,		58.00,		58.00,		58.00,				1.00000,				0.96667
392,		58.00,		58.00,		58.00,				1.00000,				0.96667
393,		58.00,		58.00,		58.00,				1.00000,				0.96667
394,		58.00,		58.00,		58.00,				1.00000,				0.96667
395,		58.00,		58.00,		58.00,				1.00000,				0.96667
396,		58.00,		58.00,		58.00,				1.00000,				0.96667
397,		58.00,		58.00,		58.00,				1.00000,				0.96667
398,		58.00,		58.00,		58.00,				1.00000,				0.96667
399,		58.00,		58.00,		58.00,				1.00000,				0.96667
400,		58.00,		58.00,		58.00,				1.00000,				0.96667
401,		58.00,		58.00,		58.00,				1.00000,				0.96667
402,		58.00,		58.00,		58.00,				1.00000,				0.96667
403,		58.00,		58.00,		58.00,				1.00000,				0.96667
404,		58.00,		58.00,		58.00,				1.00000,				0.96667
405,		58.00,		58.00,		58.00,				1.00000,				0.96667
406,		58.00,		58.00,		58.00,				1.00000,				0.96667
407,		58.00,		58.00,		58.00,				1.00000,				0.96667
408,		58.00,		58.00,		58.00,				1.00000,				0.96667
409,		58.00,		58.00,		58.00,				1.00000,				0.96667
410,		58.00,		58.00,		58.00,				1.00000,				0.96667
411,		58.00,		58.00,		58.00,				1.00000,				0.96667
412,		58.00,		58.00,		58.00,				1.00000,				0.96667
413,		58.00,		58.00,		58.00,				1.00000,				0.96667
414,		58.00,		58.00,		58.00,				1.00000,				0.96667
415,		58.00,		58.00,		58.00,				1.00000,				0.96667
416,		58.00,		58.00,		58.00,				1.00000,				0.96667
417,		58.00,		58.00,		58.00,				1.00000,				0.96667
418,		58.00,		58.00,		58.00,				1.00000,				0.96667
419,		58.00,		58.00,		58.00,				1.00000,				0.96667
420,		58.00,		58.00,		58.00,				1.00000,				0.96667
421,		58.00,		58.00,		58.00,				1.00000,				0.96667
422,		58.00,		58.00,		58.00,				1.00000,				0.96667
423,		58.00,		58.00,		58.00,				1.00000,				0.96667
424,		58.00,		58.00,		58.00,				1.00000,				0.96667
425,		58.00,		58.00,		58.00,				1.00000,				0.96667
426,		58.00,		58.00,		58.00,				1.00000,				0.96667
427,		58.00,		58.00,		58.00,				1.00000,				0.96667
428,		58.00,		58.00,		58.00,				1.00000,				0.96667
429,		58.00,		58.00,		58.00,				1.00000,				0.96667
430,		58.00,		58.00,		58.00,				1.00000,				0.96667
431,		58.00,		58.00,		58.00,				1.00000,				0.96667
432,		58.00,		58.00,		58.00,				1.00000,				0.96667
433,		58.00,		58.00,		58.00,				1.00000,				0.96667
434,		58.00,		58.00,		58.00,				1.00000,				0.96667
435,		58.00,		58.00,		58.00,				1.00000,				0.96667
436,		58.00,		58.00,		58.00,				1.00000,				0.96667
437,		58.00,		58.00,		58.00,				1.00000,				0.96667
438,		58.00,		58.00,		58.00,				1.00000,				0.96667
439,		58.00,		58.00,		58.00,				1.00000,				0.96667
440,		58.00,		58.00,		58.00,				1.00000,				0.96667
441,		58.00,		58.00,		58.00,				1.00000,				0.96667
442,		58.00,		58.00,		58.00,				1.00000,				0.96667
443,		58.00,		58.00,		58.00,				1.00000,				0.96667
444,		58.00,		58.00,		58.00,				1.00000,				0.96667
445,		58.00,		58.00,		58.00,				1.00000,				0.96667
446,		58.00,		58.00,		58.00,				1.00000,				0.96667
447,		58.00,		58.00,		58.00,				1.00000,				0.96667
448,		58.00,		58.00,		58.00,				1.00000,				0.96667
449,		58.00,		58.00,		58.00,				1.00000,				0.96667
450,		58.00,		58.00,		58.00,				1.00000,				0.96667
451,		58.00,		58.00,		58.00,				1.00000,				0.96667
452,		58.00,		58.00,		58.00,				1.00000,				0.96667
453,		58.00,		58.00,		58.00,				1.00000,				0.96667
454,		58.00,		58.00,		58.00,				1.00000,				0.96667
455,		58.00,		58.00,		58.00,				1.00000,				0.96667
456,		58.00,		58.00,		58.00,				1.00000,				0.96667
457,		58.00,		58.00,		58.00,				1.00000,				0.96667
458,		58.00,		58.00,		58.00,				1.00000,				0.96667
459,		58.00,		58.00,		58.00,				1.00000,				0.96667
460,		58.00,		58.00,		58.00,				1.00000,				0.96667
461,		58.00,		58.00,		58.00,				1.00000,				0.96667
462,		58.00,		58.00,		58.00,				1.00000,				0.96667
463,		58.00,		58.00,		58.00,				1.00000,				0.96667
464,		58.00,		58.00,		58.00,				1.00000,				0.96667
465,		58.00,		58.00,		58.00,				1.00000,				0.96667
466,		58.00,		58.00,		58.00,				1.00000,				0.96667
467,		58.00,		58.00,		58.00,				1.00000,				0.96667
468,		58.00,		58.00,		58.00,				1.00000,				0.96667
469,		58.00,		58.00,		58.00,				1.00000,				0.96667
470,		58.00,		58.00,		58.00,				1.00000,				0.96667
471,		58.00,		58.00,		58.00,				1.00000,				0.96667
472,		58.00,		58.00,		58.00,				1.00000,				0.96667
473,		58.00,		58.00,		58.00,				1.00000,				0.96667
474,		58.00,		58.00,		58.00,				1.00000,				0.96667
475,		58.00,		58.00,		58.00,				1.00000,				0.96667
476,		58.00,		58.00,		58.00,				1.00000,				0.96667
477,		58.00,		58.00,		58.00,				1.00000,				0.96667
478,		58.00,		58.00,		58.00,				1.00000,				0.96667
479,		58.00,		58.00,		58.00,				1.00000,				0.96667
480,		58.00,		58.00,		58.00,				1.00000,				0.96667
481,		58.00,		58.00,		58.00,				1.00000,				0.96667
482,		58.00,		58.00,		58.00,				1.00000,				0.96667
483,		58.00,		58.00,		58.00,				1.00000,				0.96667
484,		58.00,		58.00,		58.00,				1.00000,				0.96667
485,		58.00,		58.00,		58.00,				1.00000,				0.96667
486,		58.00,		58.00,		58.00,				1.00000,				0.96667
487,		58.00,		58.00,		58.00,				1.00000,				0.96667
488,		58.00,		58.00,		58.00,				1.00000,				0.96667
489,		58.00,		58.00,		58.00,				1.00000,				0.96667
490,		58.00,		58.00,		58.00,				1.00000,				0.96667
491,		58.00,		58.00,		58.00,				1.00000,				0.96667
492,		58.00,		58.00,		58.00,				1.00000,				0.96667
493,		58.00,		58.00,		58.00,				1.00000,				0.96667
494,		58.00,		58.00,		58.00,				1.00000,				0.96667
495,		58.00,		58.00,		58.00,				1.00000,				0.96667
496,		58.00,		58.00,		58.00,				1.00000,				0.96667
497,		58.00,		58.00,		58.00,				1.00000,				0.96667
498,		58.00,		58.00,		58.00,				1.00000,				0.96667
499,		58.00,		58.00,		58.00,				1.00000,				0.96667
500,		58.00,		58.00,		58.00,				1.00000,				0.96667
501,		58.00,		58.00,		58.00,				1.00000,				0.96667
502,		58.00,		58.00,		58.00,				1.00000,				0.96667
503,		58.00,		58.00,		58.00,				1.00000,				0.96667
504,		58.00,		58.00,		58.00,				1.00000,				0.96667
505,		58.00,		58.00,		58.00,				1.00000,				0.96667
506,		58.00,		58.00,		58.00,				1.00000,				0.96667
507,		58.00,		58.00,		58.00,				1.00000,				0.96667
508,		58.00,		58.00,		58.00,				1.00000,				0.96667
509,		58.00,		58.00,		58.00,				1.00000,				0.96667
510,		58.00,		58.00,		58.00,				1.00000,				0.96667
511,		58.00,		58.00,		58.00,				1.00000,				0.96667
512,		58.00,		58.00,		58.00,				1.00000,				0.96667
513,		58.00,		58.00,		58.00,				1.00000,				0.96667
514,		58.00,		58.00,		58.00,				1.00000,				0.96667
515,		58.00,		58.00,		58.00,				1.00000,				0.96667
516,		58.00,		58.00,		58.00,				1.00000,				0.96667
517,		58.00,		58.00,		58.00,				1.00000,				0.96667
518,		58.00,		58.00,		58.00,				1.00000,				0.96667
519,		58.00,		58.00,		58.00,				1.00000,				0.96667
520,		58.00,		58.00,		58.00,				1.00000,				0.96667
521,		58.00,		58.00,		58.00,				1.00000,				0.96667
522,		58.00,		58.00,		58.00,				1.00000,				0.96667
523,		58.00,		58.00,		58.00,				1.00000,				0.96667
524,		58.00,		58.00,		58.00,				1.00000,				0.96667
525,		58.00,		58.00,		58.00,				1.00000,				0.96667
526,		58.00,		58.00,		58.00,				1.00000,				0.96667
527,		58.00,		58.00,		58.00,				1.00000,				0.96667
528,		58.00,		58.00,		58.00,				1.00000,				0.96667
529,		58.00,		58.00,		58.00,				1.00000,				0.96667
530,		58.00,		58.00,		58.00,				1.00000,				0.96667
531,		58.00,		58.00,		58.00,				1.00000,				0.96667
532,		58.00,		58.00,		58.00,				1.00000,				0.96667
533,		58.00,		58.00,		58.00,				1.00000,				0.96667
534,		58.00,		58.00,		58.00,				1.00000,				0.96667
535,		58.00,		58.00,		58.00,				1.00000,				0.96667
536,		58.00,		58.00,		58.00,				1.00000,				0.96667
537,		58.00,		58.00,		58.00,				1.00000,				0.96667
538,		58.00,		58.00,		58.00,				1.00000,				0.96667
539,		58.00,		58.00,		58.00,				1.00000,				0.96667
540,		58.00,		58.00,		58.00,				1.00000,				0.96667
541,		58.00,		58.00,		58.00,				1.00000,				0.96667
542,		58.00,		58.00,		58.00,				1.00000,				0.96667
543,		58.00,		58.00,		58.00,				1.00000,				0.96667
544,		58.00,		58.00,		58.00,				1.00000,				0.96667
545,		58.00,		58.00,		58.00,				1.00000,				0.96667
546,		58.00,		58.00,		58.00,				1.00000,				0.96667
547,		58.00,		58.00,		58.00,				1.00000,				0.96667
548,		58.00,		58.00,		58.00,				1.00000,				0.96667
549,		58.00,		58.00,		58.00,				1.00000,				0.96667
550,		58.00,		58.00,		58.00,				1.00000,				0.96667
551,		58.00,		58.00,		58.00,				1.00000,				0.96667
552,		58.00,		58.00,		58.00,				1.00000,				0.96667
553,		58.00,		58.00,		58.00,				1.00000,				0.96667
554,		58.00,		58.00,		58.00,				1.00000,				0.96667
555,		58.00,		58.00,		58.00,				1.00000,				0.96667
556,		58.00,		58.00,		58.00,				1.00000,				0.96667
557,		58.00,		58.00,		58.00,				1.00000,				0.96667
558,		58.00,		58.00,		58.00,				1.00000,				0.96667
559,		58.00,		58.00,		58.00,				1.00000,				0.96667
560,		58.00,		58.00,		58.00,				1.00000,				0.96667
561,		58.00,		58.00,		58.00,				1.00000,				0.96667
562,		58.00,		58.00,		58.00,				1.00000,				0.96667
563,		58.00,		58.00,		58.00,				1.00000,				0.96667
564,		58.00,		58.00,		58.00,				1.00000,				0.96667
565,		58.00,		58.00,		58.00,				1.00000,				0.96667
566,		58.00,		58.00,		58.00,				1.00000,				0.96667
567,		58.00,		58.00,		58.00,				1.00000,				0.96667
568,		58.00,		58.00,		58.00,				1.00000,				0.96667
569,		58.00,		58.00,		58.00,				1.00000,				0.96667
570,		58.00,		58.00,		58.00,				1.00000,				0.96667
571,		58.00,		58.00,		58.00,				1.00000,				0.96667
572,		58.00,		58.00,		58.00,				1.00000,				0.96667
573,		58.00,		58.00,		58.00,				1.00000,				0.96667
574,		58.00,		58.00,		58.00,				1.00000,				0.96667
575,		58.00,		58.00,		58.00,				1.00000,				0.96667
576,		58.00,		58.00,		58.00,				1.00000,				0.96667
577,		58.00,		58.00,		58.00,				1.00000,				0.96667
578,		58.00,		58.00,		58.00,				1.00000,				0.96667
579,		58.00,		58.00,		58.00,				1.00000,				0.96667
580,		58.00,		58.00,		58.00,				1.00000,				0.96667
581,		58.00,		58.00,		58.00,				1.00000,				0.96667
582,		58.00,		58.00,		58.00,				1.00000,				0.96667
583,		58.00,		58.00,		58.00,				1.00000,				0.96667
584,		58.00,		58.00,		58.00,				1.00000,				0.96667
585,		58.00,		58.00,		58.00,				1.00000,				0.96667
586,		58.00,		58.00,		58.00,				1.00000,				0.96667
587,		58.00,		58.00,		58.00,				1.00000,				0.96667
588,		58.00,		58.00,		58.00,				1.00000,				0.96667
589,		58.00,		58.00,		58.00,				1.00000,				0.96667
590,		58.00,		58.00,		58.00,				1.00000,				0.96667
591,		58.00,		58.00,		58.00,				1.00000,				0.96667
592,		58.00,		58.00,		58.00,				1.00000,				0.96667
593,		58.00,		58.00,		58.00,				1.00000,				0.96667
594,		58.00,		58.00,		58.00,				1.00000,				0.96667
595,		58.00,		58.00,		58.00,				1.00000,				0.96667
596,		58.00,		58.00,		58.00,				1.00000,				0.96667
597,		58.00,		58.00,		58.00,				1.00000,				0.96667
598,		58.00,		58.00,		58.00,				1.00000,				0.96667
599,		58.00,		58.00,		58.00,				1.00000,				0.96667
600,		58.00,		58.00,		58.00,				1.00000,				0.96667
601,		58.00,		58.00,		58.00,				1.00000,				0.96667
602,		58.00,		58.00,		58.00,				1.00000,				0.96667
603,		58.00,		58.00,		58.00,				1.00000,				0.96667
604,		58.00,		58.00,		58.00,				1.00000,				0.96667
605,		58.00,		58.00,		58.00,				1.00000,				0.96667
606,		58.00,		58.00,		58.00,				1.00000,				0.96667
607,		58.00,		58.00,		58.00,				1.00000,				0.96667
608,		58.00,		58.00,		58.00,				1.00000,				0.96667
609,		58.00,		58.00,		58.00,				1.00000,				0.96667
610,		58.00,		58.00,		58.00,				1.00000,				0.96667
611,		58.00,		58.00,		58.00,				1.00000,				0.96667
612,		58.00,		58.00,		58.00,				1.00000,				0.96667
613,		58.00,		58.00,		58.00,				1.00000,				0.96667
614,		58.00,		58.00,		58.00,				1.00000,				0.96667
615,		58.00,		58.00,		58.00,				1.00000,				0.96667
616,		58.00,		58.00,		58.00,				1.00000,				0.96667
617,		58.00,		58.00,		58.00,				1.00000,				0.96667
618,		58.00,		58.00,		58.00,				1.00000,				0.96667
619,		58.00,		58.00,		58.00,				1.00000,				0.96667
620,		58.00,		58.00,		58.00,				1.00000,				0.96667
621,		58.00,		58.00,		58.00,				1.00000,				0.96667
622,		58.00,		58.00,		58.00,				1.00000,				0.96667
623,		58.00,		58.00,		58.00,				1.00000,				0.96667
624,		58.00,		58.00,		58.00,				1.00000,				0.96667
625,		58.00,		58.00,		58.00,				1.00000,				0.96667
626,		58.00,		58.00,		58.00,				1.00000,				0.96667
627,		58.00,		58.00,		58.00,				1.00000,				0.96667
628,		58.00,		58.00,		58.00,				1.00000,				0.96667
629,		58.00,		58.00,		58.00,				1.00000,				0.96667
630,		58.00,		58.00,		58.00,				1.00000,				0.96667
631,		58.00,		58.00,		58.00,				1.00000,				0.96667
632,		58.00,		58.00,		58.00,				1.00000,				0.96667
633,		58.00,		58.00,		58.00,				1.00000,				0.96667
634,		58.00,		58.00,		58.00,				1.00000,				0.96667
635,		58.00,		58.00,		58.00,				1.00000,				0.96667
636,		58.00,		58.00,		58.00,				1.00000,				0.96667
637,		58.00,		58.00,		58.00,				1.00000,				0.96667
638,		58.00,		58.00,		58.00,				1.00000,				0.96667
639,		58.00,		58.00,		58.00,				1.00000,				0.96667
640,		58.00,		58.00,		58.00,				1.00000,				0.96667
641,		58.00,		58.00,		58.00,				1.00000,				0.96667
642,		58.00,		58.00,		58.00,				1.00000,				0.96667
643,		58.00,		58.00,		58.00,				1.00000,				0.96667
644,		58.00,		58.00,		58.00,				1.00000,				0.96667
645,		58.00,		58.00,		58.00,				1.00000,				0.96667
646,		58.00,		58.00,		58.00,				1.00000,				0.96667
647,		58.00,		58.00,		58.00,				1.00000,				0.96667
648,		58.00,		58.00,		58.00,				1.00000,				0.96667
649,		58.00,		58.00,		58.00,				1.00000,				0.96667
650,		58.00,		58.00,		58.00,				1.00000,				0.96667
651,		58.00,		58.00,		58.00,				1.00000,				0.96667
652,		58.00,		58.00,		58.00,				1.00000,				0.96667
653,		58.00,		58.00,		58.00,				1.00000,				0.96667
654,		58.00,		58.00,		58.00,				1.00000,				0.96667
655,		58.00,		58.00,		58.00,				1.00000,				0.96667
656,		58.00,		58.00,		58.00,				1.00000,				0.96667
657,		58.00,		58.00,		58.00,				1.00000,				0.96667
658,		58.00,		58.00,		58.00,				1.00000,				0.96667
659,		58.00,		58.00,		58.00,				1.00000,				0.96667
660,		58.00,		58.00,		58.00,				1.00000,				0.96667
661,		58.00,		58.00,		58.00,				1.00000,				0.96667
662,		58.00,		58.00,		58.00,				1.00000,				0.96667
663,		58.00,		58.00,		58.00,				1.00000,				0.96667
664,		58.00,		58.00,		58.00,				1.00000,				0.96667
665,		58.00,		58.00,		58.00,				1.00000,				0.96667
666,		58.00,		58.00,		58.00,				1.00000,				0.96667
667,		58.00,		58.00,		58.00,				1.00000,				0.96667
668,		58.00,		58.00,		58.00,				1.00000,				0.96667
669,		58.00,		58.00,		58.00,				1.00000,				0.96667
670,		58.00,		58.00,		58.00,				1.00000,				0.96667
671,		58.00,		58.00,		58.00,				1.00000,				0.96667
672,		58.00,		58.00,		58.00,				1.00000,				0.96667
673,		58.00,		58.00,		59.00,				1.01721,				0.98333
674,		58.00,		58.48,		59.00,				1.00886,				0.98333
675,		59.00,		59.00,		59.00,				1.00000,				0.98333
676,		59.00,		59.00,		59.00,				1.00000,				0.98333
677,		59.00,		59.00,		59.00,				1.00000,				0.98333
678,		59.00,		59.00,		59.00,				1.00000,				0.98333
679,		59.00,		59.00,		59.00,				1.00000,				0.98333
680,		59.00,		59.00,		59.00,				1.00000,				0.98333
681,		59.00,		59.00,		59.00,				1.00000,				0.98333
682,		59.00,		59.00,		59.00,				1.00000,				0.98333
683,		59.00,		59.00,		59.00,				1.00000,				0.98333
684,		59.00,		59.00,		59.00,				1.00000,				0.98333
685,		59.00,		59.00,		59.00,				1.00000,				0.98333
686,		59.00,		59.00,		59.00,				1.00000,				0.98333
687,		59.00,		59.00,		59.00,				1.00000,				0.98333
688,		59.00,		59.00,		59.00,				1.00000,				0.98333
689,		59.00,		59.00,		59.00,				1.00000,				0.98333
690,		59.00,		59.00,		59.00,				1.00000,				0.98333
691,		59.00,		59.00,		59.00,				1.00000,				0.98333
692,		59.00,		59.00,		59.00,				1.00000,				0.98333
693,		59.00,		59.00,		59.00,				1.00000,				0.98333
694,		59.00,		59.00,		59.00,				1.00000,				0.98333
695,		59.00,		59.00,		59.00,				1.00000,				0.98333
696,		59.00,		59.00,		59.00,				1.00000,				0.98333
697,		59.00,		59.00,		59.00,				1.00000,				0.98333
698,		59.00,		59.00,		59.00,				1.00000,				0.98333
699,		59.00,		59.00,		59.00,				1.00000,				0.98333
700,		59.00,		59.00,		59.00,				1.00000,				0.98333
701,		59.00,		59.00,		59.00,				1.00000,				0.98333
702,		59.00,		59.00,		59.00,				1.00000,				0.98333
703,		59.00,		59.00,		59.00,				1.00000,				0.98333
704,		59.00,		59.00,		59.00,				1.00000,				0.98333
705,		59.00,		59.00,		59.00,				1.00000,				0.98333
706,		59.00,		59.00,		59.00,				1.00000,				0.98333
707,		59.00,		59.00,		59.00,				1.00000,				0.98333
708,		59.00,		59.00,		59.00,				1.00000,				0.98333
709,		59.00,		59.00,		59.00,				1.00000,				0.98333
710,		59.00,		59.00,		59.00,				1.00000,				0.98333
711,		59.00,		59.00,		59.00,				1.00000,				0.98333
712,		59.00,		59.00,		59.00,				1.00000,				0.98333
713,		59.00,		59.00,		59.00,				1.00000,				0.98333
714,		59.00,		59.00,		59.00,				1.00000,				0.98333
715,		59.00,		59.00,		59.00,				1.00000,				0.98333
716,		59.00,		59.00,		59.00,				1.00000,				0.98333
717,		59.00,		59.00,		59.00,				1.00000,				0.98333
718,		59.00,		59.00,		59.00,				1.00000,				0.98333
719,		59.00,		59.00,		59.00,				1.00000,				0.98333
720,		59.00,		59.00,		59.00,				1.00000,				0.98333
721,		59.00,		59.00,		59.00,				1.00000,				0.98333
722,		59.00,		59.00,		59.00,				1.00000,				0.98333
723,		59.00,		59.00,		59.00,				1.00000,				0.98333
724,		59.00,		59.00,		59.00,				1.00000,				0.98333
725,		59.00,		59.00,		59.00,				1.00000,				0.98333
726,		59.00,		59.00,		59.00,				1.00000,				0.98333
727,		59.00,		59.00,		59.00,				1.00000,				0.98333
728,		59.00,		59.00,		59.00,				1.00000,				0.98333
729,		59.00,		59.00,		59.00,				1.00000,				0.98333
730,		59.00,		59.00,		59.00,				1.00000,				0.98333
731,		59.00,		59.00,		59.00,				1.00000,				0.98333
732,		59.00,		59.00,		59.00,				1.00000,				0.98333
733,		59.00,		59.00,		59.00,				1.00000,				0.98333
734,		59.00,		59.00,		59.00,				1.00000,				0.98333
735,		59.00,		59.00,		59.00,				1.00000,				0.98333
736,		59.00,		59.00,		59.00,				1.00000,				0.98333
737,		59.00,		59.00,		59.00,				1.00000,				0.98333
738,		59.00,		59.00,		59.00,				1.00000,				0.98333
739,		59.00,		59.00,		59.00,				1.00000,				0.98333
740,		59.00,		59.00,		59.00,				1.00000,				0.98333
741,		59.00,		59.00,		59.00,				1.00000,				0.98333
742,		59.00,		59.00,		59.00,				1.00000,				0.98333
743,		59.00,		59.00,		59.00,				1.00000,				0.98333
744,		59.00,		59.00,		59.00,				1.00000,				0.98333
745,		59.00,		59.00,		59.00,				1.00000,				0.98333
746,		59.00,		59.00,		59.00,				1.00000,				0.98333
747,		59.00,		59.00,		59.00,				1.00000,				0.98333
748,		59.00,		59.00,		59.00,				1.00000,				0.98333
749,		59.00,		59.00,		59.00,				1.00000,				0.98333
750,		59.00,		59.00,		59.00,				1.00000,				0.98333
751,		59.00,		59.00,		59.00,				1.00000,				0.98333
752,		59.00,		59.00,		59.00,				1.00000,				0.98333
753,		59.00,		59.00,		59.00,				1.00000,				0.98333
754,		59.00,		59.00,		59.00,				1.00000,				0.98333
755,		59.00,		59.00,		59.00,				1.00000,				0.98333
756,		59.00,		59.00,		59.00,				1.00000,				0.98333
757,		59.00,		59.00,		59.00,				1.00000,				0.98333
758,		59.00,		59.00,		59.00,				1.00000,				0.98333
759,		59.00,		59.00,		59.00,				1.00000,				0.98333
760,		59.00,		59.00,		59.00,				1.00000,				0.98333
761,		59.00,		59.00,		59.00,				1.00000,				0.98333
762,		59.00,		59.00,		59.00,				1.00000,				0.98333
763,		59.00,		59.00,		59.00,				1.00000,				0.98333
764,		59.00,		59.00,		59.00,				1.00000,				0.98333
765,		59.00,		59.00,		59.00,				1.00000,				0.98333
766,		59.00,		59.00,		59.00,				1.00000,				0.98333
767,		59.00,		59.00,		59.00,				1.00000,				0.98333
768,		59.00,		59.00,		59.00,				1.00000,				0.98333
769,		59.00,		59.00,		59.00,				1.00000,				0.98333
770,		59.00,		59.00,		59.00,				1.00000,				0.98333
771,		59.00,		59.00,		59.00,				1.00000,				0.98333
772,		59.00,		59.00,		59.00,				1.00000,				0.98333
773,		59.00,		59.00,		59.00,				1.00000,				0.98333
774,		59.00,		59.00,		59.00,				1.00000,				0.98333
775,		59.00,		59.00,		59.00,				1.00000,				0.98333
776,		59.00,		59.00,		59.00,				1.00000,				0.98333
777,		59.00,		59.00,		59.00,				1.00000,				0.98333
778,		59.00,		59.00,		59.00,				1.00000,				0.98333
779,		59.00,		59.00,		59.00,				1.00000,				0.98333
780,		59.00,		59.00,		59.00,				1.00000,				0.98333
781,		59.00,		59.00,		59.00,				1.00000,				0.98333
782,		59.00,		59.00,		59.00,				1.00000,				0.98333
783,		59.00,		59.00,		59.00,				1.00000,				0.98333
784,		59.00,		59.00,		59.00,				1.00000,				0.98333
785,		59.00,		59.00,		59.00,				1.00000,				0.98333
786,		59.00,		59.00,		59.00,				1.00000,				0.98333
787,		59.00,		59.00,		59.00,				1.00000,				0.98333
788,		59.00,		59.00,		59.00,				1.00000,				0.98333
789,		59.00,		59.00,		59.00,				1.00000,				0.98333
790,		59.00,		59.00,		59.00,				1.00000,				0.98333
791,		59.00,		59.00,		59.00,				1.00000,				0.98333
792,		59.00,		59.00,		59.00,				1.00000,				0.98333
793,		59.00,		59.00,		59.00,				1.00000,				0.98333
794,		59.00,		59.00,		59.00,				1.00000,				0.98333
795,		59.00,		59.00,		59.00,				1.00000,				0.98333
796,		59.00,		59.00,		59.00,				1.00000,				0.98333
797,		59.00,		59.00,		59.00,				1.00000,				0.98333
798,		59.00,		59.00,		59.00,				1.00000,				0.98333
799,		59.00,		59.00,		59.00,				1.00000,				0.98333
800,		59.00,		59.00,		59.00,				1.00000,				0.98333
801,		59.00,		59.00,		59.00,				1.00000,				0.98333
802,		59.00,		59.00,		59.00,				1.00000,				0.98333
803,		59.00,		59.00,		59.00,				1.00000,				0.98333
804,		59.00,		59.00,		59.00,				1.00000,				0.98333
805,		59.00,		59.00,		59.00,				1.00000,				0.98333
806,		59.00,		59.00,		59.00,				1.00000,				0.98333
807,		59.00,		59.00,		59.00,				1.00000,				0.98333
808,		59.00,		59.00,		59.00,				1.00000,				0.98333
809,		59.00,		59.00,		59.00,				1.00000,				0.98333
810,		59.00,		59.00,		59.00,				1.00000,				0.98333
811,		59.00,		59.00,		59.00,				1.00000,				0.98333
812,		59.00,		59.00,		59.00,				1.00000,				0.98333
813,		59.00,		59.00,		59.00,				1.00000,				0.98333
814,		59.00,		59.00,		59.00,				1.00000,				0.98333
815,		59.00,		59.00,		59.00,				1.00000,				0.98333
816,		59.00,		59.00,		59.00,				1.00000,				0.98333
817,		59.00,		59.00,		59.00,				1.00000,				0.98333
818,		59.00,		59.00,		59.00,				1.00000,				0.98333
819,		59.00,		59.00,		59.00,				1.00000,				0.98333
820,		59.00,		59.00,		59.00,				1.00000,				0.98333
821,		59.00,		59.00,		59.00,				1.00000,				0.98333
822,		59.00,		59.00,		59.00,				1.00000,				0.98333
823,		59.00,		59.00,		59.00,				1.00000,				0.98333
824,		59.00,		59.00,		59.00,				1.00000,				0.98333
825,		59.00,		59.00,		59.00,				1.00000,				0.98333
826,		59.00,		59.00,		59.00,				1.00000,				0.98333
827,		59.00,		59.00,		59.00,				1.00000,				0.98333
828,		59.00,		59.00,		59.00,				1.00000,				0.98333
829,		59.00,		59.00,		59.00,				1.00000,				0.98333
830,		59.00,		59.00,		59.00,				1.00000,				0.98333
831,		59.00,		59.00,		59.00,				1.00000,				0.98333
832,		59.00,		59.00,		59.00,				1.00000,				0.98333
833,		59.00,		59.00,		59.00,				1.00000,				0.98333
834,		59.00,		59.00,		59.00,				1.00000,				0.98333
835,		59.00,		59.00,		59.00,				1.00000,				0.98333
836,		59.00,		59.00,		59.00,				1.00000,				0.98333
837,		59.00,		59.00,		59.00,				1.00000,				0.98333
838,		59.00,		59.00,		59.00,				1.00000,				0.98333
839,		59.00,		59.00,		59.00,				1.00000,				0.98333
840,		59.00,		59.00,		59.00,				1.00000,				0.98333
841,		59.00,		59.00,		59.00,				1.00000,				0.98333
842,		59.00,		59.00,		59.00,				1.00000,				0.98333
843,		59.00,		59.00,		59.00,				1.00000,				0.98333
844,		59.00,		59.00,		59.00,				1.00000,				0.98333
845,		59.00,		59.00,		59.00,				1.00000,				0.98333
846,		59.00,		59.00,		59.00,				1.00000,				0.98333
847,		59.00,		59.00,		59.00,				1.00000,				0.98333
848,		59.00,		59.00,		59.00,				1.00000,				0.98333
849,		59.00,		59.00,		59.00,				1.00000,				0.98333
850,		59.00,		59.00,		59.00,				1.00000,				0.98333
851,		59.00,		59.00,		59.00,				1.00000,				0.98333
852,		59.00,		59.00,		59.00,				1.00000,				0.98333
853,		59.00,		59.00,		59.00,				1.00000,				0.98333
854,		59.00,		59.00,		59.00,				1.00000,				0.98333
855,		59.00,		59.00,		59.00,				1.00000,				0.98333
856,		59.00,		59.00,		59.00,				1.00000,				0.98333
857,		59.00,		59.00,		59.00,				1.00000,				0.98333
858,		59.00,		59.00,		59.00,				1.00000,				0.98333
859,		59.00,		59.00,		59.00,				1.00000,				0.98333
860,		59.00,		59.00,		59.00,				1.00000,				0.98333
861,		59.00,		59.00,		59.00,				1.00000,				0.98333
862,		59.00,		59.00,		59.00,				1.00000,				0.98333
863,		59.00,		59.00,		59.00,				1.00000,				0.98333
864,		59.00,		59.00,		59.00,				1.00000,				0.98333
865,		59.00,		59.00,		59.00,				1.00000,				0.98333
866,		59.00,		59.00,		59.00,				1.00000,				0.98333
867,		59.00,		59.00,		59.00,				1.00000,				0.98333
868,		59.00,		59.00,		59.00,				1.00000,				0.98333
869,		59.00,		59.00,		59.00,				1.00000,				0.98333
870,		59.00,		59.00,		59.00,				1.00000,				0.98333
871,		59.00,		59.00,		59.00,				1.00000,				0.98333
872,		59.00,		59.00,		59.00,				1.00000,				0.98333
873,		59.00,		59.00,		59.00,				1.00000,				0.98333
874,		59.00,		59.00,		59.00,				1.00000,				0.98333
875,		59.00,		59.00,		59.00,				1.00000,				0.98333
876,		59.00,		59.00,		59.00,				1.00000,				0.98333
877,		59.00,		59.00,		59.00,				1.00000,				0.98333
878,		59.00,		59.00,		59.00,				1.00000,				0.98333
879,		59.00,		59.00,		59.00,				1.00000,				0.98333
880,		59.00,		59.00,		59.00,				1.00000,				0.98333
881,		59.00,		59.00,		59.00,				1.00000,				0.98333
882,		59.00,		59.00,		59.00,				1.00000,				0.98333
883,		59.00,		59.00,		59.00,				1.00000,				0.98333
884,		59.00,		59.00,		59.00,				1.00000,				0.98333
885,		59.00,		59.00,		59.00,				1.00000,				0.98333
886,		59.00,		59.00,		59.00,				1.00000,				0.98333
887,		59.00,		59.00,		59.00,				1.00000,				0.98333
888,		59.00,		59.00,		59.00,				1.00000,				0.98333
889,		59.00,		59.00,		59.00,				1.00000,				0.98333
890,		59.00,		59.00,		59.00,				1.00000,				0.98333
891,		59.00,		59.00,		59.00,				1.00000,				0.98333
892,		59.00,		59.00,		59.00,				1.00000,				0.98333
893,		59.00,		59.00,		59.00,				1.00000,				0.98333
894,		59.00,		59.00,		59.00,				1.00000,				0.98333
895,		59.00,		59.00,		59.00,				1.00000,				0.98333
896,		59.00,		59.00,		59.00,				1.00000,				0.98333
897,		59.00,		59.00,		59.00,				1.00000,				0.98333
898,		59.00,		59.00,		59.00,				1.00000,				0.98333
899,		59.00,		59.00,		59.00,				1.00000,				0.98333
900,		59.00,		59.00,		59.00,				1.00000,				0.98333
901,		59.00,		59.00,		59.00,				1.00000,				0.98333
902,		59.00,		59.00,		59.00,				1.00000,				0.98333
903,		59.00,		59.00,		59.00,				1.00000,				0.98333
904,		59.00,		59.00,		59.00,				1.00000,				0.98333
905,		59.00,		59.00,		59.00,				1.00000,				0.98333
906,		59.00,		59.00,		59.00,				1.00000,				0.98333
907,		59.00,		59.00,		59.00,				1.00000,				0.98333
908,		59.00,		59.00,		59.00,				1.00000,				0.98333
909,		59.00,		59.00,		59.00,				1.00000,				0.98333
910,		59.00,		59.00,		59.00,				1.00000,				0.98333
911,		59.00,		59.00,		59.00,				1.00000,				0.98333
912,		59.00,		59.00,		59.00,				1.00000,				0.98333
913,		59.00,		59.00,		59.00,				1.00000,				0.98333
914,		59.00,		59.00,		59.00,				1.00000,				0.98333
915,		59.00,		59.00,		59.00,				1.00000,				0.98333
916,		59.00,		59.00,		59.00,				1.00000,				0.98333
917,		59.00,		59.00,		59.00,				1.00000,				0.98333
918,		59.00,		59.00,		59.00,				1.00000,				0.98333
919,		59.00,		59.00,		59.00,				1.00000,				0.98333
920,		59.00,		59.00,		59.00,				1.00000,				0.98333
921,		59.00,		59.00,		59.00,				1.00000,				0.98333
922,		59.00,		59.00,		59.00,				1.00000,				0.98333
923,		59.00,		59.00,		59.00,				1.00000,				0.98333
924,		59.00,		59.00,		59.00,				1.00000,				0.98333
925,		59.00,		59.00,		59.00,				1.00000,				0.98333
926,		59.00,		59.00,		59.00,				1.00000,				0.98333
927,		59.00,		59.00,		59.00,				1.00000,				0.98333
928,		59.00,		59.00,		59.00,				1.00000,				0.98333
929,		59.00,		59.00,		59.00,				1.00000,				0.98333
930,		59.00,		59.00,		59.00,				1.00000,				0.98333
931,		59.00,		59.00,		59.00,				1.00000,				0.98333
932,		59.00,		59.00,		59.00,				1.00000,				0.98333
933,		59.00,		59.00,		59.00,				1.00000,				0.98333
934,		59.00,		59.00,		59.00,				1.00000,				0.98333
935,		59.00,		59.00,		59.00,				1.00000,				0.98333
936,		59.00,		59.00,		59.00,				1.00000,				0.98333
937,		59.00,		59.00,		59.00,				1.00000,				0.98333
938,		59.00,		59.00,		59.00,				1.00000,				0.98333
939,		59.00,		59.00,		59.00,				1.00000,				0.98333
940,		59.00,		59.00,		59.00,				1.00000,				0.98333
941,		59.00,		59.00,		59.00,				1.00000,				0.98333
942,		59.00,		59.00,		59.00,				1.00000,				0.98333
943,		59.00,		59.00,		59.00,				1.00000,				0.98333
944,		59.00,		59.00,		59.00,				1.00000,				0.98333
945,		59.00,		59.00,		59.00,				1.00000,				0.98333
946,		59.00,		59.00,		59.00,				1.00000,				0.98333
947,		59.00,		59.00,		59.00,				1.00000,				0.98333
948,		59.00,		59.00,		59.00,				1.00000,				0.98333
949,		59.00,		59.00,		59.00,				1.00000,				0.98333
950,		59.00,		59.00,		59.00,				1.00000,				0.98333
951,		59.00,		59.00,		59.00,				1.00000,				0.98333
952,		59.00,		59.00,		59.00,				1.00000,				0.98333
953,		59.00,		59.00,		59.00,				1.00000,				0.98333
954,		59.00,		59.00,		59.00,				1.00000,				0.98333
955,		59.00,		59.00,		59.00,				1.00000,				0.98333
956,		59.00,		59.00,		59.00,				1.00000,				0.98333
957,		59.00,		59.00,		59.00,				1.00000,				0.98333
958,		59.00,		59.00,		59.00,				1.00000,				0.98333
959,		59.00,		59.00,		59.00,				1.00000,				0.98333
960,		59.00,		59.00,		59.00,				1.00000,				0.98333
961,		59.00,		59.00,		60.00,				1.01691,				1.00000
962,		59.00,		59.28,		60.00,				1.01221,				1.00000
963,		59.00,		59.46,		60.00,				1.00901,				1.00000
964,		60.00,		60.00,		60.00,				1.00000,				1.00000
965,		60.00,		60.00,		60.00,				1.00000,				1.00000
966,		60.00,		60.00,		60.00,				1.00000,				1.00000
967,		60.00,		60.00,		60.00,				1.00000,				1.00000
968,		60.00,		60.00,		60.00,				1.00000,				1.00000
969,		60.00,		60.00,		60.00,				1.00000,				1.00000
970,		60.00,		60.00,		60.00,				1.00000,				1.00000
971,		60.00,		60.00,		60.00,				1.00000,				1.00000
972,		60.00,		60.00,		60.00,				1.00000,				1.00000
973,		60.00,		60.00,		60.00,				1.00000,				1.00000
974,		60.00,		60.00,		60.00,				1.00000,				1.00000
975,		60.00,		60.00,		60.00,				1.00000,				1.00000
976,		60.00,		60.00,		60.00,				1.00000,				1.00000
977,		60.00,		60.00,		60.00,				1.00000,				1.00000
978,		60.00,		60.00,		60.00,				1.00000,				1.00000
979,		60.00,		60.00,		60.00,				1.00000,				1.00000
980,		60.00,		60.00,		60.00,				1.00000,				1.00000
981,		60.00,		60.00,		60.00,				1.00000,				1.00000
982,		60.00,		60.00,		60.00,				1.00000,				1.00000
983,		60.00,		60.00,		60.00,				1.00000,				1.00000
984,		60.00,		60.00,		60.00,				1.00000,				1.00000
985,		60.00,		60.00,		60.00,				1.00000,				1.00000
986,		60.00,		60.00,		60.00,				1.00000,				1.00000
987,		60.00,		60.00,		60.00,				1.00000,				1.00000
988,		60.00,		60.00,		60.00,				1.00000,				1.00000
989,		60.00,		60.00,		60.00,				1.00000,				1.00000
990,		60.00,		60.00,		60.00,				1.00000,				1.00000
991,		60.00,		60.00,		60.00,				1.00000,				1.00000
992,		60.00,		60.00,		60.00,				1.00000,				1.00000
993,		60.00,		60.00,		60.00,				1.00000,				1.00000
994,		60.00,		60.00,		60.00,				1.00000,				1.00000
995,		60.00,		60.00,		60.00,				1.00000,				1.00000
996,		60.00,		60.00,		60.00,				1.00000,				1.00000
997,		60.00,		60.00,		60.00,				1.00000,				1.00000
998,		60.00,		60.00,		60.00,				1.00000,				1.00000
999,		60.00,		60.00,		60.00,				1.00000,				1.00000
