RANDOM_SEED, 1698993285
GEN,		MIN,				AVE,				MAX,			CONV,					CONV_ACT,
  0,		10.00,		31.91,		51.00,				1.59835,				0.85000
  1,		34.00,		38.65,		53.00,				1.37135,				0.88333
  2,		40.00,		45.60,		56.00,				1.22807,				0.93333
  3,		49.00,		53.15,		57.00,				1.07236,				0.95000
  4,		53.00,		55.33,		57.00,				1.03011,				0.95000
  5,		56.00,		56.64,		57.00,				1.00636,				0.95000
  6,		57.00,		57.00,		57.00,				1.00000,				0.95000
  7,		57.00,		57.00,		57.00,				1.00000,				0.95000
  8,		57.00,		57.00,		58.00,				1.01751,				0.96667
  9,		57.00,		57.47,		58.00,				1.00915,				0.96667
 10,		58.00,		58.00,		58.00,				1.00000,				0.96667
 11,		58.00,		58.00,		58.00,				1.00000,				0.96667
 12,		58.00,		58.00,		58.00,				1.00000,				0.96667
 13,		58.00,		58.00,		58.00,				1.00000,				0.96667
 14,		58.00,		58.00,		58.00,				1.00000,				0.96667
 15,		58.00,		58.00,		58.00,				1.00000,				0.96667
 16,		58.00,		58.00,		58.00,				1.00000,				0.96667
 17,		58.00,		58.00,		58.00,				1.00000,				0.96667
 18,		58.00,		58.00,		58.00,				1.00000,				0.96667
 19,		58.00,		58.00,		58.00,				1.00000,				0.96667
 20,		58.00,		58.00,		58.00,				1.00000,				0.96667
 21,		58.00,		58.00,		58.00,				1.00000,				0.96667
 22,		58.00,		58.00,		58.00,				1.00000,				0.96667
 23,		58.00,		58.00,		58.00,				1.00000,				0.96667
 24,		58.00,		58.00,		58.00,				1.00000,				0.96667
 25,		58.00,		58.00,		58.00,				1.00000,				0.96667
 26,		58.00,		58.00,		58.00,				1.00000,				0.96667
 27,		58.00,		58.00,		58.00,				1.00000,				0.96667
 28,		58.00,		58.00,		58.00,				1.00000,				0.96667
 29,		58.00,		58.00,		58.00,				1.00000,				0.96667
 30,		58.00,		58.00,		58.00,				1.00000,				0.96667
 31,		58.00,		58.00,		58.00,				1.00000,				0.96667
 32,		58.00,		58.00,		58.00,				1.00000,				0.96667
 33,		58.00,		58.00,		58.00,				1.00000,				0.96667
 34,		58.00,		58.00,		58.00,				1.00000,				0.96667
 35,		58.00,		58.00,		58.00,				1.00000,				0.96667
 36,		58.00,		58.00,		58.00,				1.00000,				0.96667
 37,		58.00,		58.00,		58.00,				1.00000,				0.96667
 38,		58.00,		58.00,		58.00,				1.00000,				0.96667
 39,		58.00,		58.00,		58.00,				1.00000,				0.96667
 40,		58.00,		58.00,		58.00,				1.00000,				0.96667
 41,		58.00,		58.00,		58.00,				1.00000,				0.96667
 42,		58.00,		58.00,		58.00,				1.00000,				0.96667
 43,		58.00,		58.00,		58.00,				1.00000,				0.96667
 44,		58.00,		58.00,		58.00,				1.00000,				0.96667
 45,		58.00,		58.00,		58.00,				1.00000,				0.96667
 46,		58.00,		58.00,		58.00,				1.00000,				0.96667
 47,		58.00,		58.00,		58.00,				1.00000,				0.96667
 48,		58.00,		58.00,		58.00,				1.00000,				0.96667
 49,		58.00,		58.00,		58.00,				1.00000,				0.96667
 50,		58.00,		58.00,		58.00,				1.00000,				0.96667
 51,		58.00,		58.00,		58.00,				1.00000,				0.96667
 52,		58.00,		58.00,		58.00,				1.00000,				0.96667
 53,		58.00,		58.00,		58.00,				1.00000,				0.96667
 54,		58.00,		58.00,		58.00,				1.00000,				0.96667
 55,		58.00,		58.00,		58.00,				1.00000,				0.96667
 56,		58.00,		58.00,		58.00,				1.00000,				0.96667
 57,		58.00,		58.00,		58.00,				1.00000,				0.96667
 58,		58.00,		58.00,		58.00,				1.00000,				0.96667
 59,		58.00,		58.00,		58.00,				1.00000,				0.96667
 60,		58.00,		58.00,		58.00,				1.00000,				0.96667
 61,		58.00,		58.00,		58.00,				1.00000,				0.96667
 62,		58.00,		58.00,		58.00,				1.00000,				0.96667
 63,		58.00,		58.00,		58.00,				1.00000,				0.96667
 64,		58.00,		58.00,		58.00,				1.00000,				0.96667
 65,		58.00,		58.00,		58.00,				1.00000,				0.96667
 66,		58.00,		58.00,		58.00,				1.00000,				0.96667
 67,		58.00,		58.00,		58.00,				1.00000,				0.96667
 68,		58.00,		58.00,		58.00,				1.00000,				0.96667
 69,		58.00,		58.00,		58.00,				1.00000,				0.96667
 70,		58.00,		58.00,		58.00,				1.00000,				0.96667
 71,		58.00,		58.00,		58.00,				1.00000,				0.96667
 72,		58.00,		58.00,		58.00,				1.00000,				0.96667
 73,		58.00,		58.00,		58.00,				1.00000,				0.96667
 74,		58.00,		58.00,		58.00,				1.00000,				0.96667
 75,		58.00,		58.00,		58.00,				1.00000,				0.96667
 76,		58.00,		58.00,		58.00,				1.00000,				0.96667
 77,		58.00,		58.00,		58.00,				1.00000,				0.96667
 78,		58.00,		58.00,		58.00,				1.00000,				0.96667
 79,		58.00,		58.00,		58.00,				1.00000,				0.96667
 80,		58.00,		58.00,		58.00,				1.00000,				0.96667
 81,		58.00,		58.00,		58.00,				1.00000,				0.96667
 82,		58.00,		58.00,		58.00,				1.00000,				0.96667
 83,		58.00,		58.00,		58.00,				1.00000,				0.96667
 84,		58.00,		58.00,		58.00,				1.00000,				0.96667
 85,		58.00,		58.00,		58.00,				1.00000,				0.96667
 86,		58.00,		58.00,		58.00,				1.00000,				0.96667
 87,		58.00,		58.00,		58.00,				1.00000,				0.96667
 88,		58.00,		58.00,		58.00,				1.00000,				0.96667
 89,		58.00,		58.00,		58.00,				1.00000,				0.96667
 90,		58.00,		58.00,		58.00,				1.00000,				0.96667
 91,		58.00,		58.00,		58.00,				1.00000,				0.96667
 92,		58.00,		58.00,		58.00,				1.00000,				0.96667
 93,		58.00,		58.00,		58.00,				1.00000,				0.96667
 94,		58.00,		58.00,		58.00,				1.00000,				0.96667
 95,		58.00,		58.00,		58.00,				1.00000,				0.96667
 96,		58.00,		58.00,		58.00,				1.00000,				0.96667
 97,		58.00,		58.00,		58.00,				1.00000,				0.96667
 98,		58.00,		58.00,		58.00,				1.00000,				0.96667
 99,		58.00,		58.00,		58.00,				1.00000,				0.96667
100,		58.00,		58.00,		58.00,				1.00000,				0.96667
101,		58.00,		58.00,		58.00,				1.00000,				0.96667
102,		58.00,		58.00,		58.00,				1.00000,				0.96667
103,		58.00,		58.00,		58.00,				1.00000,				0.96667
104,		58.00,		58.00,		58.00,				1.00000,				0.96667
105,		58.00,		58.00,		58.00,				1.00000,				0.96667
106,		58.00,		58.00,		58.00,				1.00000,				0.96667
107,		58.00,		58.00,		58.00,				1.00000,				0.96667
108,		58.00,		58.00,		58.00,				1.00000,				0.96667
109,		58.00,		58.00,		58.00,				1.00000,				0.96667
110,		58.00,		58.00,		58.00,				1.00000,				0.96667
111,		58.00,		58.00,		58.00,				1.00000,				0.96667
112,		58.00,		58.00,		58.00,				1.00000,				0.96667
113,		58.00,		58.00,		58.00,				1.00000,				0.96667
114,		58.00,		58.00,		58.00,				1.00000,				0.96667
115,		58.00,		58.00,		58.00,				1.00000,				0.96667
116,		58.00,		58.00,		58.00,				1.00000,				0.96667
117,		58.00,		58.00,		58.00,				1.00000,				0.96667
118,		58.00,		58.00,		58.00,				1.00000,				0.96667
119,		58.00,		58.00,		58.00,				1.00000,				0.96667
120,		58.00,		58.00,		58.00,				1.00000,				0.96667
121,		58.00,		58.00,		58.00,				1.00000,				0.96667
122,		58.00,		58.00,		58.00,				1.00000,				0.96667
123,		58.00,		58.00,		58.00,				1.00000,				0.96667
124,		58.00,		58.00,		58.00,				1.00000,				0.96667
125,		58.00,		58.00,		58.00,				1.00000,				0.96667
126,		58.00,		58.00,		58.00,				1.00000,				0.96667
127,		58.00,		58.00,		58.00,				1.00000,				0.96667
128,		58.00,		58.00,		58.00,				1.00000,				0.96667
129,		58.00,		58.00,		58.00,				1.00000,				0.96667
130,		58.00,		58.00,		58.00,				1.00000,				0.96667
131,		58.00,		58.00,		58.00,				1.00000,				0.96667
132,		58.00,		58.00,		58.00,				1.00000,				0.96667
133,		58.00,		58.00,		58.00,				1.00000,				0.96667
134,		58.00,		58.00,		58.00,				1.00000,				0.96667
135,		58.00,		58.00,		58.00,				1.00000,				0.96667
136,		58.00,		58.00,		58.00,				1.00000,				0.96667
137,		58.00,		58.00,		58.00,				1.00000,				0.96667
138,		58.00,		58.00,		58.00,				1.00000,				0.96667
139,		58.00,		58.00,		58.00,				1.00000,				0.96667
140,		58.00,		58.00,		58.00,				1.00000,				0.96667
141,		58.00,		58.00,		58.00,				1.00000,				0.96667
142,		58.00,		58.00,		58.00,				1.00000,				0.96667
143,		58.00,		58.00,		58.00,				1.00000,				0.96667
144,		58.00,		58.00,		58.00,				1.00000,				0.96667
145,		58.00,		58.00,		58.00,				1.00000,				0.96667
146,		58.00,		58.00,		58.00,				1.00000,				0.96667
147,		58.00,		58.00,		58.00,				1.00000,				0.96667
148,		58.00,		58.00,		58.00,				1.00000,				0.96667
149,		58.00,		58.00,		58.00,				1.00000,				0.96667
150,		58.00,		58.00,		58.00,				1.00000,				0.96667
151,		58.00,		58.00,		58.00,				1.00000,				0.96667
152,		58.00,		58.00,		58.00,				1.00000,				0.96667
153,		58.00,		58.00,		58.00,				1.00000,				0.96667
154,		58.00,		58.00,		58.00,				1.00000,				0.96667
155,		58.00,		58.00,		58.00,				1.00000,				0.96667
156,		58.00,		58.00,		58.00,				1.00000,				0.96667
157,		58.00,		58.00,		58.00,				1.00000,				0.96667
158,		58.00,		58.00,		58.00,				1.00000,				0.96667
159,		58.00,		58.00,		58.00,				1.00000,				0.96667
160,		58.00,		58.00,		58.00,				1.00000,				0.96667
161,		58.00,		58.00,		58.00,				1.00000,				0.96667
162,		58.00,		58.00,		58.00,				1.00000,				0.96667
163,		58.00,		58.00,		58.00,				1.00000,				0.96667
164,		58.00,		58.00,		58.00,				1.00000,				0.96667
165,		58.00,		58.00,		58.00,				1.00000,				0.96667
166,		58.00,		58.00,		58.00,				1.00000,				0.96667
167,		58.00,		58.00,		58.00,				1.00000,				0.96667
168,		58.00,		58.00,		58.00,				1.00000,				0.96667
169,		58.00,		58.00,		58.00,				1.00000,				0.96667
170,		58.00,		58.00,		58.00,				1.00000,				0.96667
171,		58.00,		58.00,		58.00,				1.00000,				0.96667
172,		58.00,		58.00,		58.00,				1.00000,				0.96667
173,		58.00,		58.00,		58.00,				1.00000,				0.96667
174,		58.00,		58.00,		58.00,				1.00000,				0.96667
175,		58.00,		58.00,		58.00,				1.00000,				0.96667
176,		58.00,		58.00,		58.00,				1.00000,				0.96667
177,		58.00,		58.00,		58.00,				1.00000,				0.96667
178,		58.00,		58.00,		58.00,				1.00000,				0.96667
179,		58.00,		58.00,		58.00,				1.00000,				0.96667
180,		58.00,		58.00,		58.00,				1.00000,				0.96667
181,		58.00,		58.00,		58.00,				1.00000,				0.96667
182,		58.00,		58.00,		58.00,				1.00000,				0.96667
183,		58.00,		58.00,		58.00,				1.00000,				0.96667
184,		58.00,		58.00,		58.00,				1.00000,				0.96667
185,		58.00,		58.00,		58.00,				1.00000,				0.96667
186,		58.00,		58.00,		58.00,				1.00000,				0.96667
187,		58.00,		58.00,		58.00,				1.00000,				0.96667
188,		58.00,		58.00,		58.00,				1.00000,				0.96667
189,		58.00,		58.00,		58.00,				1.00000,				0.96667
190,		58.00,		58.00,		58.00,				1.00000,				0.96667
191,		58.00,		58.00,		58.00,				1.00000,				0.96667
192,		58.00,		58.00,		58.00,				1.00000,				0.96667
193,		58.00,		58.00,		58.00,				1.00000,				0.96667
194,		58.00,		58.00,		58.00,				1.00000,				0.96667
195,		58.00,		58.00,		58.00,				1.00000,				0.96667
196,		58.00,		58.00,		58.00,				1.00000,				0.96667
197,		58.00,		58.00,		58.00,				1.00000,				0.96667
198,		58.00,		58.00,		58.00,				1.00000,				0.96667
199,		58.00,		58.00,		58.00,				1.00000,				0.96667
200,		58.00,		58.00,		58.00,				1.00000,				0.96667
201,		58.00,		58.00,		58.00,				1.00000,				0.96667
202,		58.00,		58.00,		58.00,				1.00000,				0.96667
203,		58.00,		58.00,		58.00,				1.00000,				0.96667
204,		58.00,		58.00,		58.00,				1.00000,				0.96667
205,		58.00,		58.00,		58.00,				1.00000,				0.96667
206,		58.00,		58.00,		58.00,				1.00000,				0.96667
207,		58.00,		58.00,		58.00,				1.00000,				0.96667
208,		58.00,		58.00,		58.00,				1.00000,				0.96667
209,		58.00,		58.00,		58.00,				1.00000,				0.96667
210,		58.00,		58.00,		58.00,				1.00000,				0.96667
211,		58.00,		58.00,		58.00,				1.00000,				0.96667
212,		58.00,		58.00,		58.00,				1.00000,				0.96667
213,		58.00,		58.00,		58.00,				1.00000,				0.96667
214,		58.00,		58.00,		58.00,				1.00000,				0.96667
215,		58.00,		58.00,		58.00,				1.00000,				0.96667
216,		58.00,		58.00,		58.00,				1.00000,				0.96667
217,		58.00,		58.00,		58.00,				1.00000,				0.96667
218,		58.00,		58.00,		58.00,				1.00000,				0.96667
219,		58.00,		58.00,		58.00,				1.00000,				0.96667
220,		58.00,		58.00,		58.00,				1.00000,				0.96667
221,		58.00,		58.00,		58.00,				1.00000,				0.96667
222,		58.00,		58.00,		58.00,				1.00000,				0.96667
223,		58.00,		58.00,		58.00,				1.00000,				0.96667
224,		58.00,		58.00,		58.00,				1.00000,				0.96667
225,		58.00,		58.00,		58.00,				1.00000,				0.96667
226,		58.00,		58.00,		58.00,				1.00000,				0.96667
227,		58.00,		58.00,		58.00,				1.00000,				0.96667
228,		58.00,		58.00,		58.00,				1.00000,				0.96667
229,		58.00,		58.00,		58.00,				1.00000,				0.96667
230,		58.00,		58.00,		58.00,				1.00000,				0.96667
231,		58.00,		58.00,		58.00,				1.00000,				0.96667
232,		58.00,		58.00,		58.00,				1.00000,				0.96667
233,		58.00,		58.00,		58.00,				1.00000,				0.96667
234,		58.00,		58.00,		58.00,				1.00000,				0.96667
235,		58.00,		58.00,		58.00,				1.00000,				0.96667
236,		58.00,		58.00,		58.00,				1.00000,				0.96667
237,		58.00,		58.00,		58.00,				1.00000,				0.96667
238,		58.00,		58.00,		58.00,				1.00000,				0.96667
239,		58.00,		58.00,		58.00,				1.00000,				0.96667
240,		58.00,		58.00,		58.00,				1.00000,				0.96667
241,		58.00,		58.00,		58.00,				1.00000,				0.96667
242,		58.00,		58.00,		58.00,				1.00000,				0.96667
243,		58.00,		58.00,		58.00,				1.00000,				0.96667
244,		58.00,		58.00,		58.00,				1.00000,				0.96667
245,		58.00,		58.00,		58.00,				1.00000,				0.96667
246,		58.00,		58.00,		58.00,				1.00000,				0.96667
247,		58.00,		58.00,		58.00,				1.00000,				0.96667
248,		58.00,		58.00,		58.00,				1.00000,				0.96667
249,		58.00,		58.00,		58.00,				1.00000,				0.96667
250,		58.00,		58.00,		58.00,				1.00000,				0.96667
251,		58.00,		58.00,		58.00,				1.00000,				0.96667
252,		58.00,		58.00,		58.00,				1.00000,				0.96667
253,		58.00,		58.00,		58.00,				1.00000,				0.96667
254,		58.00,		58.00,		58.00,				1.00000,				0.96667
255,		58.00,		58.00,		58.00,				1.00000,				0.96667
256,		58.00,		58.00,		58.00,				1.00000,				0.96667
257,		58.00,		58.00,		58.00,				1.00000,				0.96667
258,		58.00,		58.00,		58.00,				1.00000,				0.96667
259,		58.00,		58.00,		58.00,				1.00000,				0.96667
260,		58.00,		58.00,		58.00,				1.00000,				0.96667
261,		58.00,		58.00,		58.00,				1.00000,				0.96667
262,		58.00,		58.00,		58.00,				1.00000,				0.96667
263,		58.00,		58.00,		58.00,				1.00000,				0.96667
264,		58.00,		58.00,		58.00,				1.00000,				0.96667
265,		58.00,		58.00,		58.00,				1.00000,				0.96667
266,		58.00,		58.00,		58.00,				1.00000,				0.96667
267,		58.00,		58.00,		58.00,				1.00000,				0.96667
268,		58.00,		58.00,		58.00,				1.00000,				0.96667
269,		58.00,		58.00,		58.00,				1.00000,				0.96667
270,		58.00,		58.00,		58.00,				1.00000,				0.96667
271,		58.00,		58.00,		58.00,				1.00000,				0.96667
272,		58.00,		58.00,		58.00,				1.00000,				0.96667
273,		58.00,		58.00,		58.00,				1.00000,				0.96667
274,		58.00,		58.00,		58.00,				1.00000,				0.96667
275,		58.00,		58.00,		58.00,				1.00000,				0.96667
276,		58.00,		58.00,		58.00,				1.00000,				0.96667
277,		58.00,		58.00,		58.00,				1.00000,				0.96667
278,		58.00,		58.00,		58.00,				1.00000,				0.96667
279,		58.00,		58.00,		58.00,				1.00000,				0.96667
280,		58.00,		58.00,		58.00,				1.00000,				0.96667
281,		58.00,		58.00,		58.00,				1.00000,				0.96667
282,		58.00,		58.00,		58.00,				1.00000,				0.96667
283,		58.00,		58.00,		58.00,				1.00000,				0.96667
284,		58.00,		58.00,		58.00,				1.00000,				0.96667
285,		58.00,		58.00,		58.00,				1.00000,				0.96667
286,		58.00,		58.00,		58.00,				1.00000,				0.96667
287,		58.00,		58.00,		58.00,				1.00000,				0.96667
288,		58.00,		58.00,		58.00,				1.00000,				0.96667
289,		58.00,		58.00,		58.00,				1.00000,				0.96667
290,		58.00,		58.00,		58.00,				1.00000,				0.96667
291,		58.00,		58.00,		58.00,				1.00000,				0.96667
292,		58.00,		58.00,		58.00,				1.00000,				0.96667
293,		58.00,		58.00,		58.00,				1.00000,				0.96667
294,		58.00,		58.00,		58.00,				1.00000,				0.96667
295,		58.00,		58.00,		58.00,				1.00000,				0.96667
296,		58.00,		58.00,		58.00,				1.00000,				0.96667
297,		58.00,		58.00,		58.00,				1.00000,				0.96667
298,		58.00,		58.00,		58.00,				1.00000,				0.96667
299,		58.00,		58.00,		58.00,				1.00000,				0.96667
300,		58.00,		58.00,		58.00,				1.00000,				0.96667
301,		58.00,		58.00,		58.00,				1.00000,				0.96667
302,		58.00,		58.00,		58.00,				1.00000,				0.96667
303,		58.00,		58.00,		58.00,				1.00000,				0.96667
304,		58.00,		58.00,		58.00,				1.00000,				0.96667
305,		58.00,		58.00,		58.00,				1.00000,				0.96667
306,		58.00,		58.00,		58.00,				1.00000,				0.96667
307,		58.00,		58.00,		58.00,				1.00000,				0.96667
308,		58.00,		58.00,		58.00,				1.00000,				0.96667
309,		58.00,		58.00,		58.00,				1.00000,				0.96667
310,		58.00,		58.00,		58.00,				1.00000,				0.96667
311,		58.00,		58.00,		58.00,				1.00000,				0.96667
312,		58.00,		58.00,		58.00,				1.00000,				0.96667
313,		58.00,		58.00,		58.00,				1.00000,				0.96667
314,		58.00,		58.00,		58.00,				1.00000,				0.96667
315,		58.00,		58.00,		59.00,				1.01721,				0.98333
316,		58.00,		58.03,		59.00,				1.01665,				0.98333
317,		58.00,		58.38,		59.00,				1.01055,				0.98333
318,		59.00,		59.00,		59.00,				1.00000,				0.98333
319,		59.00,		59.00,		59.00,				1.00000,				0.98333
320,		59.00,		59.00,		59.00,				1.00000,				0.98333
321,		59.00,		59.00,		59.00,				1.00000,				0.98333
322,		59.00,		59.00,		59.00,				1.00000,				0.98333
323,		59.00,		59.00,		59.00,				1.00000,				0.98333
324,		59.00,		59.00,		59.00,				1.00000,				0.98333
325,		59.00,		59.00,		59.00,				1.00000,				0.98333
326,		59.00,		59.00,		59.00,				1.00000,				0.98333
327,		59.00,		59.00,		59.00,				1.00000,				0.98333
328,		59.00,		59.00,		59.00,				1.00000,				0.98333
329,		59.00,		59.00,		59.00,				1.00000,				0.98333
330,		59.00,		59.00,		59.00,				1.00000,				0.98333
331,		59.00,		59.00,		59.00,				1.00000,				0.98333
332,		59.00,		59.00,		59.00,				1.00000,				0.98333
333,		59.00,		59.00,		59.00,				1.00000,				0.98333
334,		59.00,		59.00,		59.00,				1.00000,				0.98333
335,		59.00,		59.00,		59.00,				1.00000,				0.98333
336,		59.00,		59.00,		59.00,				1.00000,				0.98333
337,		59.00,		59.00,		59.00,				1.00000,				0.98333
338,		59.00,		59.00,		59.00,				1.00000,				0.98333
339,		59.00,		59.00,		59.00,				1.00000,				0.98333
340,		59.00,		59.00,		59.00,				1.00000,				0.98333
341,		59.00,		59.00,		59.00,				1.00000,				0.98333
342,		59.00,		59.00,		59.00,				1.00000,				0.98333
343,		59.00,		59.00,		59.00,				1.00000,				0.98333
344,		59.00,		59.00,		59.00,				1.00000,				0.98333
345,		59.00,		59.00,		59.00,				1.00000,				0.98333
346,		59.00,		59.00,		59.00,				1.00000,				0.98333
347,		59.00,		59.00,		59.00,				1.00000,				0.98333
348,		59.00,		59.00,		59.00,				1.00000,				0.98333
349,		59.00,		59.00,		59.00,				1.00000,				0.98333
350,		59.00,		59.00,		59.00,				1.00000,				0.98333
351,		59.00,		59.00,		59.00,				1.00000,				0.98333
352,		59.00,		59.00,		59.00,				1.00000,				0.98333
353,		59.00,		59.00,		59.00,				1.00000,				0.98333
354,		59.00,		59.00,		59.00,				1.00000,				0.98333
355,		59.00,		59.00,		59.00,				1.00000,				0.98333
356,		59.00,		59.00,		59.00,				1.00000,				0.98333
357,		59.00,		59.00,		59.00,				1.00000,				0.98333
358,		59.00,		59.00,		59.00,				1.00000,				0.98333
359,		59.00,		59.00,		59.00,				1.00000,				0.98333
360,		59.00,		59.00,		59.00,				1.00000,				0.98333
361,		59.00,		59.00,		59.00,				1.00000,				0.98333
362,		59.00,		59.00,		59.00,				1.00000,				0.98333
363,		59.00,		59.00,		59.00,				1.00000,				0.98333
364,		59.00,		59.00,		59.00,				1.00000,				0.98333
365,		59.00,		59.00,		59.00,				1.00000,				0.98333
366,		59.00,		59.00,		59.00,				1.00000,				0.98333
367,		59.00,		59.00,		59.00,				1.00000,				0.98333
368,		59.00,		59.00,		59.00,				1.00000,				0.98333
369,		59.00,		59.00,		59.00,				1.00000,				0.98333
370,		59.00,		59.00,		59.00,				1.00000,				0.98333
371,		59.00,		59.00,		59.00,				1.00000,				0.98333
372,		59.00,		59.00,		59.00,				1.00000,				0.98333
373,		59.00,		59.00,		59.00,				1.00000,				0.98333
374,		59.00,		59.00,		59.00,				1.00000,				0.98333
375,		59.00,		59.00,		59.00,				1.00000,				0.98333
376,		59.00,		59.00,		59.00,				1.00000,				0.98333
377,		59.00,		59.00,		59.00,				1.00000,				0.98333
378,		59.00,		59.00,		59.00,				1.00000,				0.98333
379,		59.00,		59.00,		59.00,				1.00000,				0.98333
380,		59.00,		59.00,		59.00,				1.00000,				0.98333
381,		59.00,		59.00,		59.00,				1.00000,				0.98333
382,		59.00,		59.00,		59.00,				1.00000,				0.98333
383,		59.00,		59.00,		59.00,				1.00000,				0.98333
384,		59.00,		59.00,		59.00,				1.00000,				0.98333
385,		59.00,		59.00,		59.00,				1.00000,				0.98333
386,		59.00,		59.00,		59.00,				1.00000,				0.98333
387,		59.00,		59.00,		59.00,				1.00000,				0.98333
388,		59.00,		59.00,		59.00,				1.00000,				0.98333
389,		59.00,		59.00,		60.00,				1.01691,				1.00000
390,		59.00,		59.16,		60.00,				1.01420,				1.00000
391,		59.00,		59.57,		60.00,				1.00725,				1.00000
392,		60.00,		60.00,		60.00,				1.00000,				1.00000
393,		60.00,		60.00,		60.00,				1.00000,				1.00000
394,		60.00,		60.00,		60.00,				1.00000,				1.00000
395,		60.00,		60.00,		60.00,				1.00000,				1.00000
396,		60.00,		60.00,		60.00,				1.00000,				1.00000
397,		60.00,		60.00,		60.00,				1.00000,				1.00000
398,		60.00,		60.00,		60.00,				1.00000,				1.00000
399,		60.00,		60.00,		60.00,				1.00000,				1.00000
400,		60.00,		60.00,		60.00,				1.00000,				1.00000
401,		60.00,		60.00,		60.00,				1.00000,				1.00000
402,		60.00,		60.00,		60.00,				1.00000,				1.00000
403,		60.00,		60.00,		60.00,				1.00000,				1.00000
404,		60.00,		60.00,		60.00,				1.00000,				1.00000
405,		60.00,		60.00,		60.00,				1.00000,				1.00000
406,		60.00,		60.00,		60.00,				1.00000,				1.00000
407,		60.00,		60.00,		60.00,				1.00000,				1.00000
408,		60.00,		60.00,		60.00,				1.00000,				1.00000
409,		60.00,		60.00,		60.00,				1.00000,				1.00000
410,		60.00,		60.00,		60.00,				1.00000,				1.00000
411,		60.00,		60.00,		60.00,				1.00000,				1.00000
412,		60.00,		60.00,		60.00,				1.00000,				1.00000
413,		60.00,		60.00,		60.00,				1.00000,				1.00000
414,		60.00,		60.00,		60.00,				1.00000,				1.00000
415,		60.00,		60.00,		60.00,				1.00000,				1.00000
416,		60.00,		60.00,		60.00,				1.00000,				1.00000
417,		60.00,		60.00,		60.00,				1.00000,				1.00000
418,		60.00,		60.00,		60.00,				1.00000,				1.00000
419,		60.00,		60.00,		60.00,				1.00000,				1.00000
420,		60.00,		60.00,		60.00,				1.00000,				1.00000
421,		60.00,		60.00,		60.00,				1.00000,				1.00000
422,		60.00,		60.00,		60.00,				1.00000,				1.00000
423,		60.00,		60.00,		60.00,				1.00000,				1.00000
424,		60.00,		60.00,		60.00,				1.00000,				1.00000
425,		60.00,		60.00,		60.00,				1.00000,				1.00000
426,		60.00,		60.00,		60.00,				1.00000,				1.00000
427,		60.00,		60.00,		60.00,				1.00000,				1.00000
428,		60.00,		60.00,		60.00,				1.00000,				1.00000
429,		60.00,		60.00,		60.00,				1.00000,				1.00000
430,		60.00,		60.00,		60.00,				1.00000,				1.00000
431,		60.00,		60.00,		60.00,				1.00000,				1.00000
432,		60.00,		60.00,		60.00,				1.00000,				1.00000
433,		60.00,		60.00,		60.00,				1.00000,				1.00000
434,		60.00,		60.00,		60.00,				1.00000,				1.00000
435,		60.00,		60.00,		60.00,				1.00000,				1.00000
436,		60.00,		60.00,		60.00,				1.00000,				1.00000
437,		60.00,		60.00,		60.00,				1.00000,				1.00000
438,		60.00,		60.00,		60.00,				1.00000,				1.00000
439,		60.00,		60.00,		60.00,				1.00000,				1.00000
440,		60.00,		60.00,		60.00,				1.00000,				1.00000
441,		60.00,		60.00,		60.00,				1.00000,				1.00000
442,		60.00,		60.00,		60.00,				1.00000,				1.00000
443,		60.00,		60.00,		60.00,				1.00000,				1.00000
444,		60.00,		60.00,		60.00,				1.00000,				1.00000
445,		60.00,		60.00,		60.00,				1.00000,				1.00000
446,		60.00,		60.00,		60.00,				1.00000,				1.00000
447,		60.00,		60.00,		60.00,				1.00000,				1.00000
448,		60.00,		60.00,		60.00,				1.00000,				1.00000
449,		60.00,		60.00,		60.00,				1.00000,				1.00000
450,		60.00,		60.00,		60.00,				1.00000,				1.00000
451,		60.00,		60.00,		60.00,				1.00000,				1.00000
452,		60.00,		60.00,		60.00,				1.00000,				1.00000
453,		60.00,		60.00,		60.00,				1.00000,				1.00000
454,		60.00,		60.00,		60.00,				1.00000,				1.00000
455,		60.00,		60.00,		60.00,				1.00000,				1.00000
456,		60.00,		60.00,		60.00,				1.00000,				1.00000
457,		60.00,		60.00,		60.00,				1.00000,				1.00000
458,		60.00,		60.00,		60.00,				1.00000,				1.00000
459,		60.00,		60.00,		60.00,				1.00000,				1.00000
460,		60.00,		60.00,		60.00,				1.00000,				1.00000
461,		60.00,		60.00,		60.00,				1.00000,				1.00000
462,		60.00,		60.00,		60.00,				1.00000,				1.00000
463,		60.00,		60.00,		60.00,				1.00000,				1.00000
464,		60.00,		60.00,		60.00,				1.00000,				1.00000
465,		60.00,		60.00,		60.00,				1.00000,				1.00000
466,		60.00,		60.00,		60.00,				1.00000,				1.00000
467,		60.00,		60.00,		60.00,				1.00000,				1.00000
468,		60.00,		60.00,		60.00,				1.00000,				1.00000
469,		60.00,		60.00,		60.00,				1.00000,				1.00000
470,		60.00,		60.00,		60.00,				1.00000,				1.00000
471,		60.00,		60.00,		60.00,				1.00000,				1.00000
472,		60.00,		60.00,		60.00,				1.00000,				1.00000
473,		60.00,		60.00,		60.00,				1.00000,				1.00000
474,		60.00,		60.00,		60.00,				1.00000,				1.00000
475,		60.00,		60.00,		60.00,				1.00000,				1.00000
476,		60.00,		60.00,		60.00,				1.00000,				1.00000
477,		60.00,		60.00,		60.00,				1.00000,				1.00000
478,		60.00,		60.00,		60.00,				1.00000,				1.00000
479,		60.00,		60.00,		60.00,				1.00000,				1.00000
480,		60.00,		60.00,		60.00,				1.00000,				1.00000
481,		60.00,		60.00,		60.00,				1.00000,				1.00000
482,		60.00,		60.00,		60.00,				1.00000,				1.00000
483,		60.00,		60.00,		60.00,				1.00000,				1.00000
484,		60.00,		60.00,		60.00,				1.00000,				1.00000
485,		60.00,		60.00,		60.00,				1.00000,				1.00000
486,		60.00,		60.00,		60.00,				1.00000,				1.00000
487,		60.00,		60.00,		60.00,				1.00000,				1.00000
488,		60.00,		60.00,		60.00,				1.00000,				1.00000
489,		60.00,		60.00,		60.00,				1.00000,				1.00000
490,		60.00,		60.00,		60.00,				1.00000,				1.00000
491,		60.00,		60.00,		60.00,				1.00000,				1.00000
492,		60.00,		60.00,		60.00,				1.00000,				1.00000
493,		60.00,		60.00,		60.00,				1.00000,				1.00000
494,		60.00,		60.00,		60.00,				1.00000,				1.00000
495,		60.00,		60.00,		60.00,				1.00000,				1.00000
496,		60.00,		60.00,		60.00,				1.00000,				1.00000
497,		60.00,		60.00,		60.00,				1.00000,				1.00000
498,		60.00,		60.00,		60.00,				1.00000,				1.00000
499,		60.00,		60.00,		60.00,				1.00000,				1.00000
500,		60.00,		60.00,		60.00,				1.00000,				1.00000
501,		60.00,		60.00,		60.00,				1.00000,				1.00000
502,		60.00,		60.00,		60.00,				1.00000,				1.00000
503,		60.00,		60.00,		60.00,				1.00000,				1.00000
504,		60.00,		60.00,		60.00,				1.00000,				1.00000
505,		60.00,		60.00,		60.00,				1.00000,				1.00000
506,		60.00,		60.00,		60.00,				1.00000,				1.00000
507,		60.00,		60.00,		60.00,				1.00000,				1.00000
508,		60.00,		60.00,		60.00,				1.00000,				1.00000
509,		60.00,		60.00,		60.00,				1.00000,				1.00000
510,		60.00,		60.00,		60.00,				1.00000,				1.00000
511,		60.00,		60.00,		60.00,				1.00000,				1.00000
512,		60.00,		60.00,		60.00,				1.00000,				1.00000
513,		60.00,		60.00,		60.00,				1.00000,				1.00000
514,		60.00,		60.00,		60.00,				1.00000,				1.00000
515,		60.00,		60.00,		60.00,				1.00000,				1.00000
516,		60.00,		60.00,		60.00,				1.00000,				1.00000
517,		60.00,		60.00,		60.00,				1.00000,				1.00000
518,		60.00,		60.00,		60.00,				1.00000,				1.00000
519,		60.00,		60.00,		60.00,				1.00000,				1.00000
520,		60.00,		60.00,		60.00,				1.00000,				1.00000
521,		60.00,		60.00,		60.00,				1.00000,				1.00000
522,		60.00,		60.00,		60.00,				1.00000,				1.00000
523,		60.00,		60.00,		60.00,				1.00000,				1.00000
524,		60.00,		60.00,		60.00,				1.00000,				1.00000
525,		60.00,		60.00,		60.00,				1.00000,				1.00000
526,		60.00,		60.00,		60.00,				1.00000,				1.00000
527,		60.00,		60.00,		60.00,				1.00000,				1.00000
528,		60.00,		60.00,		60.00,				1.00000,				1.00000
529,		60.00,		60.00,		60.00,				1.00000,				1.00000
530,		60.00,		60.00,		60.00,				1.00000,				1.00000
531,		60.00,		60.00,		60.00,				1.00000,				1.00000
532,		60.00,		60.00,		60.00,				1.00000,				1.00000
533,		60.00,		60.00,		60.00,				1.00000,				1.00000
534,		60.00,		60.00,		60.00,				1.00000,				1.00000
535,		60.00,		60.00,		60.00,				1.00000,				1.00000
536,		60.00,		60.00,		60.00,				1.00000,				1.00000
537,		60.00,		60.00,		60.00,				1.00000,				1.00000
538,		60.00,		60.00,		60.00,				1.00000,				1.00000
539,		60.00,		60.00,		60.00,				1.00000,				1.00000
540,		60.00,		60.00,		60.00,				1.00000,				1.00000
541,		60.00,		60.00,		60.00,				1.00000,				1.00000
542,		60.00,		60.00,		60.00,				1.00000,				1.00000
543,		60.00,		60.00,		60.00,				1.00000,				1.00000
544,		60.00,		60.00,		60.00,				1.00000,				1.00000
545,		60.00,		60.00,		60.00,				1.00000,				1.00000
546,		60.00,		60.00,		60.00,				1.00000,				1.00000
547,		60.00,		60.00,		60.00,				1.00000,				1.00000
548,		60.00,		60.00,		60.00,				1.00000,				1.00000
549,		60.00,		60.00,		60.00,				1.00000,				1.00000
550,		60.00,		60.00,		60.00,				1.00000,				1.00000
551,		60.00,		60.00,		60.00,				1.00000,				1.00000
552,		60.00,		60.00,		60.00,				1.00000,				1.00000
553,		60.00,		60.00,		60.00,				1.00000,				1.00000
554,		60.00,		60.00,		60.00,				1.00000,				1.00000
555,		60.00,		60.00,		60.00,				1.00000,				1.00000
556,		60.00,		60.00,		60.00,				1.00000,				1.00000
557,		60.00,		60.00,		60.00,				1.00000,				1.00000
558,		60.00,		60.00,		60.00,				1.00000,				1.00000
559,		60.00,		60.00,		60.00,				1.00000,				1.00000
560,		60.00,		60.00,		60.00,				1.00000,				1.00000
561,		60.00,		60.00,		60.00,				1.00000,				1.00000
562,		60.00,		60.00,		60.00,				1.00000,				1.00000
563,		60.00,		60.00,		60.00,				1.00000,				1.00000
564,		60.00,		60.00,		60.00,				1.00000,				1.00000
565,		60.00,		60.00,		60.00,				1.00000,				1.00000
566,		60.00,		60.00,		60.00,				1.00000,				1.00000
567,		60.00,		60.00,		60.00,				1.00000,				1.00000
568,		60.00,		60.00,		60.00,				1.00000,				1.00000
569,		60.00,		60.00,		60.00,				1.00000,				1.00000
570,		60.00,		60.00,		60.00,				1.00000,				1.00000
571,		60.00,		60.00,		60.00,				1.00000,				1.00000
572,		60.00,		60.00,		60.00,				1.00000,				1.00000
573,		60.00,		60.00,		60.00,				1.00000,				1.00000
574,		60.00,		60.00,		60.00,				1.00000,				1.00000
575,		60.00,		60.00,		60.00,				1.00000,				1.00000
576,		60.00,		60.00,		60.00,				1.00000,				1.00000
577,		60.00,		60.00,		60.00,				1.00000,				1.00000
578,		60.00,		60.00,		60.00,				1.00000,				1.00000
579,		60.00,		60.00,		60.00,				1.00000,				1.00000
580,		60.00,		60.00,		60.00,				1.00000,				1.00000
581,		60.00,		60.00,		60.00,				1.00000,				1.00000
582,		60.00,		60.00,		60.00,				1.00000,				1.00000
583,		60.00,		60.00,		60.00,				1.00000,				1.00000
584,		60.00,		60.00,		60.00,				1.00000,				1.00000
585,		60.00,		60.00,		60.00,				1.00000,				1.00000
586,		60.00,		60.00,		60.00,				1.00000,				1.00000
587,		60.00,		60.00,		60.00,				1.00000,				1.00000
588,		60.00,		60.00,		60.00,				1.00000,				1.00000
589,		60.00,		60.00,		60.00,				1.00000,				1.00000
590,		60.00,		60.00,		60.00,				1.00000,				1.00000
591,		60.00,		60.00,		60.00,				1.00000,				1.00000
592,		60.00,		60.00,		60.00,				1.00000,				1.00000
593,		60.00,		60.00,		60.00,				1.00000,				1.00000
594,		60.00,		60.00,		60.00,				1.00000,				1.00000
595,		60.00,		60.00,		60.00,				1.00000,				1.00000
596,		60.00,		60.00,		60.00,				1.00000,				1.00000
597,		60.00,		60.00,		60.00,				1.00000,				1.00000
598,		60.00,		60.00,		60.00,				1.00000,				1.00000
599,		60.00,		60.00,		60.00,				1.00000,				1.00000
600,		60.00,		60.00,		60.00,				1.00000,				1.00000
601,		60.00,		60.00,		60.00,				1.00000,				1.00000
602,		60.00,		60.00,		60.00,				1.00000,				1.00000
603,		60.00,		60.00,		60.00,				1.00000,				1.00000
604,		60.00,		60.00,		60.00,				1.00000,				1.00000
605,		60.00,		60.00,		60.00,				1.00000,				1.00000
606,		60.00,		60.00,		60.00,				1.00000,				1.00000
607,		60.00,		60.00,		60.00,				1.00000,				1.00000
608,		60.00,		60.00,		60.00,				1.00000,				1.00000
609,		60.00,		60.00,		60.00,				1.00000,				1.00000
610,		60.00,		60.00,		60.00,				1.00000,				1.00000
611,		60.00,		60.00,		60.00,				1.00000,				1.00000
612,		60.00,		60.00,		60.00,				1.00000,				1.00000
613,		60.00,		60.00,		60.00,				1.00000,				1.00000
614,		60.00,		60.00,		60.00,				1.00000,				1.00000
615,		60.00,		60.00,		60.00,				1.00000,				1.00000
616,		60.00,		60.00,		60.00,				1.00000,				1.00000
617,		60.00,		60.00,		60.00,				1.00000,				1.00000
618,		60.00,		60.00,		60.00,				1.00000,				1.00000
619,		60.00,		60.00,		60.00,				1.00000,				1.00000
620,		60.00,		60.00,		60.00,				1.00000,				1.00000
621,		60.00,		60.00,		60.00,				1.00000,				1.00000
622,		60.00,		60.00,		60.00,				1.00000,				1.00000
623,		60.00,		60.00,		60.00,				1.00000,				1.00000
624,		60.00,		60.00,		60.00,				1.00000,				1.00000
625,		60.00,		60.00,		60.00,				1.00000,				1.00000
626,		60.00,		60.00,		60.00,				1.00000,				1.00000
627,		60.00,		60.00,		60.00,				1.00000,				1.00000
628,		60.00,		60.00,		60.00,				1.00000,				1.00000
629,		60.00,		60.00,		60.00,				1.00000,				1.00000
630,		60.00,		60.00,		60.00,				1.00000,				1.00000
631,		60.00,		60.00,		60.00,				1.00000,				1.00000
632,		60.00,		60.00,		60.00,				1.00000,				1.00000
633,		60.00,		60.00,		60.00,				1.00000,				1.00000
634,		60.00,		60.00,		60.00,				1.00000,				1.00000
635,		60.00,		60.00,		60.00,				1.00000,				1.00000
636,		60.00,		60.00,		60.00,				1.00000,				1.00000
637,		60.00,		60.00,		60.00,				1.00000,				1.00000
638,		60.00,		60.00,		60.00,				1.00000,				1.00000
639,		60.00,		60.00,		60.00,				1.00000,				1.00000
640,		60.00,		60.00,		60.00,				1.00000,				1.00000
641,		60.00,		60.00,		60.00,				1.00000,				1.00000
642,		60.00,		60.00,		60.00,				1.00000,				1.00000
643,		60.00,		60.00,		60.00,				1.00000,				1.00000
644,		60.00,		60.00,		60.00,				1.00000,				1.00000
645,		60.00,		60.00,		60.00,				1.00000,				1.00000
646,		60.00,		60.00,		60.00,				1.00000,				1.00000
647,		60.00,		60.00,		60.00,				1.00000,				1.00000
648,		60.00,		60.00,		60.00,				1.00000,				1.00000
649,		60.00,		60.00,		60.00,				1.00000,				1.00000
650,		60.00,		60.00,		60.00,				1.00000,				1.00000
651,		60.00,		60.00,		60.00,				1.00000,				1.00000
652,		60.00,		60.00,		60.00,				1.00000,				1.00000
653,		60.00,		60.00,		60.00,				1.00000,				1.00000
654,		60.00,		60.00,		60.00,				1.00000,				1.00000
655,		60.00,		60.00,		60.00,				1.00000,				1.00000
656,		60.00,		60.00,		60.00,				1.00000,				1.00000
657,		60.00,		60.00,		60.00,				1.00000,				1.00000
658,		60.00,		60.00,		60.00,				1.00000,				1.00000
659,		60.00,		60.00,		60.00,				1.00000,				1.00000
660,		60.00,		60.00,		60.00,				1.00000,				1.00000
661,		60.00,		60.00,		60.00,				1.00000,				1.00000
662,		60.00,		60.00,		60.00,				1.00000,				1.00000
663,		60.00,		60.00,		60.00,				1.00000,				1.00000
664,		60.00,		60.00,		60.00,				1.00000,				1.00000
665,		60.00,		60.00,		60.00,				1.00000,				1.00000
666,		60.00,		60.00,		60.00,				1.00000,				1.00000
667,		60.00,		60.00,		60.00,				1.00000,				1.00000
668,		60.00,		60.00,		60.00,				1.00000,				1.00000
669,		60.00,		60.00,		60.00,				1.00000,				1.00000
670,		60.00,		60.00,		60.00,				1.00000,				1.00000
671,		60.00,		60.00,		60.00,				1.00000,				1.00000
672,		60.00,		60.00,		60.00,				1.00000,				1.00000
673,		60.00,		60.00,		60.00,				1.00000,				1.00000
674,		60.00,		60.00,		60.00,				1.00000,				1.00000
675,		60.00,		60.00,		60.00,				1.00000,				1.00000
676,		60.00,		60.00,		60.00,				1.00000,				1.00000
677,		60.00,		60.00,		60.00,				1.00000,				1.00000
678,		60.00,		60.00,		60.00,				1.00000,				1.00000
679,		60.00,		60.00,		60.00,				1.00000,				1.00000
680,		60.00,		60.00,		60.00,				1.00000,				1.00000
681,		60.00,		60.00,		60.00,				1.00000,				1.00000
682,		60.00,		60.00,		60.00,				1.00000,				1.00000
683,		60.00,		60.00,		60.00,				1.00000,				1.00000
684,		60.00,		60.00,		60.00,				1.00000,				1.00000
685,		60.00,		60.00,		60.00,				1.00000,				1.00000
686,		60.00,		60.00,		60.00,				1.00000,				1.00000
687,		60.00,		60.00,		60.00,				1.00000,				1.00000
688,		60.00,		60.00,		60.00,				1.00000,				1.00000
689,		60.00,		60.00,		60.00,				1.00000,				1.00000
690,		60.00,		60.00,		60.00,				1.00000,				1.00000
691,		60.00,		60.00,		60.00,				1.00000,				1.00000
692,		60.00,		60.00,		60.00,				1.00000,				1.00000
693,		60.00,		60.00,		60.00,				1.00000,				1.00000
694,		60.00,		60.00,		60.00,				1.00000,				1.00000
695,		60.00,		60.00,		60.00,				1.00000,				1.00000
696,		60.00,		60.00,		60.00,				1.00000,				1.00000
697,		60.00,		60.00,		60.00,				1.00000,				1.00000
698,		60.00,		60.00,		60.00,				1.00000,				1.00000
699,		60.00,		60.00,		60.00,				1.00000,				1.00000
700,		60.00,		60.00,		60.00,				1.00000,				1.00000
701,		60.00,		60.00,		60.00,				1.00000,				1.00000
702,		60.00,		60.00,		60.00,				1.00000,				1.00000
703,		60.00,		60.00,		60.00,				1.00000,				1.00000
704,		60.00,		60.00,		60.00,				1.00000,				1.00000
705,		60.00,		60.00,		60.00,				1.00000,				1.00000
706,		60.00,		60.00,		60.00,				1.00000,				1.00000
707,		60.00,		60.00,		60.00,				1.00000,				1.00000
708,		60.00,		60.00,		60.00,				1.00000,				1.00000
709,		60.00,		60.00,		60.00,				1.00000,				1.00000
710,		60.00,		60.00,		60.00,				1.00000,				1.00000
711,		60.00,		60.00,		60.00,				1.00000,				1.00000
712,		60.00,		60.00,		60.00,				1.00000,				1.00000
713,		60.00,		60.00,		60.00,				1.00000,				1.00000
714,		60.00,		60.00,		60.00,				1.00000,				1.00000
715,		60.00,		60.00,		60.00,				1.00000,				1.00000
716,		60.00,		60.00,		60.00,				1.00000,				1.00000
717,		60.00,		60.00,		60.00,				1.00000,				1.00000
718,		60.00,		60.00,		60.00,				1.00000,				1.00000
719,		60.00,		60.00,		60.00,				1.00000,				1.00000
720,		60.00,		60.00,		60.00,				1.00000,				1.00000
721,		60.00,		60.00,		60.00,				1.00000,				1.00000
722,		60.00,		60.00,		60.00,				1.00000,				1.00000
723,		60.00,		60.00,		60.00,				1.00000,				1.00000
724,		60.00,		60.00,		60.00,				1.00000,				1.00000
725,		60.00,		60.00,		60.00,				1.00000,				1.00000
726,		60.00,		60.00,		60.00,				1.00000,				1.00000
727,		60.00,		60.00,		60.00,				1.00000,				1.00000
728,		60.00,		60.00,		60.00,				1.00000,				1.00000
729,		60.00,		60.00,		60.00,				1.00000,				1.00000
730,		60.00,		60.00,		60.00,				1.00000,				1.00000
731,		60.00,		60.00,		60.00,				1.00000,				1.00000
732,		60.00,		60.00,		60.00,				1.00000,				1.00000
733,		60.00,		60.00,		60.00,				1.00000,				1.00000
734,		60.00,		60.00,		60.00,				1.00000,				1.00000
735,		60.00,		60.00,		60.00,				1.00000,				1.00000
736,		60.00,		60.00,		60.00,				1.00000,				1.00000
737,		60.00,		60.00,		60.00,				1.00000,				1.00000
738,		60.00,		60.00,		60.00,				1.00000,				1.00000
739,		60.00,		60.00,		60.00,				1.00000,				1.00000
740,		60.00,		60.00,		60.00,				1.00000,				1.00000
741,		60.00,		60.00,		60.00,				1.00000,				1.00000
742,		60.00,		60.00,		60.00,				1.00000,				1.00000
743,		60.00,		60.00,		60.00,				1.00000,				1.00000
744,		60.00,		60.00,		60.00,				1.00000,				1.00000
745,		60.00,		60.00,		60.00,				1.00000,				1.00000
746,		60.00,		60.00,		60.00,				1.00000,				1.00000
747,		60.00,		60.00,		60.00,				1.00000,				1.00000
748,		60.00,		60.00,		60.00,				1.00000,				1.00000
749,		60.00,		60.00,		60.00,				1.00000,				1.00000
750,		60.00,		60.00,		60.00,				1.00000,				1.00000
751,		60.00,		60.00,		60.00,				1.00000,				1.00000
752,		60.00,		60.00,		60.00,				1.00000,				1.00000
753,		60.00,		60.00,		60.00,				1.00000,				1.00000
754,		60.00,		60.00,		60.00,				1.00000,				1.00000
755,		60.00,		60.00,		60.00,				1.00000,				1.00000
756,		60.00,		60.00,		60.00,				1.00000,				1.00000
757,		60.00,		60.00,		60.00,				1.00000,				1.00000
758,		60.00,		60.00,		60.00,				1.00000,				1.00000
759,		60.00,		60.00,		60.00,				1.00000,				1.00000
760,		60.00,		60.00,		60.00,				1.00000,				1.00000
761,		60.00,		60.00,		60.00,				1.00000,				1.00000
762,		60.00,		60.00,		60.00,				1.00000,				1.00000
763,		60.00,		60.00,		60.00,				1.00000,				1.00000
764,		60.00,		60.00,		60.00,				1.00000,				1.00000
765,		60.00,		60.00,		60.00,				1.00000,				1.00000
766,		60.00,		60.00,		60.00,				1.00000,				1.00000
767,		60.00,		60.00,		60.00,				1.00000,				1.00000
768,		60.00,		60.00,		60.00,				1.00000,				1.00000
769,		60.00,		60.00,		60.00,				1.00000,				1.00000
770,		60.00,		60.00,		60.00,				1.00000,				1.00000
771,		60.00,		60.00,		60.00,				1.00000,				1.00000
772,		60.00,		60.00,		60.00,				1.00000,				1.00000
773,		60.00,		60.00,		60.00,				1.00000,				1.00000
774,		60.00,		60.00,		60.00,				1.00000,				1.00000
775,		60.00,		60.00,		60.00,				1.00000,				1.00000
776,		60.00,		60.00,		60.00,				1.00000,				1.00000
777,		60.00,		60.00,		60.00,				1.00000,				1.00000
778,		60.00,		60.00,		60.00,				1.00000,				1.00000
779,		60.00,		60.00,		60.00,				1.00000,				1.00000
780,		60.00,		60.00,		60.00,				1.00000,				1.00000
781,		60.00,		60.00,		60.00,				1.00000,				1.00000
782,		60.00,		60.00,		60.00,				1.00000,				1.00000
783,		60.00,		60.00,		60.00,				1.00000,				1.00000
784,		60.00,		60.00,		60.00,				1.00000,				1.00000
785,		60.00,		60.00,		60.00,				1.00000,				1.00000
786,		60.00,		60.00,		60.00,				1.00000,				1.00000
787,		60.00,		60.00,		60.00,				1.00000,				1.00000
788,		60.00,		60.00,		60.00,				1.00000,				1.00000
789,		60.00,		60.00,		60.00,				1.00000,				1.00000
790,		60.00,		60.00,		60.00,				1.00000,				1.00000
791,		60.00,		60.00,		60.00,				1.00000,				1.00000
792,		60.00,		60.00,		60.00,				1.00000,				1.00000
793,		60.00,		60.00,		60.00,				1.00000,				1.00000
794,		60.00,		60.00,		60.00,				1.00000,				1.00000
795,		60.00,		60.00,		60.00,				1.00000,				1.00000
796,		60.00,		60.00,		60.00,				1.00000,				1.00000
797,		60.00,		60.00,		60.00,				1.00000,				1.00000
798,		60.00,		60.00,		60.00,				1.00000,				1.00000
799,		60.00,		60.00,		60.00,				1.00000,				1.00000
800,		60.00,		60.00,		60.00,				1.00000,				1.00000
801,		60.00,		60.00,		60.00,				1.00000,				1.00000
802,		60.00,		60.00,		60.00,				1.00000,				1.00000
803,		60.00,		60.00,		60.00,				1.00000,				1.00000
804,		60.00,		60.00,		60.00,				1.00000,				1.00000
805,		60.00,		60.00,		60.00,				1.00000,				1.00000
806,		60.00,		60.00,		60.00,				1.00000,				1.00000
807,		60.00,		60.00,		60.00,				1.00000,				1.00000
808,		60.00,		60.00,		60.00,				1.00000,				1.00000
809,		60.00,		60.00,		60.00,				1.00000,				1.00000
810,		60.00,		60.00,		60.00,				1.00000,				1.00000
811,		60.00,		60.00,		60.00,				1.00000,				1.00000
812,		60.00,		60.00,		60.00,				1.00000,				1.00000
813,		60.00,		60.00,		60.00,				1.00000,				1.00000
814,		60.00,		60.00,		60.00,				1.00000,				1.00000
815,		60.00,		60.00,		60.00,				1.00000,				1.00000
816,		60.00,		60.00,		60.00,				1.00000,				1.00000
817,		60.00,		60.00,		60.00,				1.00000,				1.00000
818,		60.00,		60.00,		60.00,				1.00000,				1.00000
819,		60.00,		60.00,		60.00,				1.00000,				1.00000
820,		60.00,		60.00,		60.00,				1.00000,				1.00000
821,		60.00,		60.00,		60.00,				1.00000,				1.00000
822,		60.00,		60.00,		60.00,				1.00000,				1.00000
823,		60.00,		60.00,		60.00,				1.00000,				1.00000
824,		60.00,		60.00,		60.00,				1.00000,				1.00000
825,		60.00,		60.00,		60.00,				1.00000,				1.00000
826,		60.00,		60.00,		60.00,				1.00000,				1.00000
827,		60.00,		60.00,		60.00,				1.00000,				1.00000
828,		60.00,		60.00,		60.00,				1.00000,				1.00000
829,		60.00,		60.00,		60.00,				1.00000,				1.00000
830,		60.00,		60.00,		60.00,				1.00000,				1.00000
831,		60.00,		60.00,		60.00,				1.00000,				1.00000
832,		60.00,		60.00,		60.00,				1.00000,				1.00000
833,		60.00,		60.00,		60.00,				1.00000,				1.00000
834,		60.00,		60.00,		60.00,				1.00000,				1.00000
835,		60.00,		60.00,		60.00,				1.00000,				1.00000
836,		60.00,		60.00,		60.00,				1.00000,				1.00000
837,		60.00,		60.00,		60.00,				1.00000,				1.00000
838,		60.00,		60.00,		60.00,				1.00000,				1.00000
839,		60.00,		60.00,		60.00,				1.00000,				1.00000
840,		60.00,		60.00,		60.00,				1.00000,				1.00000
841,		60.00,		60.00,		60.00,				1.00000,				1.00000
842,		60.00,		60.00,		60.00,				1.00000,				1.00000
843,		60.00,		60.00,		60.00,				1.00000,				1.00000
844,		60.00,		60.00,		60.00,				1.00000,				1.00000
845,		60.00,		60.00,		60.00,				1.00000,				1.00000
846,		60.00,		60.00,		60.00,				1.00000,				1.00000
847,		60.00,		60.00,		60.00,				1.00000,				1.00000
848,		60.00,		60.00,		60.00,				1.00000,				1.00000
849,		60.00,		60.00,		60.00,				1.00000,				1.00000
850,		60.00,		60.00,		60.00,				1.00000,				1.00000
851,		60.00,		60.00,		60.00,				1.00000,				1.00000
852,		60.00,		60.00,		60.00,				1.00000,				1.00000
853,		60.00,		60.00,		60.00,				1.00000,				1.00000
854,		60.00,		60.00,		60.00,				1.00000,				1.00000
855,		60.00,		60.00,		60.00,				1.00000,				1.00000
856,		60.00,		60.00,		60.00,				1.00000,				1.00000
857,		60.00,		60.00,		60.00,				1.00000,				1.00000
858,		60.00,		60.00,		60.00,				1.00000,				1.00000
859,		60.00,		60.00,		60.00,				1.00000,				1.00000
860,		60.00,		60.00,		60.00,				1.00000,				1.00000
861,		60.00,		60.00,		60.00,				1.00000,				1.00000
862,		60.00,		60.00,		60.00,				1.00000,				1.00000
863,		60.00,		60.00,		60.00,				1.00000,				1.00000
864,		60.00,		60.00,		60.00,				1.00000,				1.00000
865,		60.00,		60.00,		60.00,				1.00000,				1.00000
866,		60.00,		60.00,		60.00,				1.00000,				1.00000
867,		60.00,		60.00,		60.00,				1.00000,				1.00000
868,		60.00,		60.00,		60.00,				1.00000,				1.00000
869,		60.00,		60.00,		60.00,				1.00000,				1.00000
870,		60.00,		60.00,		60.00,				1.00000,				1.00000
871,		60.00,		60.00,		60.00,				1.00000,				1.00000
872,		60.00,		60.00,		60.00,				1.00000,				1.00000
873,		60.00,		60.00,		60.00,				1.00000,				1.00000
874,		60.00,		60.00,		60.00,				1.00000,				1.00000
875,		60.00,		60.00,		60.00,				1.00000,				1.00000
876,		60.00,		60.00,		60.00,				1.00000,				1.00000
877,		60.00,		60.00,		60.00,				1.00000,				1.00000
878,		60.00,		60.00,		60.00,				1.00000,				1.00000
879,		60.00,		60.00,		60.00,				1.00000,				1.00000
880,		60.00,		60.00,		60.00,				1.00000,				1.00000
881,		60.00,		60.00,		60.00,				1.00000,				1.00000
882,		60.00,		60.00,		60.00,				1.00000,				1.00000
883,		60.00,		60.00,		60.00,				1.00000,				1.00000
884,		60.00,		60.00,		60.00,				1.00000,				1.00000
885,		60.00,		60.00,		60.00,				1.00000,				1.00000
886,		60.00,		60.00,		60.00,				1.00000,				1.00000
887,		60.00,		60.00,		60.00,				1.00000,				1.00000
888,		60.00,		60.00,		60.00,				1.00000,				1.00000
889,		60.00,		60.00,		60.00,				1.00000,				1.00000
890,		60.00,		60.00,		60.00,				1.00000,				1.00000
891,		60.00,		60.00,		60.00,				1.00000,				1.00000
892,		60.00,		60.00,		60.00,				1.00000,				1.00000
893,		60.00,		60.00,		60.00,				1.00000,				1.00000
894,		60.00,		60.00,		60.00,				1.00000,				1.00000
895,		60.00,		60.00,		60.00,				1.00000,				1.00000
896,		60.00,		60.00,		60.00,				1.00000,				1.00000
897,		60.00,		60.00,		60.00,				1.00000,				1.00000
898,		60.00,		60.00,		60.00,				1.00000,				1.00000
899,		60.00,		60.00,		60.00,				1.00000,				1.00000
900,		60.00,		60.00,		60.00,				1.00000,				1.00000
901,		60.00,		60.00,		60.00,				1.00000,				1.00000
902,		60.00,		60.00,		60.00,				1.00000,				1.00000
903,		60.00,		60.00,		60.00,				1.00000,				1.00000
904,		60.00,		60.00,		60.00,				1.00000,				1.00000
905,		60.00,		60.00,		60.00,				1.00000,				1.00000
906,		60.00,		60.00,		60.00,				1.00000,				1.00000
907,		60.00,		60.00,		60.00,				1.00000,				1.00000
908,		60.00,		60.00,		60.00,				1.00000,				1.00000
909,		60.00,		60.00,		60.00,				1.00000,				1.00000
910,		60.00,		60.00,		60.00,				1.00000,				1.00000
911,		60.00,		60.00,		60.00,				1.00000,				1.00000
912,		60.00,		60.00,		60.00,				1.00000,				1.00000
913,		60.00,		60.00,		60.00,				1.00000,				1.00000
914,		60.00,		60.00,		60.00,				1.00000,				1.00000
915,		60.00,		60.00,		60.00,				1.00000,				1.00000
916,		60.00,		60.00,		60.00,				1.00000,				1.00000
917,		60.00,		60.00,		60.00,				1.00000,				1.00000
918,		60.00,		60.00,		60.00,				1.00000,				1.00000
919,		60.00,		60.00,		60.00,				1.00000,				1.00000
920,		60.00,		60.00,		60.00,				1.00000,				1.00000
921,		60.00,		60.00,		60.00,				1.00000,				1.00000
922,		60.00,		60.00,		60.00,				1.00000,				1.00000
923,		60.00,		60.00,		60.00,				1.00000,				1.00000
924,		60.00,		60.00,		60.00,				1.00000,				1.00000
925,		60.00,		60.00,		60.00,				1.00000,				1.00000
926,		60.00,		60.00,		60.00,				1.00000,				1.00000
927,		60.00,		60.00,		60.00,				1.00000,				1.00000
928,		60.00,		60.00,		60.00,				1.00000,				1.00000
929,		60.00,		60.00,		60.00,				1.00000,				1.00000
930,		60.00,		60.00,		60.00,				1.00000,				1.00000
931,		60.00,		60.00,		60.00,				1.00000,				1.00000
932,		60.00,		60.00,		60.00,				1.00000,				1.00000
933,		60.00,		60.00,		60.00,				1.00000,				1.00000
934,		60.00,		60.00,		60.00,				1.00000,				1.00000
935,		60.00,		60.00,		60.00,				1.00000,				1.00000
936,		60.00,		60.00,		60.00,				1.00000,				1.00000
937,		60.00,		60.00,		60.00,				1.00000,				1.00000
938,		60.00,		60.00,		60.00,				1.00000,				1.00000
939,		60.00,		60.00,		60.00,				1.00000,				1.00000
940,		60.00,		60.00,		60.00,				1.00000,				1.00000
941,		60.00,		60.00,		60.00,				1.00000,				1.00000
942,		60.00,		60.00,		60.00,				1.00000,				1.00000
943,		60.00,		60.00,		60.00,				1.00000,				1.00000
944,		60.00,		60.00,		60.00,				1.00000,				1.00000
945,		60.00,		60.00,		60.00,				1.00000,				1.00000
946,		60.00,		60.00,		60.00,				1.00000,				1.00000
947,		60.00,		60.00,		60.00,				1.00000,				1.00000
948,		60.00,		60.00,		60.00,				1.00000,				1.00000
949,		60.00,		60.00,		60.00,				1.00000,				1.00000
950,		60.00,		60.00,		60.00,				1.00000,				1.00000
951,		60.00,		60.00,		60.00,				1.00000,				1.00000
952,		60.00,		60.00,		60.00,				1.00000,				1.00000
953,		60.00,		60.00,		60.00,				1.00000,				1.00000
954,		60.00,		60.00,		60.00,				1.00000,				1.00000
955,		60.00,		60.00,		60.00,				1.00000,				1.00000
956,		60.00,		60.00,		60.00,				1.00000,				1.00000
957,		60.00,		60.00,		60.00,				1.00000,				1.00000
958,		60.00,		60.00,		60.00,				1.00000,				1.00000
959,		60.00,		60.00,		60.00,				1.00000,				1.00000
960,		60.00,		60.00,		60.00,				1.00000,				1.00000
961,		60.00,		60.00,		60.00,				1.00000,				1.00000
962,		60.00,		60.00,		60.00,				1.00000,				1.00000
963,		60.00,		60.00,		60.00,				1.00000,				1.00000
964,		60.00,		60.00,		60.00,				1.00000,				1.00000
965,		60.00,		60.00,		60.00,				1.00000,				1.00000
966,		60.00,		60.00,		60.00,				1.00000,				1.00000
967,		60.00,		60.00,		60.00,				1.00000,				1.00000
968,		60.00,		60.00,		60.00,				1.00000,				1.00000
969,		60.00,		60.00,		60.00,				1.00000,				1.00000
970,		60.00,		60.00,		60.00,				1.00000,				1.00000
971,		60.00,		60.00,		60.00,				1.00000,				1.00000
972,		60.00,		60.00,		60.00,				1.00000,				1.00000
973,		60.00,		60.00,		60.00,				1.00000,				1.00000
974,		60.00,		60.00,		60.00,				1.00000,				1.00000
975,		60.00,		60.00,		60.00,				1.00000,				1.00000
976,		60.00,		60.00,		60.00,				1.00000,				1.00000
977,		60.00,		60.00,		60.00,				1.00000,				1.00000
978,		60.00,		60.00,		60.00,				1.00000,				1.00000
979,		60.00,		60.00,		60.00,				1.00000,				1.00000
980,		60.00,		60.00,		60.00,				1.00000,				1.00000
981,		60.00,		60.00,		60.00,				1.00000,				1.00000
982,		60.00,		60.00,		60.00,				1.00000,				1.00000
983,		60.00,		60.00,		60.00,				1.00000,				1.00000
984,		60.00,		60.00,		60.00,				1.00000,				1.00000
985,		60.00,		60.00,		60.00,				1.00000,				1.00000
986,		60.00,		60.00,		60.00,				1.00000,				1.00000
987,		60.00,		60.00,		60.00,				1.00000,				1.00000
988,		60.00,		60.00,		60.00,				1.00000,				1.00000
989,		60.00,		60.00,		60.00,				1.00000,				1.00000
990,		60.00,		60.00,		60.00,				1.00000,				1.00000
991,		60.00,		60.00,		60.00,				1.00000,				1.00000
992,		60.00,		60.00,		60.00,				1.00000,				1.00000
993,		60.00,		60.00,		60.00,				1.00000,				1.00000
994,		60.00,		60.00,		60.00,				1.00000,				1.00000
995,		60.00,		60.00,		60.00,				1.00000,				1.00000
996,		60.00,		60.00,		60.00,				1.00000,				1.00000
997,		60.00,		60.00,		60.00,				1.00000,				1.00000
998,		60.00,		60.00,		60.00,				1.00000,				1.00000
999,		60.00,		60.00,		60.00,				1.00000,				1.00000
