GEN,	MIN,			AVE,			MAX,
  0,		-21.50,		-2.47,		16.13
  1,		-21.80,		-8.30,		-3.33
  2,		-24.43,		-14.88,		-9.63
  3,		-25.87,		-20.64,		-16.30
  4,		-26.83,		-24.17,		-21.87
  5,		-27.40,		-25.87,		-24.83
  6,		-27.93,		-26.86,		-26.30
  7,		-28.27,		-27.46,		-27.03
  8,		-28.50,		-27.96,		-27.63
  9,		-28.53,		-28.30,		-28.00
 10,		-28.60,		-28.47,		-28.43
 11,		-28.63,		-28.56,		-28.47
 12,		-28.67,		-28.61,		-28.60
 13,		-28.70,		-28.64,		-28.60
 14,		-28.73,		-28.68,		-28.63
 15,		-28.77,		-28.72,		-28.70
 16,		-28.80,		-28.75,		-28.70
 17,		-28.80,		-28.77,		-28.73
 18,		-28.83,		-28.80,		-28.80
 19,		-28.83,		-28.82,		-28.80
 20,		-28.87,		-28.83,		-28.83
 21,		-28.87,		-28.84,		-28.83
 22,		-28.87,		-28.85,		-28.83
 23,		-28.87,		-28.87,		-28.87
 24,		-28.87,		-28.87,		-28.87
 25,		-28.90,		-28.87,		-28.87
 26,		-28.90,		-28.87,		-28.87
 27,		-28.90,		-28.88,		-28.87
 28,		-28.90,		-28.90,		-28.90
 29,		-28.90,		-28.90,		-28.90
 30,		-28.90,		-28.90,		-28.90
 31,		-28.93,		-28.90,		-28.90
 32,		-28.93,		-28.92,		-28.90
 33,		-28.93,		-28.93,		-28.93
 34,		-28.93,		-28.93,		-28.93
 35,		-28.93,		-28.93,		-28.93
 36,		-28.93,		-28.93,		-28.93
 37,		-28.93,		-28.93,		-28.93
 38,		-28.93,		-28.93,		-28.93
 39,		-28.93,		-28.93,		-28.93
 40,		-28.93,		-28.93,		-28.93
 41,		-28.97,		-28.93,		-28.93
 42,		-28.97,		-28.95,		-28.93
 43,		-28.97,		-28.97,		-28.97
 44,		-29.00,		-28.97,		-28.97
 45,		-29.00,		-28.98,		-28.97
 46,		-29.00,		-29.00,		-29.00
 47,		-29.00,		-29.00,		-29.00
 48,		-29.00,		-29.00,		-29.00
 49,		-29.00,		-29.00,		-29.00
 50,		-29.00,		-29.00,		-29.00
 51,		-29.00,		-29.00,		-29.00
 52,		-29.00,		-29.00,		-29.00
 53,		-29.00,		-29.00,		-29.00
 54,		-29.00,		-29.00,		-29.00
 55,		-29.00,		-29.00,		-29.00
 56,		-29.00,		-29.00,		-29.00
 57,		-29.00,		-29.00,		-29.00
 58,		-29.00,		-29.00,		-29.00
 59,		-29.00,		-29.00,		-29.00
 60,		-29.00,		-29.00,		-29.00
 61,		-29.00,		-29.00,		-29.00
 62,		-29.00,		-29.00,		-29.00
 63,		-29.00,		-29.00,		-29.00
 64,		-29.00,		-29.00,		-29.00
 65,		-29.00,		-29.00,		-29.00
 66,		-29.00,		-29.00,		-29.00
 67,		-29.00,		-29.00,		-29.00
 68,		-29.00,		-29.00,		-29.00
 69,		-29.00,		-29.00,		-29.00
 70,		-29.00,		-29.00,		-29.00
 71,		-29.03,		-29.00,		-29.00
 72,		-29.03,		-29.02,		-29.00
 73,		-29.03,		-29.03,		-29.03
 74,		-29.03,		-29.03,		-29.03
 75,		-29.03,		-29.03,		-29.03
 76,		-29.03,		-29.03,		-29.03
 77,		-29.10,		-29.03,		-29.03
 78,		-29.10,		-29.06,		-29.03
 79,		-29.10,		-29.10,		-29.10
 80,		-29.10,		-29.10,		-29.10
 81,		-29.10,		-29.10,		-29.10
 82,		-29.10,		-29.10,		-29.10
 83,		-29.10,		-29.10,		-29.10
 84,		-29.10,		-29.10,		-29.10
 85,		-29.10,		-29.10,		-29.10
 86,		-29.10,		-29.10,		-29.10
 87,		-29.10,		-29.10,		-29.10
 88,		-29.10,		-29.10,		-29.10
 89,		-29.10,		-29.10,		-29.10
 90,		-29.10,		-29.10,		-29.10
 91,		-29.10,		-29.10,		-29.10
 92,		-29.13,		-29.10,		-29.10
 93,		-29.13,		-29.11,		-29.10
 94,		-29.13,		-29.12,		-29.10
 95,		-29.13,		-29.13,		-29.13
 96,		-29.13,		-29.13,		-29.13
 97,		-29.13,		-29.13,		-29.13
 98,		-29.13,		-29.13,		-29.13
 99,		-29.13,		-29.13,		-29.13
100,		-29.13,		-29.13,		-29.13
101,		-29.13,		-29.13,		-29.13
102,		-29.13,		-29.13,		-29.13
103,		-29.13,		-29.13,		-29.13
104,		-29.13,		-29.13,		-29.13
105,		-29.13,		-29.13,		-29.13
106,		-29.17,		-29.13,		-29.13
107,		-29.17,		-29.15,		-29.13
108,		-29.17,		-29.17,		-29.17
109,		-29.17,		-29.17,		-29.17
110,		-29.17,		-29.17,		-29.17
111,		-29.17,		-29.17,		-29.17
112,		-29.17,		-29.17,		-29.17
113,		-29.17,		-29.17,		-29.17
114,		-29.17,		-29.17,		-29.17
115,		-29.17,		-29.17,		-29.17
116,		-29.17,		-29.17,		-29.17
117,		-29.17,		-29.17,		-29.17
118,		-29.17,		-29.17,		-29.17
119,		-29.20,		-29.17,		-29.17
120,		-29.20,		-29.18,		-29.17
121,		-29.20,		-29.19,		-29.17
122,		-29.20,		-29.20,		-29.20
123,		-29.20,		-29.20,		-29.20
124,		-29.20,		-29.20,		-29.20
125,		-29.20,		-29.20,		-29.20
126,		-29.20,		-29.20,		-29.20
127,		-29.20,		-29.20,		-29.20
128,		-29.20,		-29.20,		-29.20
129,		-29.20,		-29.20,		-29.20
130,		-29.23,		-29.20,		-29.20
131,		-29.23,		-29.22,		-29.20
132,		-29.27,		-29.23,		-29.23
133,		-29.27,		-29.24,		-29.23
134,		-29.27,		-29.26,		-29.23
135,		-29.27,		-29.27,		-29.27
136,		-29.27,		-29.27,		-29.27
137,		-29.27,		-29.27,		-29.27
138,		-29.27,		-29.27,		-29.27
139,		-29.27,		-29.27,		-29.27
140,		-29.27,		-29.27,		-29.27
141,		-29.27,		-29.27,		-29.27
142,		-29.27,		-29.27,		-29.27
143,		-29.27,		-29.27,		-29.27
144,		-29.27,		-29.27,		-29.27
145,		-29.27,		-29.27,		-29.27
146,		-29.27,		-29.27,		-29.27
147,		-29.27,		-29.27,		-29.27
148,		-29.27,		-29.27,		-29.27
149,		-29.27,		-29.27,		-29.27
150,		-29.27,		-29.27,		-29.27
151,		-29.27,		-29.27,		-29.27
152,		-29.27,		-29.27,		-29.27
153,		-29.27,		-29.27,		-29.27
154,		-29.27,		-29.27,		-29.27
155,		-29.27,		-29.27,		-29.27
156,		-29.27,		-29.27,		-29.27
157,		-29.27,		-29.27,		-29.27
158,		-29.27,		-29.27,		-29.27
159,		-29.27,		-29.27,		-29.27
160,		-29.27,		-29.27,		-29.27
161,		-29.27,		-29.27,		-29.27
162,		-29.27,		-29.27,		-29.27
163,		-29.27,		-29.27,		-29.27
164,		-29.27,		-29.27,		-29.27
165,		-29.27,		-29.27,		-29.27
166,		-29.27,		-29.27,		-29.27
167,		-29.27,		-29.27,		-29.27
168,		-29.27,		-29.27,		-29.27
169,		-29.27,		-29.27,		-29.27
170,		-29.27,		-29.27,		-29.27
171,		-29.27,		-29.27,		-29.27
172,		-29.27,		-29.27,		-29.27
173,		-29.27,		-29.27,		-29.27
174,		-29.27,		-29.27,		-29.27
175,		-29.27,		-29.27,		-29.27
176,		-29.27,		-29.27,		-29.27
177,		-29.27,		-29.27,		-29.27
178,		-29.27,		-29.27,		-29.27
179,		-29.27,		-29.27,		-29.27
180,		-29.27,		-29.27,		-29.27
181,		-29.30,		-29.27,		-29.27
182,		-29.33,		-29.28,		-29.27
183,		-29.33,		-29.30,		-29.27
184,		-29.33,		-29.33,		-29.33
185,		-29.33,		-29.33,		-29.33
186,		-29.33,		-29.33,		-29.33
187,		-29.33,		-29.33,		-29.33
188,		-29.33,		-29.33,		-29.33
189,		-29.33,		-29.33,		-29.33
190,		-29.37,		-29.33,		-29.33
191,		-29.37,		-29.35,		-29.33
192,		-29.37,		-29.37,		-29.37
193,		-29.37,		-29.37,		-29.37
194,		-29.37,		-29.37,		-29.37
195,		-29.37,		-29.37,		-29.37
196,		-29.37,		-29.37,		-29.37
197,		-29.37,		-29.37,		-29.37
198,		-29.37,		-29.37,		-29.37
199,		-29.37,		-29.37,		-29.37
200,		-29.37,		-29.37,		-29.37
201,		-29.37,		-29.37,		-29.37
202,		-29.37,		-29.37,		-29.37
203,		-29.37,		-29.37,		-29.37
204,		-29.37,		-29.37,		-29.37
205,		-29.37,		-29.37,		-29.37
206,		-29.37,		-29.37,		-29.37
207,		-29.37,		-29.37,		-29.37
208,		-29.37,		-29.37,		-29.37
209,		-29.37,		-29.37,		-29.37
210,		-29.37,		-29.37,		-29.37
211,		-29.37,		-29.37,		-29.37
212,		-29.37,		-29.37,		-29.37
213,		-29.37,		-29.37,		-29.37
214,		-29.37,		-29.37,		-29.37
215,		-29.37,		-29.37,		-29.37
216,		-29.37,		-29.37,		-29.37
217,		-29.37,		-29.37,		-29.37
218,		-29.37,		-29.37,		-29.37
219,		-29.37,		-29.37,		-29.37
220,		-29.37,		-29.37,		-29.37
221,		-29.37,		-29.37,		-29.37
222,		-29.37,		-29.37,		-29.37
223,		-29.37,		-29.37,		-29.37
224,		-29.37,		-29.37,		-29.37
225,		-29.37,		-29.37,		-29.37
226,		-29.37,		-29.37,		-29.37
227,		-29.37,		-29.37,		-29.37
228,		-29.37,		-29.37,		-29.37
229,		-29.37,		-29.37,		-29.37
230,		-29.37,		-29.37,		-29.37
231,		-29.37,		-29.37,		-29.37
232,		-29.37,		-29.37,		-29.37
233,		-29.37,		-29.37,		-29.37
234,		-29.37,		-29.37,		-29.37
235,		-29.37,		-29.37,		-29.37
236,		-29.37,		-29.37,		-29.37
237,		-29.37,		-29.37,		-29.37
238,		-29.37,		-29.37,		-29.37
239,		-29.37,		-29.37,		-29.37
240,		-29.37,		-29.37,		-29.37
241,		-29.37,		-29.37,		-29.37
242,		-29.37,		-29.37,		-29.37
243,		-29.37,		-29.37,		-29.37
244,		-29.37,		-29.37,		-29.37
245,		-29.37,		-29.37,		-29.37
246,		-29.37,		-29.37,		-29.37
247,		-29.37,		-29.37,		-29.37
248,		-29.37,		-29.37,		-29.37
249,		-29.37,		-29.37,		-29.37
250,		-29.37,		-29.37,		-29.37
251,		-29.37,		-29.37,		-29.37
252,		-29.37,		-29.37,		-29.37
253,		-29.37,		-29.37,		-29.37
254,		-29.37,		-29.37,		-29.37
255,		-29.37,		-29.37,		-29.37
256,		-29.37,		-29.37,		-29.37
257,		-29.37,		-29.37,		-29.37
258,		-29.37,		-29.37,		-29.37
259,		-29.37,		-29.37,		-29.37
260,		-29.37,		-29.37,		-29.37
261,		-29.37,		-29.37,		-29.37
262,		-29.37,		-29.37,		-29.37
263,		-29.37,		-29.37,		-29.37
264,		-29.37,		-29.37,		-29.37
265,		-29.37,		-29.37,		-29.37
266,		-29.37,		-29.37,		-29.37
267,		-29.37,		-29.37,		-29.37
268,		-29.37,		-29.37,		-29.37
269,		-29.37,		-29.37,		-29.37
270,		-29.37,		-29.37,		-29.37
271,		-29.37,		-29.37,		-29.37
272,		-29.37,		-29.37,		-29.37
273,		-29.37,		-29.37,		-29.37
274,		-29.37,		-29.37,		-29.37
275,		-29.37,		-29.37,		-29.37
276,		-29.37,		-29.37,		-29.37
277,		-29.37,		-29.37,		-29.37
278,		-29.37,		-29.37,		-29.37
279,		-29.37,		-29.37,		-29.37
280,		-29.37,		-29.37,		-29.37
281,		-29.37,		-29.37,		-29.37
282,		-29.37,		-29.37,		-29.37
283,		-29.37,		-29.37,		-29.37
284,		-29.37,		-29.37,		-29.37
285,		-29.37,		-29.37,		-29.37
286,		-29.37,		-29.37,		-29.37
287,		-29.37,		-29.37,		-29.37
288,		-29.37,		-29.37,		-29.37
289,		-29.37,		-29.37,		-29.37
290,		-29.37,		-29.37,		-29.37
291,		-29.37,		-29.37,		-29.37
292,		-29.37,		-29.37,		-29.37
293,		-29.37,		-29.37,		-29.37
294,		-29.37,		-29.37,		-29.37
295,		-29.37,		-29.37,		-29.37
296,		-29.37,		-29.37,		-29.37
297,		-29.37,		-29.37,		-29.37
298,		-29.37,		-29.37,		-29.37
299,		-29.37,		-29.37,		-29.37
300,		-29.37,		-29.37,		-29.37
301,		-29.37,		-29.37,		-29.37
302,		-29.37,		-29.37,		-29.37
303,		-29.37,		-29.37,		-29.37
304,		-29.37,		-29.37,		-29.37
305,		-29.37,		-29.37,		-29.37
306,		-29.37,		-29.37,		-29.37
307,		-29.37,		-29.37,		-29.37
308,		-29.37,		-29.37,		-29.37
309,		-29.37,		-29.37,		-29.37
310,		-29.37,		-29.37,		-29.37
311,		-29.37,		-29.37,		-29.37
312,		-29.37,		-29.37,		-29.37
313,		-29.37,		-29.37,		-29.37
314,		-29.37,		-29.37,		-29.37
315,		-29.40,		-29.37,		-29.37
316,		-29.40,		-29.37,		-29.37
317,		-29.40,		-29.38,		-29.37
318,		-29.40,		-29.40,		-29.40
319,		-29.40,		-29.40,		-29.40
320,		-29.40,		-29.40,		-29.40
321,		-29.40,		-29.40,		-29.40
322,		-29.40,		-29.40,		-29.40
323,		-29.40,		-29.40,		-29.40
324,		-29.40,		-29.40,		-29.40
325,		-29.40,		-29.40,		-29.40
326,		-29.40,		-29.40,		-29.40
327,		-29.40,		-29.40,		-29.40
328,		-29.40,		-29.40,		-29.40
329,		-29.40,		-29.40,		-29.40
330,		-29.40,		-29.40,		-29.40
331,		-29.40,		-29.40,		-29.40
332,		-29.40,		-29.40,		-29.40
333,		-29.40,		-29.40,		-29.40
334,		-29.40,		-29.40,		-29.40
335,		-29.40,		-29.40,		-29.40
336,		-29.40,		-29.40,		-29.40
337,		-29.40,		-29.40,		-29.40
338,		-29.40,		-29.40,		-29.40
339,		-29.40,		-29.40,		-29.40
340,		-29.40,		-29.40,		-29.40
341,		-29.40,		-29.40,		-29.40
342,		-29.40,		-29.40,		-29.40
343,		-29.40,		-29.40,		-29.40
344,		-29.40,		-29.40,		-29.40
345,		-29.40,		-29.40,		-29.40
346,		-29.43,		-29.40,		-29.40
347,		-29.47,		-29.40,		-29.40
348,		-29.47,		-29.44,		-29.40
349,		-29.47,		-29.47,		-29.47
350,		-29.47,		-29.47,		-29.47
351,		-29.47,		-29.47,		-29.47
352,		-29.47,		-29.47,		-29.47
353,		-29.47,		-29.47,		-29.47
354,		-29.47,		-29.47,		-29.47
355,		-29.47,		-29.47,		-29.47
356,		-29.50,		-29.47,		-29.47
357,		-29.50,		-29.47,		-29.47
358,		-29.50,		-29.48,		-29.47
359,		-29.50,		-29.50,		-29.50
360,		-29.50,		-29.50,		-29.50
361,		-29.50,		-29.50,		-29.50
362,		-29.50,		-29.50,		-29.50
363,		-29.50,		-29.50,		-29.50
364,		-29.50,		-29.50,		-29.50
365,		-29.50,		-29.50,		-29.50
366,		-29.50,		-29.50,		-29.50
367,		-29.50,		-29.50,		-29.50
368,		-29.50,		-29.50,		-29.50
369,		-29.50,		-29.50,		-29.50
370,		-29.50,		-29.50,		-29.50
371,		-29.50,		-29.50,		-29.50
372,		-29.50,		-29.50,		-29.50
373,		-29.50,		-29.50,		-29.50
374,		-29.50,		-29.50,		-29.50
375,		-29.50,		-29.50,		-29.50
376,		-29.50,		-29.50,		-29.50
377,		-29.50,		-29.50,		-29.50
378,		-29.50,		-29.50,		-29.50
379,		-29.50,		-29.50,		-29.50
380,		-29.50,		-29.50,		-29.50
381,		-29.50,		-29.50,		-29.50
382,		-29.50,		-29.50,		-29.50
383,		-29.50,		-29.50,		-29.50
384,		-29.50,		-29.50,		-29.50
385,		-29.50,		-29.50,		-29.50
386,		-29.50,		-29.50,		-29.50
387,		-29.50,		-29.50,		-29.50
388,		-29.50,		-29.50,		-29.50
389,		-29.53,		-29.50,		-29.50
390,		-29.53,		-29.51,		-29.50
391,		-29.57,		-29.52,		-29.50
392,		-29.57,		-29.55,		-29.53
393,		-29.57,		-29.57,		-29.57
394,		-29.57,		-29.57,		-29.57
395,		-29.57,		-29.57,		-29.57
396,		-29.57,		-29.57,		-29.57
397,		-29.57,		-29.57,		-29.57
398,		-29.57,		-29.57,		-29.57
399,		-29.57,		-29.57,		-29.57
400,		-29.57,		-29.57,		-29.57
401,		-29.57,		-29.57,		-29.57
402,		-29.57,		-29.57,		-29.57
403,		-29.57,		-29.57,		-29.57
404,		-29.57,		-29.57,		-29.57
405,		-29.57,		-29.57,		-29.57
406,		-29.57,		-29.57,		-29.57
407,		-29.57,		-29.57,		-29.57
408,		-29.57,		-29.57,		-29.57
409,		-29.60,		-29.57,		-29.57
410,		-29.60,		-29.58,		-29.57
411,		-29.60,		-29.60,		-29.57
412,		-29.60,		-29.60,		-29.60
413,		-29.60,		-29.60,		-29.60
414,		-29.60,		-29.60,		-29.60
415,		-29.60,		-29.60,		-29.60
416,		-29.60,		-29.60,		-29.60
417,		-29.60,		-29.60,		-29.60
418,		-29.60,		-29.60,		-29.60
419,		-29.60,		-29.60,		-29.60
420,		-29.60,		-29.60,		-29.60
421,		-29.60,		-29.60,		-29.60
422,		-29.60,		-29.60,		-29.60
423,		-29.60,		-29.60,		-29.60
424,		-29.60,		-29.60,		-29.60
425,		-29.60,		-29.60,		-29.60
426,		-29.60,		-29.60,		-29.60
427,		-29.60,		-29.60,		-29.60
428,		-29.60,		-29.60,		-29.60
429,		-29.60,		-29.60,		-29.60
430,		-29.60,		-29.60,		-29.60
431,		-29.60,		-29.60,		-29.60
432,		-29.60,		-29.60,		-29.60
433,		-29.60,		-29.60,		-29.60
434,		-29.60,		-29.60,		-29.60
435,		-29.60,		-29.60,		-29.60
436,		-29.60,		-29.60,		-29.60
437,		-29.60,		-29.60,		-29.60
438,		-29.60,		-29.60,		-29.60
439,		-29.60,		-29.60,		-29.60
440,		-29.60,		-29.60,		-29.60
441,		-29.60,		-29.60,		-29.60
442,		-29.60,		-29.60,		-29.60
443,		-29.60,		-29.60,		-29.60
444,		-29.63,		-29.60,		-29.60
445,		-29.63,		-29.62,		-29.60
446,		-29.63,		-29.63,		-29.63
447,		-29.63,		-29.63,		-29.63
448,		-29.63,		-29.63,		-29.63
449,		-29.63,		-29.63,		-29.63
450,		-29.63,		-29.63,		-29.63
451,		-29.63,		-29.63,		-29.63
452,		-29.63,		-29.63,		-29.63
453,		-29.63,		-29.63,		-29.63
454,		-29.63,		-29.63,		-29.63
455,		-29.63,		-29.63,		-29.63
456,		-29.63,		-29.63,		-29.63
457,		-29.63,		-29.63,		-29.63
458,		-29.63,		-29.63,		-29.63
459,		-29.63,		-29.63,		-29.63
460,		-29.63,		-29.63,		-29.63
461,		-29.63,		-29.63,		-29.63
462,		-29.63,		-29.63,		-29.63
463,		-29.63,		-29.63,		-29.63
464,		-29.63,		-29.63,		-29.63
465,		-29.63,		-29.63,		-29.63
466,		-29.63,		-29.63,		-29.63
467,		-29.63,		-29.63,		-29.63
468,		-29.63,		-29.63,		-29.63
469,		-29.63,		-29.63,		-29.63
470,		-29.63,		-29.63,		-29.63
471,		-29.63,		-29.63,		-29.63
472,		-29.63,		-29.63,		-29.63
473,		-29.63,		-29.63,		-29.63
474,		-29.63,		-29.63,		-29.63
475,		-29.63,		-29.63,		-29.63
476,		-29.63,		-29.63,		-29.63
477,		-29.63,		-29.63,		-29.63
478,		-29.63,		-29.63,		-29.63
479,		-29.63,		-29.63,		-29.63
480,		-29.63,		-29.63,		-29.63
481,		-29.63,		-29.63,		-29.63
482,		-29.63,		-29.63,		-29.63
483,		-29.63,		-29.63,		-29.63
484,		-29.63,		-29.63,		-29.63
485,		-29.63,		-29.63,		-29.63
486,		-29.63,		-29.63,		-29.63
487,		-29.63,		-29.63,		-29.63
488,		-29.63,		-29.63,		-29.63
489,		-29.63,		-29.63,		-29.63
490,		-29.63,		-29.63,		-29.63
491,		-29.63,		-29.63,		-29.63
492,		-29.63,		-29.63,		-29.63
493,		-29.63,		-29.63,		-29.63
494,		-29.63,		-29.63,		-29.63
495,		-29.63,		-29.63,		-29.63
496,		-29.63,		-29.63,		-29.63
497,		-29.63,		-29.63,		-29.63
498,		-29.63,		-29.63,		-29.63
499,		-29.63,		-29.63,		-29.63
500,		-29.63,		-29.63,		-29.63
501,		-29.63,		-29.63,		-29.63
502,		-29.63,		-29.63,		-29.63
503,		-29.63,		-29.63,		-29.63
504,		-29.63,		-29.63,		-29.63
505,		-29.63,		-29.63,		-29.63
506,		-29.63,		-29.63,		-29.63
507,		-29.63,		-29.63,		-29.63
508,		-29.63,		-29.63,		-29.63
509,		-29.63,		-29.63,		-29.63
510,		-29.63,		-29.63,		-29.63
511,		-29.63,		-29.63,		-29.63
512,		-29.63,		-29.63,		-29.63
513,		-29.63,		-29.63,		-29.63
514,		-29.63,		-29.63,		-29.63
515,		-29.63,		-29.63,		-29.63
516,		-29.63,		-29.63,		-29.63
517,		-29.63,		-29.63,		-29.63
518,		-29.63,		-29.63,		-29.63
519,		-29.63,		-29.63,		-29.63
520,		-29.63,		-29.63,		-29.63
521,		-29.63,		-29.63,		-29.63
522,		-29.63,		-29.63,		-29.63
523,		-29.63,		-29.63,		-29.63
524,		-29.63,		-29.63,		-29.63
525,		-29.63,		-29.63,		-29.63
526,		-29.63,		-29.63,		-29.63
527,		-29.63,		-29.63,		-29.63
528,		-29.63,		-29.63,		-29.63
529,		-29.63,		-29.63,		-29.63
530,		-29.63,		-29.63,		-29.63
531,		-29.63,		-29.63,		-29.63
532,		-29.63,		-29.63,		-29.63
533,		-29.63,		-29.63,		-29.63
534,		-29.63,		-29.63,		-29.63
535,		-29.63,		-29.63,		-29.63
536,		-29.63,		-29.63,		-29.63
537,		-29.63,		-29.63,		-29.63
538,		-29.63,		-29.63,		-29.63
539,		-29.63,		-29.63,		-29.63
540,		-29.63,		-29.63,		-29.63
541,		-29.63,		-29.63,		-29.63
542,		-29.63,		-29.63,		-29.63
543,		-29.63,		-29.63,		-29.63
544,		-29.63,		-29.63,		-29.63
545,		-29.63,		-29.63,		-29.63
546,		-29.63,		-29.63,		-29.63
547,		-29.63,		-29.63,		-29.63
548,		-29.63,		-29.63,		-29.63
549,		-29.63,		-29.63,		-29.63
550,		-29.63,		-29.63,		-29.63
551,		-29.63,		-29.63,		-29.63
552,		-29.63,		-29.63,		-29.63
553,		-29.63,		-29.63,		-29.63
554,		-29.63,		-29.63,		-29.63
555,		-29.63,		-29.63,		-29.63
556,		-29.63,		-29.63,		-29.63
557,		-29.63,		-29.63,		-29.63
558,		-29.63,		-29.63,		-29.63
559,		-29.63,		-29.63,		-29.63
560,		-29.63,		-29.63,		-29.63
561,		-29.63,		-29.63,		-29.63
562,		-29.63,		-29.63,		-29.63
563,		-29.67,		-29.63,		-29.63
564,		-29.67,		-29.65,		-29.63
565,		-29.67,		-29.67,		-29.67
566,		-29.67,		-29.67,		-29.67
567,		-29.67,		-29.67,		-29.67
568,		-29.67,		-29.67,		-29.67
569,		-29.67,		-29.67,		-29.67
570,		-29.67,		-29.67,		-29.67
571,		-29.67,		-29.67,		-29.67
572,		-29.67,		-29.67,		-29.67
573,		-29.67,		-29.67,		-29.67
574,		-29.67,		-29.67,		-29.67
575,		-29.67,		-29.67,		-29.67
576,		-29.67,		-29.67,		-29.67
577,		-29.67,		-29.67,		-29.67
578,		-29.67,		-29.67,		-29.67
579,		-29.67,		-29.67,		-29.67
580,		-29.67,		-29.67,		-29.67
581,		-29.67,		-29.67,		-29.67
582,		-29.67,		-29.67,		-29.67
583,		-29.67,		-29.67,		-29.67
584,		-29.67,		-29.67,		-29.67
585,		-29.67,		-29.67,		-29.67
586,		-29.67,		-29.67,		-29.67
587,		-29.67,		-29.67,		-29.67
588,		-29.70,		-29.67,		-29.67
589,		-29.70,		-29.67,		-29.67
590,		-29.70,		-29.68,		-29.67
591,		-29.70,		-29.70,		-29.70
592,		-29.70,		-29.70,		-29.70
593,		-29.70,		-29.70,		-29.70
594,		-29.70,		-29.70,		-29.70
595,		-29.70,		-29.70,		-29.70
596,		-29.70,		-29.70,		-29.70
597,		-29.70,		-29.70,		-29.70
598,		-29.70,		-29.70,		-29.70
599,		-29.70,		-29.70,		-29.70
600,		-29.70,		-29.70,		-29.70
601,		-29.70,		-29.70,		-29.70
602,		-29.70,		-29.70,		-29.70
603,		-29.70,		-29.70,		-29.70
604,		-29.70,		-29.70,		-29.70
605,		-29.70,		-29.70,		-29.70
606,		-29.70,		-29.70,		-29.70
607,		-29.70,		-29.70,		-29.70
608,		-29.70,		-29.70,		-29.70
609,		-29.70,		-29.70,		-29.70
610,		-29.70,		-29.70,		-29.70
611,		-29.73,		-29.70,		-29.70
612,		-29.73,		-29.71,		-29.70
613,		-29.73,		-29.71,		-29.70
614,		-29.73,		-29.73,		-29.73
615,		-29.73,		-29.73,		-29.73
616,		-29.73,		-29.73,		-29.73
617,		-29.73,		-29.73,		-29.73
618,		-29.73,		-29.73,		-29.73
619,		-29.73,		-29.73,		-29.73
620,		-29.73,		-29.73,		-29.73
621,		-29.73,		-29.73,		-29.73
622,		-29.73,		-29.73,		-29.73
623,		-29.73,		-29.73,		-29.73
624,		-29.73,		-29.73,		-29.73
625,		-29.73,		-29.73,		-29.73
626,		-29.73,		-29.73,		-29.73
627,		-29.73,		-29.73,		-29.73
628,		-29.73,		-29.73,		-29.73
629,		-29.73,		-29.73,		-29.73
630,		-29.73,		-29.73,		-29.73
631,		-29.73,		-29.73,		-29.73
632,		-29.73,		-29.73,		-29.73
633,		-29.73,		-29.73,		-29.73
634,		-29.73,		-29.73,		-29.73
635,		-29.73,		-29.73,		-29.73
636,		-29.73,		-29.73,		-29.73
637,		-29.73,		-29.73,		-29.73
638,		-29.73,		-29.73,		-29.73
639,		-29.73,		-29.73,		-29.73
640,		-29.73,		-29.73,		-29.73
641,		-29.73,		-29.73,		-29.73
642,		-29.73,		-29.73,		-29.73
643,		-29.73,		-29.73,		-29.73
644,		-29.73,		-29.73,		-29.73
645,		-29.73,		-29.73,		-29.73
646,		-29.73,		-29.73,		-29.73
647,		-29.73,		-29.73,		-29.73
648,		-29.73,		-29.73,		-29.73
649,		-29.73,		-29.73,		-29.73
650,		-29.73,		-29.73,		-29.73
651,		-29.73,		-29.73,		-29.73
652,		-29.73,		-29.73,		-29.73
653,		-29.73,		-29.73,		-29.73
654,		-29.77,		-29.73,		-29.73
655,		-29.77,		-29.75,		-29.73
656,		-29.77,		-29.77,		-29.77
657,		-29.77,		-29.77,		-29.77
658,		-29.77,		-29.77,		-29.77
659,		-29.77,		-29.77,		-29.77
660,		-29.77,		-29.77,		-29.77
661,		-29.77,		-29.77,		-29.77
662,		-29.77,		-29.77,		-29.77
663,		-29.77,		-29.77,		-29.77
664,		-29.77,		-29.77,		-29.77
665,		-29.77,		-29.77,		-29.77
666,		-29.77,		-29.77,		-29.77
667,		-29.77,		-29.77,		-29.77
668,		-29.77,		-29.77,		-29.77
669,		-29.77,		-29.77,		-29.77
670,		-29.77,		-29.77,		-29.77
671,		-29.77,		-29.77,		-29.77
672,		-29.77,		-29.77,		-29.77
673,		-29.80,		-29.77,		-29.77
674,		-29.80,		-29.78,		-29.77
675,		-29.80,		-29.80,		-29.80
676,		-29.80,		-29.80,		-29.80
677,		-29.80,		-29.80,		-29.80
678,		-29.80,		-29.80,		-29.80
679,		-29.80,		-29.80,		-29.80
680,		-29.80,		-29.80,		-29.80
681,		-29.80,		-29.80,		-29.80
682,		-29.80,		-29.80,		-29.80
683,		-29.80,		-29.80,		-29.80
684,		-29.80,		-29.80,		-29.80
685,		-29.80,		-29.80,		-29.80
686,		-29.80,		-29.80,		-29.80
687,		-29.80,		-29.80,		-29.80
688,		-29.80,		-29.80,		-29.80
689,		-29.80,		-29.80,		-29.80
690,		-29.80,		-29.80,		-29.80
691,		-29.80,		-29.80,		-29.80
692,		-29.80,		-29.80,		-29.80
693,		-29.80,		-29.80,		-29.80
694,		-29.80,		-29.80,		-29.80
695,		-29.80,		-29.80,		-29.80
696,		-29.80,		-29.80,		-29.80
697,		-29.80,		-29.80,		-29.80
698,		-29.80,		-29.80,		-29.80
699,		-29.80,		-29.80,		-29.80
700,		-29.80,		-29.80,		-29.80
701,		-29.80,		-29.80,		-29.80
702,		-29.80,		-29.80,		-29.80
703,		-29.80,		-29.80,		-29.80
704,		-29.80,		-29.80,		-29.80
705,		-29.80,		-29.80,		-29.80
706,		-29.80,		-29.80,		-29.80
707,		-29.80,		-29.80,		-29.80
708,		-29.80,		-29.80,		-29.80
709,		-29.80,		-29.80,		-29.80
710,		-29.80,		-29.80,		-29.80
711,		-29.80,		-29.80,		-29.80
712,		-29.80,		-29.80,		-29.80
713,		-29.80,		-29.80,		-29.80
714,		-29.80,		-29.80,		-29.80
715,		-29.80,		-29.80,		-29.80
716,		-29.80,		-29.80,		-29.80
717,		-29.80,		-29.80,		-29.80
718,		-29.80,		-29.80,		-29.80
719,		-29.80,		-29.80,		-29.80
720,		-29.80,		-29.80,		-29.80
721,		-29.80,		-29.80,		-29.80
722,		-29.80,		-29.80,		-29.80
723,		-29.80,		-29.80,		-29.80
724,		-29.80,		-29.80,		-29.80
725,		-29.80,		-29.80,		-29.80
726,		-29.80,		-29.80,		-29.80
727,		-29.80,		-29.80,		-29.80
728,		-29.80,		-29.80,		-29.80
729,		-29.80,		-29.80,		-29.80
730,		-29.80,		-29.80,		-29.80
731,		-29.80,		-29.80,		-29.80
732,		-29.80,		-29.80,		-29.80
733,		-29.80,		-29.80,		-29.80
734,		-29.80,		-29.80,		-29.80
735,		-29.80,		-29.80,		-29.80
736,		-29.80,		-29.80,		-29.80
737,		-29.80,		-29.80,		-29.80
738,		-29.80,		-29.80,		-29.80
739,		-29.80,		-29.80,		-29.80
740,		-29.80,		-29.80,		-29.80
741,		-29.80,		-29.80,		-29.80
742,		-29.80,		-29.80,		-29.80
743,		-29.80,		-29.80,		-29.80
744,		-29.80,		-29.80,		-29.80
745,		-29.80,		-29.80,		-29.80
746,		-29.80,		-29.80,		-29.80
747,		-29.80,		-29.80,		-29.80
748,		-29.80,		-29.80,		-29.80
749,		-29.80,		-29.80,		-29.80
750,		-29.80,		-29.80,		-29.80
751,		-29.80,		-29.80,		-29.80
752,		-29.80,		-29.80,		-29.80
753,		-29.80,		-29.80,		-29.80
754,		-29.80,		-29.80,		-29.80
755,		-29.80,		-29.80,		-29.80
756,		-29.80,		-29.80,		-29.80
757,		-29.80,		-29.80,		-29.80
758,		-29.80,		-29.80,		-29.80
759,		-29.80,		-29.80,		-29.80
760,		-29.80,		-29.80,		-29.80
761,		-29.80,		-29.80,		-29.80
762,		-29.80,		-29.80,		-29.80
763,		-29.80,		-29.80,		-29.80
764,		-29.80,		-29.80,		-29.80
765,		-29.80,		-29.80,		-29.80
766,		-29.80,		-29.80,		-29.80
767,		-29.80,		-29.80,		-29.80
768,		-29.80,		-29.80,		-29.80
769,		-29.80,		-29.80,		-29.80
770,		-29.80,		-29.80,		-29.80
771,		-29.80,		-29.80,		-29.80
772,		-29.83,		-29.80,		-29.80
773,		-29.83,		-29.82,		-29.80
774,		-29.83,		-29.83,		-29.83
775,		-29.83,		-29.83,		-29.83
776,		-29.83,		-29.83,		-29.83
777,		-29.83,		-29.83,		-29.83
778,		-29.83,		-29.83,		-29.83
779,		-29.83,		-29.83,		-29.83
780,		-29.83,		-29.83,		-29.83
781,		-29.83,		-29.83,		-29.83
782,		-29.83,		-29.83,		-29.83
783,		-29.83,		-29.83,		-29.83
784,		-29.83,		-29.83,		-29.83
785,		-29.83,		-29.83,		-29.83
786,		-29.83,		-29.83,		-29.83
787,		-29.83,		-29.83,		-29.83
788,		-29.83,		-29.83,		-29.83
789,		-29.83,		-29.83,		-29.83
790,		-29.83,		-29.83,		-29.83
791,		-29.83,		-29.83,		-29.83
792,		-29.83,		-29.83,		-29.83
793,		-29.83,		-29.83,		-29.83
794,		-29.83,		-29.83,		-29.83
795,		-29.83,		-29.83,		-29.83
796,		-29.83,		-29.83,		-29.83
797,		-29.83,		-29.83,		-29.83
798,		-29.83,		-29.83,		-29.83
799,		-29.83,		-29.83,		-29.83
800,		-29.83,		-29.83,		-29.83
801,		-29.83,		-29.83,		-29.83
802,		-29.83,		-29.83,		-29.83
803,		-29.83,		-29.83,		-29.83
804,		-29.83,		-29.83,		-29.83
805,		-29.83,		-29.83,		-29.83
806,		-29.83,		-29.83,		-29.83
807,		-29.83,		-29.83,		-29.83
808,		-29.83,		-29.83,		-29.83
809,		-29.83,		-29.83,		-29.83
810,		-29.83,		-29.83,		-29.83
811,		-29.83,		-29.83,		-29.83
812,		-29.83,		-29.83,		-29.83
813,		-29.83,		-29.83,		-29.83
814,		-29.83,		-29.83,		-29.83
815,		-29.83,		-29.83,		-29.83
816,		-29.83,		-29.83,		-29.83
817,		-29.83,		-29.83,		-29.83
818,		-29.83,		-29.83,		-29.83
819,		-29.83,		-29.83,		-29.83
820,		-29.83,		-29.83,		-29.83
821,		-29.83,		-29.83,		-29.83
822,		-29.83,		-29.83,		-29.83
823,		-29.83,		-29.83,		-29.83
824,		-29.83,		-29.83,		-29.83
825,		-29.83,		-29.83,		-29.83
826,		-29.83,		-29.83,		-29.83
827,		-29.83,		-29.83,		-29.83
828,		-29.83,		-29.83,		-29.83
829,		-29.83,		-29.83,		-29.83
830,		-29.83,		-29.83,		-29.83
831,		-29.83,		-29.83,		-29.83
832,		-29.83,		-29.83,		-29.83
833,		-29.83,		-29.83,		-29.83
834,		-29.83,		-29.83,		-29.83
835,		-29.83,		-29.83,		-29.83
836,		-29.83,		-29.83,		-29.83
837,		-29.83,		-29.83,		-29.83
838,		-29.83,		-29.83,		-29.83
839,		-29.83,		-29.83,		-29.83
840,		-29.83,		-29.83,		-29.83
841,		-29.83,		-29.83,		-29.83
842,		-29.83,		-29.83,		-29.83
843,		-29.83,		-29.83,		-29.83
844,		-29.83,		-29.83,		-29.83
845,		-29.83,		-29.83,		-29.83
846,		-29.83,		-29.83,		-29.83
847,		-29.83,		-29.83,		-29.83
848,		-29.83,		-29.83,		-29.83
849,		-29.83,		-29.83,		-29.83
850,		-29.83,		-29.83,		-29.83
851,		-29.83,		-29.83,		-29.83
852,		-29.83,		-29.83,		-29.83
853,		-29.83,		-29.83,		-29.83
854,		-29.83,		-29.83,		-29.83
855,		-29.83,		-29.83,		-29.83
856,		-29.83,		-29.83,		-29.83
857,		-29.83,		-29.83,		-29.83
858,		-29.83,		-29.83,		-29.83
859,		-29.83,		-29.83,		-29.83
860,		-29.83,		-29.83,		-29.83
861,		-29.83,		-29.83,		-29.83
862,		-29.83,		-29.83,		-29.83
863,		-29.83,		-29.83,		-29.83
864,		-29.83,		-29.83,		-29.83
865,		-29.83,		-29.83,		-29.83
866,		-29.83,		-29.83,		-29.83
867,		-29.83,		-29.83,		-29.83
868,		-29.83,		-29.83,		-29.83
869,		-29.83,		-29.83,		-29.83
870,		-29.83,		-29.83,		-29.83
871,		-29.83,		-29.83,		-29.83
872,		-29.83,		-29.83,		-29.83
873,		-29.83,		-29.83,		-29.83
874,		-29.83,		-29.83,		-29.83
875,		-29.83,		-29.83,		-29.83
876,		-29.83,		-29.83,		-29.83
877,		-29.83,		-29.83,		-29.83
878,		-29.83,		-29.83,		-29.83
879,		-29.83,		-29.83,		-29.83
880,		-29.83,		-29.83,		-29.83
881,		-29.83,		-29.83,		-29.83
882,		-29.83,		-29.83,		-29.83
883,		-29.83,		-29.83,		-29.83
884,		-29.83,		-29.83,		-29.83
885,		-29.83,		-29.83,		-29.83
886,		-29.83,		-29.83,		-29.83
887,		-29.83,		-29.83,		-29.83
888,		-29.83,		-29.83,		-29.83
889,		-29.83,		-29.83,		-29.83
890,		-29.83,		-29.83,		-29.83
891,		-29.83,		-29.83,		-29.83
892,		-29.83,		-29.83,		-29.83
893,		-29.83,		-29.83,		-29.83
894,		-29.83,		-29.83,		-29.83
895,		-29.83,		-29.83,		-29.83
896,		-29.83,		-29.83,		-29.83
897,		-29.83,		-29.83,		-29.83
898,		-29.83,		-29.83,		-29.83
899,		-29.83,		-29.83,		-29.83
900,		-29.83,		-29.83,		-29.83
901,		-29.83,		-29.83,		-29.83
902,		-29.83,		-29.83,		-29.83
903,		-29.83,		-29.83,		-29.83
904,		-29.83,		-29.83,		-29.83
905,		-29.83,		-29.83,		-29.83
906,		-29.83,		-29.83,		-29.83
907,		-29.83,		-29.83,		-29.83
908,		-29.83,		-29.83,		-29.83
909,		-29.83,		-29.83,		-29.83
910,		-29.83,		-29.83,		-29.83
911,		-29.83,		-29.83,		-29.83
912,		-29.83,		-29.83,		-29.83
913,		-29.83,		-29.83,		-29.83
914,		-29.83,		-29.83,		-29.83
915,		-29.83,		-29.83,		-29.83
916,		-29.83,		-29.83,		-29.83
917,		-29.83,		-29.83,		-29.83
918,		-29.83,		-29.83,		-29.83
919,		-29.83,		-29.83,		-29.83
920,		-29.83,		-29.83,		-29.83
921,		-29.83,		-29.83,		-29.83
922,		-29.83,		-29.83,		-29.83
923,		-29.83,		-29.83,		-29.83
924,		-29.83,		-29.83,		-29.83
925,		-29.83,		-29.83,		-29.83
926,		-29.83,		-29.83,		-29.83
927,		-29.83,		-29.83,		-29.83
928,		-29.83,		-29.83,		-29.83
929,		-29.83,		-29.83,		-29.83
930,		-29.83,		-29.83,		-29.83
931,		-29.83,		-29.83,		-29.83
932,		-29.83,		-29.83,		-29.83
933,		-29.83,		-29.83,		-29.83
934,		-29.83,		-29.83,		-29.83
935,		-29.83,		-29.83,		-29.83
936,		-29.83,		-29.83,		-29.83
937,		-29.83,		-29.83,		-29.83
938,		-29.83,		-29.83,		-29.83
939,		-29.83,		-29.83,		-29.83
940,		-29.83,		-29.83,		-29.83
941,		-29.83,		-29.83,		-29.83
942,		-29.83,		-29.83,		-29.83
943,		-29.83,		-29.83,		-29.83
944,		-29.83,		-29.83,		-29.83
945,		-29.83,		-29.83,		-29.83
946,		-29.83,		-29.83,		-29.83
947,		-29.83,		-29.83,		-29.83
948,		-29.83,		-29.83,		-29.83
949,		-29.83,		-29.83,		-29.83
950,		-29.83,		-29.83,		-29.83
951,		-29.83,		-29.83,		-29.83
952,		-29.83,		-29.83,		-29.83
953,		-29.83,		-29.83,		-29.83
954,		-29.83,		-29.83,		-29.83
955,		-29.83,		-29.83,		-29.83
956,		-29.83,		-29.83,		-29.83
957,		-29.83,		-29.83,		-29.83
958,		-29.83,		-29.83,		-29.83
959,		-29.83,		-29.83,		-29.83
960,		-29.83,		-29.83,		-29.83
961,		-29.87,		-29.83,		-29.83
962,		-29.87,		-29.84,		-29.83
963,		-29.87,		-29.85,		-29.83
964,		-29.87,		-29.87,		-29.87
965,		-29.87,		-29.87,		-29.87
966,		-29.87,		-29.87,		-29.87
967,		-29.87,		-29.87,		-29.87
968,		-29.87,		-29.87,		-29.87
969,		-29.87,		-29.87,		-29.87
970,		-29.87,		-29.87,		-29.87
971,		-29.87,		-29.87,		-29.87
972,		-29.87,		-29.87,		-29.87
973,		-29.87,		-29.87,		-29.87
974,		-29.87,		-29.87,		-29.87
975,		-29.87,		-29.87,		-29.87
976,		-29.87,		-29.87,		-29.87
977,		-29.87,		-29.87,		-29.87
978,		-29.87,		-29.87,		-29.87
979,		-29.87,		-29.87,		-29.87
980,		-29.87,		-29.87,		-29.87
981,		-29.87,		-29.87,		-29.87
982,		-29.87,		-29.87,		-29.87
983,		-29.87,		-29.87,		-29.87
984,		-29.87,		-29.87,		-29.87
985,		-29.87,		-29.87,		-29.87
986,		-29.87,		-29.87,		-29.87
987,		-29.87,		-29.87,		-29.87
988,		-29.87,		-29.87,		-29.87
989,		-29.87,		-29.87,		-29.87
990,		-29.87,		-29.87,		-29.87
991,		-29.87,		-29.87,		-29.87
992,		-29.87,		-29.87,		-29.87
993,		-29.87,		-29.87,		-29.87
994,		-29.87,		-29.87,		-29.87
995,		-29.87,		-29.87,		-29.87
996,		-29.87,		-29.87,		-29.87
997,		-29.87,		-29.87,		-29.87
998,		-29.87,		-29.87,		-29.87
999,		-29.87,		-29.87,		-29.87
