RANDOM_SEED, 1698992412
GEN,		MIN,			AVE,			MAX,
0,		-21.00,		-2.56,		17.00,
1,		-22.00,		-6.20,		-1.00,
2,		-22.00,		-8.82,		-5.00,
3,		-25.00,		-16.70,		-11.00,
4,		-28.00,		-22.36,		-19.00,
5,		-28.00,		-26.02,		-24.00,
6,		-28.00,		-27.94,		-27.00,
7,		-29.00,		-28.00,		-28.00,
8,		-29.00,		-28.49,		-28.00,
9,		-29.00,		-29.00,		-29.00,
10,		-29.00,		-29.00,		-29.00,
11,		-29.00,		-29.00,		-29.00,
12,		-29.00,		-29.00,		-29.00,
13,		-29.00,		-29.00,		-29.00,
14,		-29.00,		-29.00,		-29.00,
15,		-29.00,		-29.00,		-29.00,
16,		-29.00,		-29.00,		-29.00,
17,		-29.00,		-29.00,		-29.00,
18,		-29.00,		-29.00,		-29.00,
19,		-29.00,		-29.00,		-29.00,
20,		-29.00,		-29.00,		-29.00,
21,		-29.00,		-29.00,		-29.00,
22,		-29.00,		-29.00,		-29.00,
23,		-29.00,		-29.00,		-29.00,
24,		-29.00,		-29.00,		-29.00,
25,		-29.00,		-29.00,		-29.00,
26,		-29.00,		-29.00,		-29.00,
27,		-29.00,		-29.00,		-29.00,
28,		-29.00,		-29.00,		-29.00,
29,		-29.00,		-29.00,		-29.00,
30,		-29.00,		-29.00,		-29.00,
31,		-29.00,		-29.00,		-29.00,
32,		-29.00,		-29.00,		-29.00,
33,		-29.00,		-29.00,		-29.00,
34,		-29.00,		-29.00,		-29.00,
35,		-29.00,		-29.00,		-29.00,
36,		-29.00,		-29.00,		-29.00,
37,		-29.00,		-29.00,		-29.00,
38,		-29.00,		-29.00,		-29.00,
39,		-29.00,		-29.00,		-29.00,
40,		-29.00,		-29.00,		-29.00,
41,		-29.00,		-29.00,		-29.00,
42,		-29.00,		-29.00,		-29.00,
43,		-29.00,		-29.00,		-29.00,
44,		-29.00,		-29.00,		-29.00,
45,		-29.00,		-29.00,		-29.00,
46,		-29.00,		-29.00,		-29.00,
47,		-29.00,		-29.00,		-29.00,
48,		-29.00,		-29.00,		-29.00,
49,		-29.00,		-29.00,		-29.00,
50,		-29.00,		-29.00,		-29.00,
51,		-29.00,		-29.00,		-29.00,
52,		-29.00,		-29.00,		-29.00,
53,		-29.00,		-29.00,		-29.00,
54,		-29.00,		-29.00,		-29.00,
55,		-29.00,		-29.00,		-29.00,
56,		-29.00,		-29.00,		-29.00,
57,		-29.00,		-29.00,		-29.00,
58,		-29.00,		-29.00,		-29.00,
59,		-29.00,		-29.00,		-29.00,
60,		-29.00,		-29.00,		-29.00,
61,		-29.00,		-29.00,		-29.00,
62,		-29.00,		-29.00,		-29.00,
63,		-29.00,		-29.00,		-29.00,
64,		-29.00,		-29.00,		-29.00,
65,		-29.00,		-29.00,		-29.00,
66,		-29.00,		-29.00,		-29.00,
67,		-29.00,		-29.00,		-29.00,
68,		-29.00,		-29.00,		-29.00,
69,		-29.00,		-29.00,		-29.00,
70,		-29.00,		-29.00,		-29.00,
71,		-29.00,		-29.00,		-29.00,
72,		-29.00,		-29.00,		-29.00,
73,		-29.00,		-29.00,		-29.00,
74,		-29.00,		-29.00,		-29.00,
75,		-29.00,		-29.00,		-29.00,
76,		-29.00,		-29.00,		-29.00,
77,		-29.00,		-29.00,		-29.00,
78,		-29.00,		-29.00,		-29.00,
79,		-29.00,		-29.00,		-29.00,
80,		-29.00,		-29.00,		-29.00,
81,		-29.00,		-29.00,		-29.00,
82,		-29.00,		-29.00,		-29.00,
83,		-29.00,		-29.00,		-29.00,
84,		-29.00,		-29.00,		-29.00,
85,		-29.00,		-29.00,		-29.00,
86,		-29.00,		-29.00,		-29.00,
87,		-29.00,		-29.00,		-29.00,
88,		-29.00,		-29.00,		-29.00,
89,		-29.00,		-29.00,		-29.00,
90,		-29.00,		-29.00,		-29.00,
91,		-29.00,		-29.00,		-29.00,
92,		-29.00,		-29.00,		-29.00,
93,		-29.00,		-29.00,		-29.00,
94,		-29.00,		-29.00,		-29.00,
95,		-29.00,		-29.00,		-29.00,
96,		-29.00,		-29.00,		-29.00,
97,		-29.00,		-29.00,		-29.00,
98,		-29.00,		-29.00,		-29.00,
99,		-29.00,		-29.00,		-29.00,
100,		-29.00,		-29.00,		-29.00,
101,		-29.00,		-29.00,		-29.00,
102,		-29.00,		-29.00,		-29.00,
103,		-29.00,		-29.00,		-29.00,
104,		-29.00,		-29.00,		-29.00,
105,		-29.00,		-29.00,		-29.00,
106,		-29.00,		-29.00,		-29.00,
107,		-29.00,		-29.00,		-29.00,
108,		-29.00,		-29.00,		-29.00,
109,		-29.00,		-29.00,		-29.00,
110,		-29.00,		-29.00,		-29.00,
111,		-29.00,		-29.00,		-29.00,
112,		-29.00,		-29.00,		-29.00,
113,		-29.00,		-29.00,		-29.00,
114,		-29.00,		-29.00,		-29.00,
115,		-29.00,		-29.00,		-29.00,
116,		-29.00,		-29.00,		-29.00,
117,		-29.00,		-29.00,		-29.00,
118,		-29.00,		-29.00,		-29.00,
119,		-29.00,		-29.00,		-29.00,
120,		-29.00,		-29.00,		-29.00,
121,		-29.00,		-29.00,		-29.00,
122,		-29.00,		-29.00,		-29.00,
123,		-29.00,		-29.00,		-29.00,
124,		-29.00,		-29.00,		-29.00,
125,		-29.00,		-29.00,		-29.00,
126,		-29.00,		-29.00,		-29.00,
127,		-29.00,		-29.00,		-29.00,
128,		-29.00,		-29.00,		-29.00,
129,		-29.00,		-29.00,		-29.00,
130,		-29.00,		-29.00,		-29.00,
131,		-29.00,		-29.00,		-29.00,
132,		-29.00,		-29.00,		-29.00,
133,		-29.00,		-29.00,		-29.00,
134,		-29.00,		-29.00,		-29.00,
135,		-29.00,		-29.00,		-29.00,
136,		-29.00,		-29.00,		-29.00,
137,		-29.00,		-29.00,		-29.00,
138,		-29.00,		-29.00,		-29.00,
139,		-29.00,		-29.00,		-29.00,
140,		-29.00,		-29.00,		-29.00,
141,		-29.00,		-29.00,		-29.00,
142,		-29.00,		-29.00,		-29.00,
143,		-29.00,		-29.00,		-29.00,
144,		-29.00,		-29.00,		-29.00,
145,		-29.00,		-29.00,		-29.00,
146,		-29.00,		-29.00,		-29.00,
147,		-29.00,		-29.00,		-29.00,
148,		-29.00,		-29.00,		-29.00,
149,		-29.00,		-29.00,		-29.00,
150,		-29.00,		-29.00,		-29.00,
151,		-29.00,		-29.00,		-29.00,
152,		-29.00,		-29.00,		-29.00,
153,		-29.00,		-29.00,		-29.00,
154,		-29.00,		-29.00,		-29.00,
155,		-29.00,		-29.00,		-29.00,
156,		-29.00,		-29.00,		-29.00,
157,		-29.00,		-29.00,		-29.00,
158,		-29.00,		-29.00,		-29.00,
159,		-29.00,		-29.00,		-29.00,
160,		-29.00,		-29.00,		-29.00,
161,		-29.00,		-29.00,		-29.00,
162,		-29.00,		-29.00,		-29.00,
163,		-29.00,		-29.00,		-29.00,
164,		-29.00,		-29.00,		-29.00,
165,		-29.00,		-29.00,		-29.00,
166,		-29.00,		-29.00,		-29.00,
167,		-29.00,		-29.00,		-29.00,
168,		-29.00,		-29.00,		-29.00,
169,		-29.00,		-29.00,		-29.00,
170,		-29.00,		-29.00,		-29.00,
171,		-29.00,		-29.00,		-29.00,
172,		-29.00,		-29.00,		-29.00,
173,		-29.00,		-29.00,		-29.00,
174,		-29.00,		-29.00,		-29.00,
175,		-29.00,		-29.00,		-29.00,
176,		-29.00,		-29.00,		-29.00,
177,		-29.00,		-29.00,		-29.00,
178,		-29.00,		-29.00,		-29.00,
179,		-29.00,		-29.00,		-29.00,
180,		-29.00,		-29.00,		-29.00,
181,		-29.00,		-29.00,		-29.00,
182,		-29.00,		-29.00,		-29.00,
183,		-29.00,		-29.00,		-29.00,
184,		-29.00,		-29.00,		-29.00,
185,		-29.00,		-29.00,		-29.00,
186,		-29.00,		-29.00,		-29.00,
187,		-29.00,		-29.00,		-29.00,
188,		-29.00,		-29.00,		-29.00,
189,		-29.00,		-29.00,		-29.00,
190,		-29.00,		-29.00,		-29.00,
191,		-29.00,		-29.00,		-29.00,
192,		-29.00,		-29.00,		-29.00,
193,		-29.00,		-29.00,		-29.00,
194,		-29.00,		-29.00,		-29.00,
195,		-29.00,		-29.00,		-29.00,
196,		-29.00,		-29.00,		-29.00,
197,		-29.00,		-29.00,		-29.00,
198,		-29.00,		-29.00,		-29.00,
199,		-29.00,		-29.00,		-29.00,
200,		-29.00,		-29.00,		-29.00,
201,		-29.00,		-29.00,		-29.00,
202,		-29.00,		-29.00,		-29.00,
203,		-29.00,		-29.00,		-29.00,
204,		-29.00,		-29.00,		-29.00,
205,		-29.00,		-29.00,		-29.00,
206,		-29.00,		-29.00,		-29.00,
207,		-29.00,		-29.00,		-29.00,
208,		-29.00,		-29.00,		-29.00,
209,		-29.00,		-29.00,		-29.00,
210,		-29.00,		-29.00,		-29.00,
211,		-29.00,		-29.00,		-29.00,
212,		-29.00,		-29.00,		-29.00,
213,		-29.00,		-29.00,		-29.00,
214,		-29.00,		-29.00,		-29.00,
215,		-29.00,		-29.00,		-29.00,
216,		-29.00,		-29.00,		-29.00,
217,		-29.00,		-29.00,		-29.00,
218,		-29.00,		-29.00,		-29.00,
219,		-29.00,		-29.00,		-29.00,
220,		-29.00,		-29.00,		-29.00,
221,		-29.00,		-29.00,		-29.00,
222,		-29.00,		-29.00,		-29.00,
223,		-29.00,		-29.00,		-29.00,
224,		-29.00,		-29.00,		-29.00,
225,		-29.00,		-29.00,		-29.00,
226,		-29.00,		-29.00,		-29.00,
227,		-29.00,		-29.00,		-29.00,
228,		-29.00,		-29.00,		-29.00,
229,		-29.00,		-29.00,		-29.00,
230,		-29.00,		-29.00,		-29.00,
231,		-29.00,		-29.00,		-29.00,
232,		-29.00,		-29.00,		-29.00,
233,		-29.00,		-29.00,		-29.00,
234,		-29.00,		-29.00,		-29.00,
235,		-29.00,		-29.00,		-29.00,
236,		-29.00,		-29.00,		-29.00,
237,		-29.00,		-29.00,		-29.00,
238,		-29.00,		-29.00,		-29.00,
239,		-29.00,		-29.00,		-29.00,
240,		-29.00,		-29.00,		-29.00,
241,		-29.00,		-29.00,		-29.00,
242,		-29.00,		-29.00,		-29.00,
243,		-29.00,		-29.00,		-29.00,
244,		-29.00,		-29.00,		-29.00,
245,		-29.00,		-29.00,		-29.00,
246,		-29.00,		-29.00,		-29.00,
247,		-29.00,		-29.00,		-29.00,
248,		-29.00,		-29.00,		-29.00,
249,		-29.00,		-29.00,		-29.00,
250,		-29.00,		-29.00,		-29.00,
251,		-29.00,		-29.00,		-29.00,
252,		-29.00,		-29.00,		-29.00,
253,		-29.00,		-29.00,		-29.00,
254,		-29.00,		-29.00,		-29.00,
255,		-29.00,		-29.00,		-29.00,
256,		-29.00,		-29.00,		-29.00,
257,		-29.00,		-29.00,		-29.00,
258,		-29.00,		-29.00,		-29.00,
259,		-29.00,		-29.00,		-29.00,
260,		-29.00,		-29.00,		-29.00,
261,		-29.00,		-29.00,		-29.00,
262,		-29.00,		-29.00,		-29.00,
263,		-29.00,		-29.00,		-29.00,
264,		-29.00,		-29.00,		-29.00,
265,		-29.00,		-29.00,		-29.00,
266,		-29.00,		-29.00,		-29.00,
267,		-29.00,		-29.00,		-29.00,
268,		-29.00,		-29.00,		-29.00,
269,		-29.00,		-29.00,		-29.00,
270,		-29.00,		-29.00,		-29.00,
271,		-29.00,		-29.00,		-29.00,
272,		-29.00,		-29.00,		-29.00,
273,		-29.00,		-29.00,		-29.00,
274,		-29.00,		-29.00,		-29.00,
275,		-29.00,		-29.00,		-29.00,
276,		-29.00,		-29.00,		-29.00,
277,		-29.00,		-29.00,		-29.00,
278,		-29.00,		-29.00,		-29.00,
279,		-29.00,		-29.00,		-29.00,
280,		-29.00,		-29.00,		-29.00,
281,		-29.00,		-29.00,		-29.00,
282,		-29.00,		-29.00,		-29.00,
283,		-29.00,		-29.00,		-29.00,
284,		-29.00,		-29.00,		-29.00,
285,		-29.00,		-29.00,		-29.00,
286,		-29.00,		-29.00,		-29.00,
287,		-29.00,		-29.00,		-29.00,
288,		-29.00,		-29.00,		-29.00,
289,		-29.00,		-29.00,		-29.00,
290,		-29.00,		-29.00,		-29.00,
291,		-29.00,		-29.00,		-29.00,
292,		-29.00,		-29.00,		-29.00,
293,		-29.00,		-29.00,		-29.00,
294,		-29.00,		-29.00,		-29.00,
295,		-29.00,		-29.00,		-29.00,
296,		-29.00,		-29.00,		-29.00,
297,		-29.00,		-29.00,		-29.00,
298,		-29.00,		-29.00,		-29.00,
299,		-29.00,		-29.00,		-29.00,
300,		-29.00,		-29.00,		-29.00,
301,		-29.00,		-29.00,		-29.00,
302,		-29.00,		-29.00,		-29.00,
303,		-29.00,		-29.00,		-29.00,
304,		-29.00,		-29.00,		-29.00,
305,		-29.00,		-29.00,		-29.00,
306,		-29.00,		-29.00,		-29.00,
307,		-29.00,		-29.00,		-29.00,
308,		-29.00,		-29.00,		-29.00,
309,		-29.00,		-29.00,		-29.00,
310,		-29.00,		-29.00,		-29.00,
311,		-29.00,		-29.00,		-29.00,
312,		-29.00,		-29.00,		-29.00,
313,		-29.00,		-29.00,		-29.00,
314,		-29.00,		-29.00,		-29.00,
315,		-29.00,		-29.00,		-29.00,
316,		-29.00,		-29.00,		-29.00,
317,		-29.00,		-29.00,		-29.00,
318,		-29.00,		-29.00,		-29.00,
319,		-29.00,		-29.00,		-29.00,
320,		-29.00,		-29.00,		-29.00,
321,		-29.00,		-29.00,		-29.00,
322,		-29.00,		-29.00,		-29.00,
323,		-29.00,		-29.00,		-29.00,
324,		-29.00,		-29.00,		-29.00,
325,		-29.00,		-29.00,		-29.00,
326,		-29.00,		-29.00,		-29.00,
327,		-29.00,		-29.00,		-29.00,
328,		-29.00,		-29.00,		-29.00,
329,		-29.00,		-29.00,		-29.00,
330,		-29.00,		-29.00,		-29.00,
331,		-29.00,		-29.00,		-29.00,
332,		-29.00,		-29.00,		-29.00,
333,		-29.00,		-29.00,		-29.00,
334,		-29.00,		-29.00,		-29.00,
335,		-29.00,		-29.00,		-29.00,
336,		-29.00,		-29.00,		-29.00,
337,		-29.00,		-29.00,		-29.00,
338,		-29.00,		-29.00,		-29.00,
339,		-29.00,		-29.00,		-29.00,
340,		-29.00,		-29.00,		-29.00,
341,		-29.00,		-29.00,		-29.00,
342,		-29.00,		-29.00,		-29.00,
343,		-29.00,		-29.00,		-29.00,
344,		-29.00,		-29.00,		-29.00,
345,		-29.00,		-29.00,		-29.00,
346,		-29.00,		-29.00,		-29.00,
347,		-29.00,		-29.00,		-29.00,
348,		-29.00,		-29.00,		-29.00,
349,		-29.00,		-29.00,		-29.00,
350,		-29.00,		-29.00,		-29.00,
351,		-29.00,		-29.00,		-29.00,
352,		-29.00,		-29.00,		-29.00,
353,		-29.00,		-29.00,		-29.00,
354,		-29.00,		-29.00,		-29.00,
355,		-29.00,		-29.00,		-29.00,
356,		-29.00,		-29.00,		-29.00,
357,		-29.00,		-29.00,		-29.00,
358,		-29.00,		-29.00,		-29.00,
359,		-29.00,		-29.00,		-29.00,
360,		-29.00,		-29.00,		-29.00,
361,		-29.00,		-29.00,		-29.00,
362,		-29.00,		-29.00,		-29.00,
363,		-29.00,		-29.00,		-29.00,
364,		-29.00,		-29.00,		-29.00,
365,		-29.00,		-29.00,		-29.00,
366,		-29.00,		-29.00,		-29.00,
367,		-29.00,		-29.00,		-29.00,
368,		-29.00,		-29.00,		-29.00,
369,		-29.00,		-29.00,		-29.00,
370,		-29.00,		-29.00,		-29.00,
371,		-29.00,		-29.00,		-29.00,
372,		-29.00,		-29.00,		-29.00,
373,		-29.00,		-29.00,		-29.00,
374,		-29.00,		-29.00,		-29.00,
375,		-29.00,		-29.00,		-29.00,
376,		-29.00,		-29.00,		-29.00,
377,		-29.00,		-29.00,		-29.00,
378,		-29.00,		-29.00,		-29.00,
379,		-29.00,		-29.00,		-29.00,
380,		-29.00,		-29.00,		-29.00,
381,		-29.00,		-29.00,		-29.00,
382,		-29.00,		-29.00,		-29.00,
383,		-29.00,		-29.00,		-29.00,
384,		-29.00,		-29.00,		-29.00,
385,		-29.00,		-29.00,		-29.00,
386,		-29.00,		-29.00,		-29.00,
387,		-29.00,		-29.00,		-29.00,
388,		-29.00,		-29.00,		-29.00,
389,		-29.00,		-29.00,		-29.00,
390,		-29.00,		-29.00,		-29.00,
391,		-29.00,		-29.00,		-29.00,
392,		-29.00,		-29.00,		-29.00,
393,		-29.00,		-29.00,		-29.00,
394,		-29.00,		-29.00,		-29.00,
395,		-29.00,		-29.00,		-29.00,
396,		-29.00,		-29.00,		-29.00,
397,		-29.00,		-29.00,		-29.00,
398,		-29.00,		-29.00,		-29.00,
399,		-29.00,		-29.00,		-29.00,
400,		-29.00,		-29.00,		-29.00,
401,		-29.00,		-29.00,		-29.00,
402,		-29.00,		-29.00,		-29.00,
403,		-29.00,		-29.00,		-29.00,
404,		-29.00,		-29.00,		-29.00,
405,		-29.00,		-29.00,		-29.00,
406,		-29.00,		-29.00,		-29.00,
407,		-29.00,		-29.00,		-29.00,
408,		-29.00,		-29.00,		-29.00,
409,		-29.00,		-29.00,		-29.00,
410,		-29.00,		-29.00,		-29.00,
411,		-29.00,		-29.00,		-29.00,
412,		-29.00,		-29.00,		-29.00,
413,		-29.00,		-29.00,		-29.00,
414,		-29.00,		-29.00,		-29.00,
415,		-29.00,		-29.00,		-29.00,
416,		-29.00,		-29.00,		-29.00,
417,		-29.00,		-29.00,		-29.00,
418,		-29.00,		-29.00,		-29.00,
419,		-29.00,		-29.00,		-29.00,
420,		-29.00,		-29.00,		-29.00,
421,		-29.00,		-29.00,		-29.00,
422,		-29.00,		-29.00,		-29.00,
423,		-29.00,		-29.00,		-29.00,
424,		-29.00,		-29.00,		-29.00,
425,		-29.00,		-29.00,		-29.00,
426,		-29.00,		-29.00,		-29.00,
427,		-29.00,		-29.00,		-29.00,
428,		-29.00,		-29.00,		-29.00,
429,		-29.00,		-29.00,		-29.00,
430,		-29.00,		-29.00,		-29.00,
431,		-29.00,		-29.00,		-29.00,
432,		-29.00,		-29.00,		-29.00,
433,		-29.00,		-29.00,		-29.00,
434,		-29.00,		-29.00,		-29.00,
435,		-29.00,		-29.00,		-29.00,
436,		-29.00,		-29.00,		-29.00,
437,		-29.00,		-29.00,		-29.00,
438,		-29.00,		-29.00,		-29.00,
439,		-29.00,		-29.00,		-29.00,
440,		-29.00,		-29.00,		-29.00,
441,		-29.00,		-29.00,		-29.00,
442,		-29.00,		-29.00,		-29.00,
443,		-29.00,		-29.00,		-29.00,
444,		-29.00,		-29.00,		-29.00,
445,		-29.00,		-29.00,		-29.00,
446,		-29.00,		-29.00,		-29.00,
447,		-29.00,		-29.00,		-29.00,
448,		-29.00,		-29.00,		-29.00,
449,		-29.00,		-29.00,		-29.00,
450,		-29.00,		-29.00,		-29.00,
451,		-29.00,		-29.00,		-29.00,
452,		-29.00,		-29.00,		-29.00,
453,		-29.00,		-29.00,		-29.00,
454,		-29.00,		-29.00,		-29.00,
455,		-29.00,		-29.00,		-29.00,
456,		-29.00,		-29.00,		-29.00,
457,		-29.00,		-29.00,		-29.00,
458,		-29.00,		-29.00,		-29.00,
459,		-29.00,		-29.00,		-29.00,
460,		-29.00,		-29.00,		-29.00,
461,		-29.00,		-29.00,		-29.00,
462,		-29.00,		-29.00,		-29.00,
463,		-29.00,		-29.00,		-29.00,
464,		-29.00,		-29.00,		-29.00,
465,		-29.00,		-29.00,		-29.00,
466,		-29.00,		-29.00,		-29.00,
467,		-29.00,		-29.00,		-29.00,
468,		-29.00,		-29.00,		-29.00,
469,		-29.00,		-29.00,		-29.00,
470,		-29.00,		-29.00,		-29.00,
471,		-29.00,		-29.00,		-29.00,
472,		-29.00,		-29.00,		-29.00,
473,		-29.00,		-29.00,		-29.00,
474,		-29.00,		-29.00,		-29.00,
475,		-29.00,		-29.00,		-29.00,
476,		-29.00,		-29.00,		-29.00,
477,		-29.00,		-29.00,		-29.00,
478,		-29.00,		-29.00,		-29.00,
479,		-29.00,		-29.00,		-29.00,
480,		-29.00,		-29.00,		-29.00,
481,		-29.00,		-29.00,		-29.00,
482,		-29.00,		-29.00,		-29.00,
483,		-29.00,		-29.00,		-29.00,
484,		-29.00,		-29.00,		-29.00,
485,		-29.00,		-29.00,		-29.00,
486,		-29.00,		-29.00,		-29.00,
487,		-29.00,		-29.00,		-29.00,
488,		-29.00,		-29.00,		-29.00,
489,		-29.00,		-29.00,		-29.00,
490,		-29.00,		-29.00,		-29.00,
491,		-29.00,		-29.00,		-29.00,
492,		-29.00,		-29.00,		-29.00,
493,		-29.00,		-29.00,		-29.00,
494,		-29.00,		-29.00,		-29.00,
495,		-29.00,		-29.00,		-29.00,
496,		-29.00,		-29.00,		-29.00,
497,		-29.00,		-29.00,		-29.00,
498,		-29.00,		-29.00,		-29.00,
499,		-29.00,		-29.00,		-29.00,
500,		-29.00,		-29.00,		-29.00,
501,		-29.00,		-29.00,		-29.00,
502,		-29.00,		-29.00,		-29.00,
503,		-29.00,		-29.00,		-29.00,
504,		-29.00,		-29.00,		-29.00,
505,		-29.00,		-29.00,		-29.00,
506,		-29.00,		-29.00,		-29.00,
507,		-29.00,		-29.00,		-29.00,
508,		-29.00,		-29.00,		-29.00,
509,		-29.00,		-29.00,		-29.00,
510,		-29.00,		-29.00,		-29.00,
511,		-29.00,		-29.00,		-29.00,
512,		-29.00,		-29.00,		-29.00,
513,		-29.00,		-29.00,		-29.00,
514,		-29.00,		-29.00,		-29.00,
515,		-29.00,		-29.00,		-29.00,
516,		-29.00,		-29.00,		-29.00,
517,		-29.00,		-29.00,		-29.00,
518,		-29.00,		-29.00,		-29.00,
519,		-29.00,		-29.00,		-29.00,
520,		-29.00,		-29.00,		-29.00,
521,		-29.00,		-29.00,		-29.00,
522,		-29.00,		-29.00,		-29.00,
523,		-29.00,		-29.00,		-29.00,
524,		-29.00,		-29.00,		-29.00,
525,		-29.00,		-29.00,		-29.00,
526,		-29.00,		-29.00,		-29.00,
527,		-29.00,		-29.00,		-29.00,
528,		-29.00,		-29.00,		-29.00,
529,		-29.00,		-29.00,		-29.00,
530,		-29.00,		-29.00,		-29.00,
531,		-29.00,		-29.00,		-29.00,
532,		-29.00,		-29.00,		-29.00,
533,		-29.00,		-29.00,		-29.00,
534,		-29.00,		-29.00,		-29.00,
535,		-29.00,		-29.00,		-29.00,
536,		-29.00,		-29.00,		-29.00,
537,		-29.00,		-29.00,		-29.00,
538,		-29.00,		-29.00,		-29.00,
539,		-29.00,		-29.00,		-29.00,
540,		-29.00,		-29.00,		-29.00,
541,		-29.00,		-29.00,		-29.00,
542,		-29.00,		-29.00,		-29.00,
543,		-29.00,		-29.00,		-29.00,
544,		-29.00,		-29.00,		-29.00,
545,		-29.00,		-29.00,		-29.00,
546,		-29.00,		-29.00,		-29.00,
547,		-29.00,		-29.00,		-29.00,
548,		-29.00,		-29.00,		-29.00,
549,		-29.00,		-29.00,		-29.00,
550,		-29.00,		-29.00,		-29.00,
551,		-29.00,		-29.00,		-29.00,
552,		-29.00,		-29.00,		-29.00,
553,		-29.00,		-29.00,		-29.00,
554,		-29.00,		-29.00,		-29.00,
555,		-29.00,		-29.00,		-29.00,
556,		-29.00,		-29.00,		-29.00,
557,		-29.00,		-29.00,		-29.00,
558,		-29.00,		-29.00,		-29.00,
559,		-29.00,		-29.00,		-29.00,
560,		-29.00,		-29.00,		-29.00,
561,		-29.00,		-29.00,		-29.00,
562,		-29.00,		-29.00,		-29.00,
563,		-29.00,		-29.00,		-29.00,
564,		-29.00,		-29.00,		-29.00,
565,		-29.00,		-29.00,		-29.00,
566,		-29.00,		-29.00,		-29.00,
567,		-29.00,		-29.00,		-29.00,
568,		-29.00,		-29.00,		-29.00,
569,		-29.00,		-29.00,		-29.00,
570,		-29.00,		-29.00,		-29.00,
571,		-29.00,		-29.00,		-29.00,
572,		-29.00,		-29.00,		-29.00,
573,		-29.00,		-29.00,		-29.00,
574,		-29.00,		-29.00,		-29.00,
575,		-29.00,		-29.00,		-29.00,
576,		-29.00,		-29.00,		-29.00,
577,		-29.00,		-29.00,		-29.00,
578,		-29.00,		-29.00,		-29.00,
579,		-29.00,		-29.00,		-29.00,
580,		-29.00,		-29.00,		-29.00,
581,		-29.00,		-29.00,		-29.00,
582,		-29.00,		-29.00,		-29.00,
583,		-29.00,		-29.00,		-29.00,
584,		-29.00,		-29.00,		-29.00,
585,		-29.00,		-29.00,		-29.00,
586,		-29.00,		-29.00,		-29.00,
587,		-29.00,		-29.00,		-29.00,
588,		-30.00,		-29.00,		-29.00,
589,		-30.00,		-29.05,		-29.00,
590,		-30.00,		-29.39,		-29.00,
591,		-30.00,		-30.00,		-30.00,
592,		-30.00,		-30.00,		-30.00,
593,		-30.00,		-30.00,		-30.00,
594,		-30.00,		-30.00,		-30.00,
595,		-30.00,		-30.00,		-30.00,
596,		-30.00,		-30.00,		-30.00,
597,		-30.00,		-30.00,		-30.00,
598,		-30.00,		-30.00,		-30.00,
599,		-30.00,		-30.00,		-30.00,
600,		-30.00,		-30.00,		-30.00,
601,		-30.00,		-30.00,		-30.00,
602,		-30.00,		-30.00,		-30.00,
603,		-30.00,		-30.00,		-30.00,
604,		-30.00,		-30.00,		-30.00,
605,		-30.00,		-30.00,		-30.00,
606,		-30.00,		-30.00,		-30.00,
607,		-30.00,		-30.00,		-30.00,
608,		-30.00,		-30.00,		-30.00,
609,		-30.00,		-30.00,		-30.00,
610,		-30.00,		-30.00,		-30.00,
611,		-30.00,		-30.00,		-30.00,
612,		-30.00,		-30.00,		-30.00,
613,		-30.00,		-30.00,		-30.00,
614,		-30.00,		-30.00,		-30.00,
615,		-30.00,		-30.00,		-30.00,
616,		-30.00,		-30.00,		-30.00,
617,		-30.00,		-30.00,		-30.00,
618,		-30.00,		-30.00,		-30.00,
619,		-30.00,		-30.00,		-30.00,
620,		-30.00,		-30.00,		-30.00,
621,		-30.00,		-30.00,		-30.00,
622,		-30.00,		-30.00,		-30.00,
623,		-30.00,		-30.00,		-30.00,
624,		-30.00,		-30.00,		-30.00,
625,		-30.00,		-30.00,		-30.00,
626,		-30.00,		-30.00,		-30.00,
627,		-30.00,		-30.00,		-30.00,
628,		-30.00,		-30.00,		-30.00,
629,		-30.00,		-30.00,		-30.00,
630,		-30.00,		-30.00,		-30.00,
631,		-30.00,		-30.00,		-30.00,
632,		-30.00,		-30.00,		-30.00,
633,		-30.00,		-30.00,		-30.00,
634,		-30.00,		-30.00,		-30.00,
635,		-30.00,		-30.00,		-30.00,
636,		-30.00,		-30.00,		-30.00,
637,		-30.00,		-30.00,		-30.00,
638,		-30.00,		-30.00,		-30.00,
639,		-30.00,		-30.00,		-30.00,
640,		-30.00,		-30.00,		-30.00,
641,		-30.00,		-30.00,		-30.00,
642,		-30.00,		-30.00,		-30.00,
643,		-30.00,		-30.00,		-30.00,
644,		-30.00,		-30.00,		-30.00,
645,		-30.00,		-30.00,		-30.00,
646,		-30.00,		-30.00,		-30.00,
647,		-30.00,		-30.00,		-30.00,
648,		-30.00,		-30.00,		-30.00,
649,		-30.00,		-30.00,		-30.00,
650,		-30.00,		-30.00,		-30.00,
651,		-30.00,		-30.00,		-30.00,
652,		-30.00,		-30.00,		-30.00,
653,		-30.00,		-30.00,		-30.00,
654,		-30.00,		-30.00,		-30.00,
655,		-30.00,		-30.00,		-30.00,
656,		-30.00,		-30.00,		-30.00,
657,		-30.00,		-30.00,		-30.00,
658,		-30.00,		-30.00,		-30.00,
659,		-30.00,		-30.00,		-30.00,
660,		-30.00,		-30.00,		-30.00,
661,		-30.00,		-30.00,		-30.00,
662,		-30.00,		-30.00,		-30.00,
663,		-30.00,		-30.00,		-30.00,
664,		-30.00,		-30.00,		-30.00,
665,		-30.00,		-30.00,		-30.00,
666,		-30.00,		-30.00,		-30.00,
667,		-30.00,		-30.00,		-30.00,
668,		-30.00,		-30.00,		-30.00,
669,		-30.00,		-30.00,		-30.00,
670,		-30.00,		-30.00,		-30.00,
671,		-30.00,		-30.00,		-30.00,
672,		-30.00,		-30.00,		-30.00,
673,		-30.00,		-30.00,		-30.00,
674,		-30.00,		-30.00,		-30.00,
675,		-30.00,		-30.00,		-30.00,
676,		-30.00,		-30.00,		-30.00,
677,		-30.00,		-30.00,		-30.00,
678,		-30.00,		-30.00,		-30.00,
679,		-30.00,		-30.00,		-30.00,
680,		-30.00,		-30.00,		-30.00,
681,		-30.00,		-30.00,		-30.00,
682,		-30.00,		-30.00,		-30.00,
683,		-30.00,		-30.00,		-30.00,
684,		-30.00,		-30.00,		-30.00,
685,		-30.00,		-30.00,		-30.00,
686,		-30.00,		-30.00,		-30.00,
687,		-30.00,		-30.00,		-30.00,
688,		-30.00,		-30.00,		-30.00,
689,		-30.00,		-30.00,		-30.00,
690,		-30.00,		-30.00,		-30.00,
691,		-30.00,		-30.00,		-30.00,
692,		-30.00,		-30.00,		-30.00,
693,		-30.00,		-30.00,		-30.00,
694,		-30.00,		-30.00,		-30.00,
695,		-30.00,		-30.00,		-30.00,
696,		-30.00,		-30.00,		-30.00,
697,		-30.00,		-30.00,		-30.00,
698,		-30.00,		-30.00,		-30.00,
699,		-30.00,		-30.00,		-30.00,
700,		-30.00,		-30.00,		-30.00,
701,		-30.00,		-30.00,		-30.00,
702,		-30.00,		-30.00,		-30.00,
703,		-30.00,		-30.00,		-30.00,
704,		-30.00,		-30.00,		-30.00,
705,		-30.00,		-30.00,		-30.00,
706,		-30.00,		-30.00,		-30.00,
707,		-30.00,		-30.00,		-30.00,
708,		-30.00,		-30.00,		-30.00,
709,		-30.00,		-30.00,		-30.00,
710,		-30.00,		-30.00,		-30.00,
711,		-30.00,		-30.00,		-30.00,
712,		-30.00,		-30.00,		-30.00,
713,		-30.00,		-30.00,		-30.00,
714,		-30.00,		-30.00,		-30.00,
715,		-30.00,		-30.00,		-30.00,
716,		-30.00,		-30.00,		-30.00,
717,		-30.00,		-30.00,		-30.00,
718,		-30.00,		-30.00,		-30.00,
719,		-30.00,		-30.00,		-30.00,
720,		-30.00,		-30.00,		-30.00,
721,		-30.00,		-30.00,		-30.00,
722,		-30.00,		-30.00,		-30.00,
723,		-30.00,		-30.00,		-30.00,
724,		-30.00,		-30.00,		-30.00,
725,		-30.00,		-30.00,		-30.00,
726,		-30.00,		-30.00,		-30.00,
727,		-30.00,		-30.00,		-30.00,
728,		-30.00,		-30.00,		-30.00,
729,		-30.00,		-30.00,		-30.00,
730,		-30.00,		-30.00,		-30.00,
731,		-30.00,		-30.00,		-30.00,
732,		-30.00,		-30.00,		-30.00,
733,		-30.00,		-30.00,		-30.00,
734,		-30.00,		-30.00,		-30.00,
735,		-30.00,		-30.00,		-30.00,
736,		-30.00,		-30.00,		-30.00,
737,		-30.00,		-30.00,		-30.00,
738,		-30.00,		-30.00,		-30.00,
739,		-30.00,		-30.00,		-30.00,
740,		-30.00,		-30.00,		-30.00,
741,		-30.00,		-30.00,		-30.00,
742,		-30.00,		-30.00,		-30.00,
743,		-30.00,		-30.00,		-30.00,
744,		-30.00,		-30.00,		-30.00,
745,		-30.00,		-30.00,		-30.00,
746,		-30.00,		-30.00,		-30.00,
747,		-30.00,		-30.00,		-30.00,
748,		-30.00,		-30.00,		-30.00,
749,		-30.00,		-30.00,		-30.00,
750,		-30.00,		-30.00,		-30.00,
751,		-30.00,		-30.00,		-30.00,
752,		-30.00,		-30.00,		-30.00,
753,		-30.00,		-30.00,		-30.00,
754,		-30.00,		-30.00,		-30.00,
755,		-30.00,		-30.00,		-30.00,
756,		-30.00,		-30.00,		-30.00,
757,		-30.00,		-30.00,		-30.00,
758,		-30.00,		-30.00,		-30.00,
759,		-30.00,		-30.00,		-30.00,
760,		-30.00,		-30.00,		-30.00,
761,		-30.00,		-30.00,		-30.00,
762,		-30.00,		-30.00,		-30.00,
763,		-30.00,		-30.00,		-30.00,
764,		-30.00,		-30.00,		-30.00,
765,		-30.00,		-30.00,		-30.00,
766,		-30.00,		-30.00,		-30.00,
767,		-30.00,		-30.00,		-30.00,
768,		-30.00,		-30.00,		-30.00,
769,		-30.00,		-30.00,		-30.00,
770,		-30.00,		-30.00,		-30.00,
771,		-30.00,		-30.00,		-30.00,
772,		-30.00,		-30.00,		-30.00,
773,		-30.00,		-30.00,		-30.00,
774,		-30.00,		-30.00,		-30.00,
775,		-30.00,		-30.00,		-30.00,
776,		-30.00,		-30.00,		-30.00,
777,		-30.00,		-30.00,		-30.00,
778,		-30.00,		-30.00,		-30.00,
779,		-30.00,		-30.00,		-30.00,
780,		-30.00,		-30.00,		-30.00,
781,		-30.00,		-30.00,		-30.00,
782,		-30.00,		-30.00,		-30.00,
783,		-30.00,		-30.00,		-30.00,
784,		-30.00,		-30.00,		-30.00,
785,		-30.00,		-30.00,		-30.00,
786,		-30.00,		-30.00,		-30.00,
787,		-30.00,		-30.00,		-30.00,
788,		-30.00,		-30.00,		-30.00,
789,		-30.00,		-30.00,		-30.00,
790,		-30.00,		-30.00,		-30.00,
791,		-30.00,		-30.00,		-30.00,
792,		-30.00,		-30.00,		-30.00,
793,		-30.00,		-30.00,		-30.00,
794,		-30.00,		-30.00,		-30.00,
795,		-30.00,		-30.00,		-30.00,
796,		-30.00,		-30.00,		-30.00,
797,		-30.00,		-30.00,		-30.00,
798,		-30.00,		-30.00,		-30.00,
799,		-30.00,		-30.00,		-30.00,
800,		-30.00,		-30.00,		-30.00,
801,		-30.00,		-30.00,		-30.00,
802,		-30.00,		-30.00,		-30.00,
803,		-30.00,		-30.00,		-30.00,
804,		-30.00,		-30.00,		-30.00,
805,		-30.00,		-30.00,		-30.00,
806,		-30.00,		-30.00,		-30.00,
807,		-30.00,		-30.00,		-30.00,
808,		-30.00,		-30.00,		-30.00,
809,		-30.00,		-30.00,		-30.00,
810,		-30.00,		-30.00,		-30.00,
811,		-30.00,		-30.00,		-30.00,
812,		-30.00,		-30.00,		-30.00,
813,		-30.00,		-30.00,		-30.00,
814,		-30.00,		-30.00,		-30.00,
815,		-30.00,		-30.00,		-30.00,
816,		-30.00,		-30.00,		-30.00,
817,		-30.00,		-30.00,		-30.00,
818,		-30.00,		-30.00,		-30.00,
819,		-30.00,		-30.00,		-30.00,
820,		-30.00,		-30.00,		-30.00,
821,		-30.00,		-30.00,		-30.00,
822,		-30.00,		-30.00,		-30.00,
823,		-30.00,		-30.00,		-30.00,
824,		-30.00,		-30.00,		-30.00,
825,		-30.00,		-30.00,		-30.00,
826,		-30.00,		-30.00,		-30.00,
827,		-30.00,		-30.00,		-30.00,
828,		-30.00,		-30.00,		-30.00,
829,		-30.00,		-30.00,		-30.00,
830,		-30.00,		-30.00,		-30.00,
831,		-30.00,		-30.00,		-30.00,
832,		-30.00,		-30.00,		-30.00,
833,		-30.00,		-30.00,		-30.00,
834,		-30.00,		-30.00,		-30.00,
835,		-30.00,		-30.00,		-30.00,
836,		-30.00,		-30.00,		-30.00,
837,		-30.00,		-30.00,		-30.00,
838,		-30.00,		-30.00,		-30.00,
839,		-30.00,		-30.00,		-30.00,
840,		-30.00,		-30.00,		-30.00,
841,		-30.00,		-30.00,		-30.00,
842,		-30.00,		-30.00,		-30.00,
843,		-30.00,		-30.00,		-30.00,
844,		-30.00,		-30.00,		-30.00,
845,		-30.00,		-30.00,		-30.00,
846,		-30.00,		-30.00,		-30.00,
847,		-30.00,		-30.00,		-30.00,
848,		-30.00,		-30.00,		-30.00,
849,		-30.00,		-30.00,		-30.00,
850,		-30.00,		-30.00,		-30.00,
851,		-30.00,		-30.00,		-30.00,
852,		-30.00,		-30.00,		-30.00,
853,		-30.00,		-30.00,		-30.00,
854,		-30.00,		-30.00,		-30.00,
855,		-30.00,		-30.00,		-30.00,
856,		-30.00,		-30.00,		-30.00,
857,		-30.00,		-30.00,		-30.00,
858,		-30.00,		-30.00,		-30.00,
859,		-30.00,		-30.00,		-30.00,
860,		-30.00,		-30.00,		-30.00,
861,		-30.00,		-30.00,		-30.00,
862,		-30.00,		-30.00,		-30.00,
863,		-30.00,		-30.00,		-30.00,
864,		-30.00,		-30.00,		-30.00,
865,		-30.00,		-30.00,		-30.00,
866,		-30.00,		-30.00,		-30.00,
867,		-30.00,		-30.00,		-30.00,
868,		-30.00,		-30.00,		-30.00,
869,		-30.00,		-30.00,		-30.00,
870,		-30.00,		-30.00,		-30.00,
871,		-30.00,		-30.00,		-30.00,
872,		-30.00,		-30.00,		-30.00,
873,		-30.00,		-30.00,		-30.00,
874,		-30.00,		-30.00,		-30.00,
875,		-30.00,		-30.00,		-30.00,
876,		-30.00,		-30.00,		-30.00,
877,		-30.00,		-30.00,		-30.00,
878,		-30.00,		-30.00,		-30.00,
879,		-30.00,		-30.00,		-30.00,
880,		-30.00,		-30.00,		-30.00,
881,		-30.00,		-30.00,		-30.00,
882,		-30.00,		-30.00,		-30.00,
883,		-30.00,		-30.00,		-30.00,
884,		-30.00,		-30.00,		-30.00,
885,		-30.00,		-30.00,		-30.00,
886,		-30.00,		-30.00,		-30.00,
887,		-30.00,		-30.00,		-30.00,
888,		-30.00,		-30.00,		-30.00,
889,		-30.00,		-30.00,		-30.00,
890,		-30.00,		-30.00,		-30.00,
891,		-30.00,		-30.00,		-30.00,
892,		-30.00,		-30.00,		-30.00,
893,		-30.00,		-30.00,		-30.00,
894,		-30.00,		-30.00,		-30.00,
895,		-30.00,		-30.00,		-30.00,
896,		-30.00,		-30.00,		-30.00,
897,		-30.00,		-30.00,		-30.00,
898,		-30.00,		-30.00,		-30.00,
899,		-30.00,		-30.00,		-30.00,
900,		-30.00,		-30.00,		-30.00,
901,		-30.00,		-30.00,		-30.00,
902,		-30.00,		-30.00,		-30.00,
903,		-30.00,		-30.00,		-30.00,
904,		-30.00,		-30.00,		-30.00,
905,		-30.00,		-30.00,		-30.00,
906,		-30.00,		-30.00,		-30.00,
907,		-30.00,		-30.00,		-30.00,
908,		-30.00,		-30.00,		-30.00,
909,		-30.00,		-30.00,		-30.00,
910,		-30.00,		-30.00,		-30.00,
911,		-30.00,		-30.00,		-30.00,
912,		-30.00,		-30.00,		-30.00,
913,		-30.00,		-30.00,		-30.00,
914,		-30.00,		-30.00,		-30.00,
915,		-30.00,		-30.00,		-30.00,
916,		-30.00,		-30.00,		-30.00,
917,		-30.00,		-30.00,		-30.00,
918,		-30.00,		-30.00,		-30.00,
919,		-30.00,		-30.00,		-30.00,
920,		-30.00,		-30.00,		-30.00,
921,		-30.00,		-30.00,		-30.00,
922,		-30.00,		-30.00,		-30.00,
923,		-30.00,		-30.00,		-30.00,
924,		-30.00,		-30.00,		-30.00,
925,		-30.00,		-30.00,		-30.00,
926,		-30.00,		-30.00,		-30.00,
927,		-30.00,		-30.00,		-30.00,
928,		-30.00,		-30.00,		-30.00,
929,		-30.00,		-30.00,		-30.00,
930,		-30.00,		-30.00,		-30.00,
931,		-30.00,		-30.00,		-30.00,
932,		-30.00,		-30.00,		-30.00,
933,		-30.00,		-30.00,		-30.00,
934,		-30.00,		-30.00,		-30.00,
935,		-30.00,		-30.00,		-30.00,
936,		-30.00,		-30.00,		-30.00,
937,		-30.00,		-30.00,		-30.00,
938,		-30.00,		-30.00,		-30.00,
939,		-30.00,		-30.00,		-30.00,
940,		-30.00,		-30.00,		-30.00,
941,		-30.00,		-30.00,		-30.00,
942,		-30.00,		-30.00,		-30.00,
943,		-30.00,		-30.00,		-30.00,
944,		-30.00,		-30.00,		-30.00,
945,		-30.00,		-30.00,		-30.00,
946,		-30.00,		-30.00,		-30.00,
947,		-30.00,		-30.00,		-30.00,
948,		-30.00,		-30.00,		-30.00,
949,		-30.00,		-30.00,		-30.00,
950,		-30.00,		-30.00,		-30.00,
951,		-30.00,		-30.00,		-30.00,
952,		-30.00,		-30.00,		-30.00,
953,		-30.00,		-30.00,		-30.00,
954,		-30.00,		-30.00,		-30.00,
955,		-30.00,		-30.00,		-30.00,
956,		-30.00,		-30.00,		-30.00,
957,		-30.00,		-30.00,		-30.00,
958,		-30.00,		-30.00,		-30.00,
959,		-30.00,		-30.00,		-30.00,
960,		-30.00,		-30.00,		-30.00,
961,		-30.00,		-30.00,		-30.00,
962,		-30.00,		-30.00,		-30.00,
963,		-30.00,		-30.00,		-30.00,
964,		-30.00,		-30.00,		-30.00,
965,		-30.00,		-30.00,		-30.00,
966,		-30.00,		-30.00,		-30.00,
967,		-30.00,		-30.00,		-30.00,
968,		-30.00,		-30.00,		-30.00,
969,		-30.00,		-30.00,		-30.00,
970,		-30.00,		-30.00,		-30.00,
971,		-30.00,		-30.00,		-30.00,
972,		-30.00,		-30.00,		-30.00,
973,		-30.00,		-30.00,		-30.00,
974,		-30.00,		-30.00,		-30.00,
975,		-30.00,		-30.00,		-30.00,
976,		-30.00,		-30.00,		-30.00,
977,		-30.00,		-30.00,		-30.00,
978,		-30.00,		-30.00,		-30.00,
979,		-30.00,		-30.00,		-30.00,
980,		-30.00,		-30.00,		-30.00,
981,		-30.00,		-30.00,		-30.00,
982,		-30.00,		-30.00,		-30.00,
983,		-30.00,		-30.00,		-30.00,
984,		-30.00,		-30.00,		-30.00,
985,		-30.00,		-30.00,		-30.00,
986,		-30.00,		-30.00,		-30.00,
987,		-30.00,		-30.00,		-30.00,
988,		-30.00,		-30.00,		-30.00,
989,		-30.00,		-30.00,		-30.00,
990,		-30.00,		-30.00,		-30.00,
991,		-30.00,		-30.00,		-30.00,
992,		-30.00,		-30.00,		-30.00,
993,		-30.00,		-30.00,		-30.00,
994,		-30.00,		-30.00,		-30.00,
995,		-30.00,		-30.00,		-30.00,
996,		-30.00,		-30.00,		-30.00,
997,		-30.00,		-30.00,		-30.00,
998,		-30.00,		-30.00,		-30.00,
999,		-30.00,		-30.00,		-30.00,
