RANDOM_SEED, 1698993997
GEN,		MIN,				AVE,				MAX,			CONV,					CONV_ACT,
  0,		14.00,		33.08,		50.00,				1.51130,				0.83333
  1,		36.00,		41.16,		51.00,				1.23907,				0.85000
  2,		44.00,		47.37,		53.00,				1.11885,				0.88333
  3,		49.00,		51.45,		55.00,				1.06896,				0.91667
  4,		52.00,		53.90,		57.00,				1.05747,				0.95000
  5,		55.00,		55.98,		58.00,				1.03612,				0.96667
  6,		57.00,		57.48,		59.00,				1.02648,				0.98333
  7,		57.00,		57.73,		59.00,				1.02193,				0.98333
  8,		58.00,		58.26,		59.00,				1.01274,				0.98333
  9,		58.00,		58.85,		59.00,				1.00255,				0.98333
 10,		59.00,		59.00,		59.00,				1.00000,				0.98333
 11,		59.00,		59.00,		59.00,				1.00000,				0.98333
 12,		59.00,		59.00,		59.00,				1.00000,				0.98333
 13,		59.00,		59.00,		59.00,				1.00000,				0.98333
 14,		59.00,		59.00,		59.00,				1.00000,				0.98333
 15,		59.00,		59.00,		59.00,				1.00000,				0.98333
 16,		59.00,		59.00,		59.00,				1.00000,				0.98333
 17,		59.00,		59.00,		59.00,				1.00000,				0.98333
 18,		59.00,		59.00,		59.00,				1.00000,				0.98333
 19,		59.00,		59.00,		59.00,				1.00000,				0.98333
 20,		59.00,		59.00,		59.00,				1.00000,				0.98333
 21,		59.00,		59.00,		59.00,				1.00000,				0.98333
 22,		59.00,		59.00,		59.00,				1.00000,				0.98333
 23,		59.00,		59.00,		59.00,				1.00000,				0.98333
 24,		59.00,		59.00,		59.00,				1.00000,				0.98333
 25,		59.00,		59.00,		59.00,				1.00000,				0.98333
 26,		59.00,		59.00,		59.00,				1.00000,				0.98333
 27,		59.00,		59.00,		59.00,				1.00000,				0.98333
 28,		59.00,		59.00,		59.00,				1.00000,				0.98333
 29,		59.00,		59.00,		59.00,				1.00000,				0.98333
 30,		59.00,		59.00,		59.00,				1.00000,				0.98333
 31,		59.00,		59.00,		59.00,				1.00000,				0.98333
 32,		59.00,		59.00,		59.00,				1.00000,				0.98333
 33,		59.00,		59.00,		59.00,				1.00000,				0.98333
 34,		59.00,		59.00,		59.00,				1.00000,				0.98333
 35,		59.00,		59.00,		59.00,				1.00000,				0.98333
 36,		59.00,		59.00,		59.00,				1.00000,				0.98333
 37,		59.00,		59.00,		59.00,				1.00000,				0.98333
 38,		59.00,		59.00,		59.00,				1.00000,				0.98333
 39,		59.00,		59.00,		59.00,				1.00000,				0.98333
 40,		59.00,		59.00,		59.00,				1.00000,				0.98333
 41,		59.00,		59.00,		59.00,				1.00000,				0.98333
 42,		59.00,		59.00,		59.00,				1.00000,				0.98333
 43,		59.00,		59.00,		59.00,				1.00000,				0.98333
 44,		59.00,		59.00,		59.00,				1.00000,				0.98333
 45,		59.00,		59.00,		59.00,				1.00000,				0.98333
 46,		59.00,		59.00,		59.00,				1.00000,				0.98333
 47,		59.00,		59.00,		59.00,				1.00000,				0.98333
 48,		59.00,		59.00,		59.00,				1.00000,				0.98333
 49,		59.00,		59.00,		59.00,				1.00000,				0.98333
 50,		59.00,		59.00,		59.00,				1.00000,				0.98333
 51,		59.00,		59.00,		59.00,				1.00000,				0.98333
 52,		59.00,		59.00,		59.00,				1.00000,				0.98333
 53,		59.00,		59.00,		59.00,				1.00000,				0.98333
 54,		59.00,		59.00,		59.00,				1.00000,				0.98333
 55,		59.00,		59.00,		59.00,				1.00000,				0.98333
 56,		59.00,		59.00,		59.00,				1.00000,				0.98333
 57,		59.00,		59.00,		59.00,				1.00000,				0.98333
 58,		59.00,		59.00,		59.00,				1.00000,				0.98333
 59,		59.00,		59.00,		59.00,				1.00000,				0.98333
 60,		59.00,		59.00,		59.00,				1.00000,				0.98333
 61,		59.00,		59.00,		59.00,				1.00000,				0.98333
 62,		59.00,		59.00,		59.00,				1.00000,				0.98333
 63,		59.00,		59.00,		59.00,				1.00000,				0.98333
 64,		59.00,		59.00,		59.00,				1.00000,				0.98333
 65,		59.00,		59.00,		59.00,				1.00000,				0.98333
 66,		59.00,		59.00,		59.00,				1.00000,				0.98333
 67,		59.00,		59.00,		59.00,				1.00000,				0.98333
 68,		59.00,		59.00,		59.00,				1.00000,				0.98333
 69,		59.00,		59.00,		59.00,				1.00000,				0.98333
 70,		59.00,		59.00,		59.00,				1.00000,				0.98333
 71,		59.00,		59.00,		59.00,				1.00000,				0.98333
 72,		59.00,		59.00,		59.00,				1.00000,				0.98333
 73,		59.00,		59.00,		59.00,				1.00000,				0.98333
 74,		59.00,		59.00,		59.00,				1.00000,				0.98333
 75,		59.00,		59.00,		59.00,				1.00000,				0.98333
 76,		59.00,		59.00,		59.00,				1.00000,				0.98333
 77,		59.00,		59.00,		59.00,				1.00000,				0.98333
 78,		59.00,		59.00,		59.00,				1.00000,				0.98333
 79,		59.00,		59.00,		59.00,				1.00000,				0.98333
 80,		59.00,		59.00,		59.00,				1.00000,				0.98333
 81,		59.00,		59.00,		59.00,				1.00000,				0.98333
 82,		59.00,		59.00,		59.00,				1.00000,				0.98333
 83,		59.00,		59.00,		59.00,				1.00000,				0.98333
 84,		59.00,		59.00,		59.00,				1.00000,				0.98333
 85,		59.00,		59.00,		59.00,				1.00000,				0.98333
 86,		59.00,		59.00,		59.00,				1.00000,				0.98333
 87,		59.00,		59.00,		59.00,				1.00000,				0.98333
 88,		59.00,		59.00,		59.00,				1.00000,				0.98333
 89,		59.00,		59.00,		59.00,				1.00000,				0.98333
 90,		59.00,		59.00,		59.00,				1.00000,				0.98333
 91,		59.00,		59.00,		59.00,				1.00000,				0.98333
 92,		59.00,		59.00,		59.00,				1.00000,				0.98333
 93,		59.00,		59.00,		59.00,				1.00000,				0.98333
 94,		59.00,		59.00,		59.00,				1.00000,				0.98333
 95,		59.00,		59.00,		59.00,				1.00000,				0.98333
 96,		59.00,		59.00,		59.00,				1.00000,				0.98333
 97,		59.00,		59.00,		59.00,				1.00000,				0.98333
 98,		59.00,		59.00,		59.00,				1.00000,				0.98333
 99,		59.00,		59.00,		59.00,				1.00000,				0.98333
100,		59.00,		59.00,		59.00,				1.00000,				0.98333
101,		59.00,		59.00,		59.00,				1.00000,				0.98333
102,		59.00,		59.00,		59.00,				1.00000,				0.98333
103,		59.00,		59.00,		59.00,				1.00000,				0.98333
104,		59.00,		59.00,		59.00,				1.00000,				0.98333
105,		59.00,		59.00,		59.00,				1.00000,				0.98333
106,		59.00,		59.00,		59.00,				1.00000,				0.98333
107,		59.00,		59.00,		59.00,				1.00000,				0.98333
108,		59.00,		59.00,		59.00,				1.00000,				0.98333
109,		59.00,		59.00,		59.00,				1.00000,				0.98333
110,		59.00,		59.00,		59.00,				1.00000,				0.98333
111,		59.00,		59.00,		59.00,				1.00000,				0.98333
112,		59.00,		59.00,		59.00,				1.00000,				0.98333
113,		59.00,		59.00,		59.00,				1.00000,				0.98333
114,		59.00,		59.00,		59.00,				1.00000,				0.98333
115,		59.00,		59.00,		59.00,				1.00000,				0.98333
116,		59.00,		59.00,		59.00,				1.00000,				0.98333
117,		59.00,		59.00,		59.00,				1.00000,				0.98333
118,		59.00,		59.00,		59.00,				1.00000,				0.98333
119,		59.00,		59.00,		59.00,				1.00000,				0.98333
120,		59.00,		59.00,		59.00,				1.00000,				0.98333
121,		59.00,		59.00,		59.00,				1.00000,				0.98333
122,		59.00,		59.00,		59.00,				1.00000,				0.98333
123,		59.00,		59.00,		59.00,				1.00000,				0.98333
124,		59.00,		59.00,		59.00,				1.00000,				0.98333
125,		59.00,		59.00,		59.00,				1.00000,				0.98333
126,		59.00,		59.00,		59.00,				1.00000,				0.98333
127,		59.00,		59.00,		59.00,				1.00000,				0.98333
128,		59.00,		59.00,		59.00,				1.00000,				0.98333
129,		59.00,		59.00,		59.00,				1.00000,				0.98333
130,		59.00,		59.00,		59.00,				1.00000,				0.98333
131,		59.00,		59.00,		59.00,				1.00000,				0.98333
132,		59.00,		59.00,		59.00,				1.00000,				0.98333
133,		59.00,		59.00,		59.00,				1.00000,				0.98333
134,		59.00,		59.00,		59.00,				1.00000,				0.98333
135,		59.00,		59.00,		59.00,				1.00000,				0.98333
136,		59.00,		59.00,		59.00,				1.00000,				0.98333
137,		59.00,		59.00,		59.00,				1.00000,				0.98333
138,		59.00,		59.00,		59.00,				1.00000,				0.98333
139,		59.00,		59.00,		59.00,				1.00000,				0.98333
140,		59.00,		59.00,		59.00,				1.00000,				0.98333
141,		59.00,		59.00,		59.00,				1.00000,				0.98333
142,		59.00,		59.00,		59.00,				1.00000,				0.98333
143,		59.00,		59.00,		59.00,				1.00000,				0.98333
144,		59.00,		59.00,		59.00,				1.00000,				0.98333
145,		59.00,		59.00,		59.00,				1.00000,				0.98333
146,		59.00,		59.00,		59.00,				1.00000,				0.98333
147,		59.00,		59.00,		59.00,				1.00000,				0.98333
148,		59.00,		59.00,		59.00,				1.00000,				0.98333
149,		59.00,		59.00,		59.00,				1.00000,				0.98333
150,		59.00,		59.00,		59.00,				1.00000,				0.98333
151,		59.00,		59.00,		59.00,				1.00000,				0.98333
152,		59.00,		59.00,		59.00,				1.00000,				0.98333
153,		59.00,		59.00,		59.00,				1.00000,				0.98333
154,		59.00,		59.00,		59.00,				1.00000,				0.98333
155,		59.00,		59.00,		59.00,				1.00000,				0.98333
156,		59.00,		59.00,		59.00,				1.00000,				0.98333
157,		59.00,		59.00,		59.00,				1.00000,				0.98333
158,		59.00,		59.00,		59.00,				1.00000,				0.98333
159,		59.00,		59.00,		59.00,				1.00000,				0.98333
160,		59.00,		59.00,		59.00,				1.00000,				0.98333
161,		59.00,		59.00,		59.00,				1.00000,				0.98333
162,		59.00,		59.00,		59.00,				1.00000,				0.98333
163,		59.00,		59.00,		59.00,				1.00000,				0.98333
164,		59.00,		59.00,		59.00,				1.00000,				0.98333
165,		59.00,		59.00,		59.00,				1.00000,				0.98333
166,		59.00,		59.00,		59.00,				1.00000,				0.98333
167,		59.00,		59.00,		59.00,				1.00000,				0.98333
168,		59.00,		59.00,		59.00,				1.00000,				0.98333
169,		59.00,		59.00,		59.00,				1.00000,				0.98333
170,		59.00,		59.00,		59.00,				1.00000,				0.98333
171,		59.00,		59.00,		59.00,				1.00000,				0.98333
172,		59.00,		59.00,		59.00,				1.00000,				0.98333
173,		59.00,		59.00,		59.00,				1.00000,				0.98333
174,		59.00,		59.00,		59.00,				1.00000,				0.98333
175,		59.00,		59.00,		59.00,				1.00000,				0.98333
176,		59.00,		59.00,		59.00,				1.00000,				0.98333
177,		59.00,		59.00,		59.00,				1.00000,				0.98333
178,		59.00,		59.00,		59.00,				1.00000,				0.98333
179,		59.00,		59.00,		59.00,				1.00000,				0.98333
180,		59.00,		59.00,		59.00,				1.00000,				0.98333
181,		59.00,		59.00,		59.00,				1.00000,				0.98333
182,		59.00,		59.00,		59.00,				1.00000,				0.98333
183,		59.00,		59.00,		59.00,				1.00000,				0.98333
184,		59.00,		59.00,		59.00,				1.00000,				0.98333
185,		59.00,		59.00,		59.00,				1.00000,				0.98333
186,		59.00,		59.00,		59.00,				1.00000,				0.98333
187,		59.00,		59.00,		59.00,				1.00000,				0.98333
188,		59.00,		59.00,		59.00,				1.00000,				0.98333
189,		59.00,		59.00,		59.00,				1.00000,				0.98333
190,		59.00,		59.00,		59.00,				1.00000,				0.98333
191,		59.00,		59.00,		59.00,				1.00000,				0.98333
192,		59.00,		59.00,		59.00,				1.00000,				0.98333
193,		59.00,		59.00,		59.00,				1.00000,				0.98333
194,		59.00,		59.00,		59.00,				1.00000,				0.98333
195,		59.00,		59.00,		59.00,				1.00000,				0.98333
196,		59.00,		59.00,		59.00,				1.00000,				0.98333
197,		59.00,		59.00,		59.00,				1.00000,				0.98333
198,		59.00,		59.00,		59.00,				1.00000,				0.98333
199,		59.00,		59.00,		59.00,				1.00000,				0.98333
200,		59.00,		59.00,		59.00,				1.00000,				0.98333
201,		59.00,		59.00,		59.00,				1.00000,				0.98333
202,		59.00,		59.00,		59.00,				1.00000,				0.98333
203,		59.00,		59.00,		59.00,				1.00000,				0.98333
204,		59.00,		59.00,		59.00,				1.00000,				0.98333
205,		59.00,		59.00,		59.00,				1.00000,				0.98333
206,		59.00,		59.00,		59.00,				1.00000,				0.98333
207,		59.00,		59.00,		59.00,				1.00000,				0.98333
208,		59.00,		59.00,		59.00,				1.00000,				0.98333
209,		59.00,		59.00,		59.00,				1.00000,				0.98333
210,		59.00,		59.00,		59.00,				1.00000,				0.98333
211,		59.00,		59.00,		59.00,				1.00000,				0.98333
212,		59.00,		59.00,		59.00,				1.00000,				0.98333
213,		59.00,		59.00,		59.00,				1.00000,				0.98333
214,		59.00,		59.00,		59.00,				1.00000,				0.98333
215,		59.00,		59.00,		59.00,				1.00000,				0.98333
216,		59.00,		59.00,		59.00,				1.00000,				0.98333
217,		59.00,		59.00,		59.00,				1.00000,				0.98333
218,		59.00,		59.00,		59.00,				1.00000,				0.98333
219,		59.00,		59.00,		59.00,				1.00000,				0.98333
220,		59.00,		59.00,		59.00,				1.00000,				0.98333
221,		59.00,		59.00,		59.00,				1.00000,				0.98333
222,		59.00,		59.00,		59.00,				1.00000,				0.98333
223,		59.00,		59.00,		59.00,				1.00000,				0.98333
224,		59.00,		59.00,		59.00,				1.00000,				0.98333
225,		59.00,		59.00,		59.00,				1.00000,				0.98333
226,		59.00,		59.00,		59.00,				1.00000,				0.98333
227,		59.00,		59.00,		59.00,				1.00000,				0.98333
228,		59.00,		59.00,		59.00,				1.00000,				0.98333
229,		59.00,		59.00,		59.00,				1.00000,				0.98333
230,		59.00,		59.00,		59.00,				1.00000,				0.98333
231,		59.00,		59.00,		59.00,				1.00000,				0.98333
232,		59.00,		59.00,		59.00,				1.00000,				0.98333
233,		59.00,		59.00,		59.00,				1.00000,				0.98333
234,		59.00,		59.00,		59.00,				1.00000,				0.98333
235,		59.00,		59.00,		59.00,				1.00000,				0.98333
236,		59.00,		59.00,		59.00,				1.00000,				0.98333
237,		59.00,		59.00,		59.00,				1.00000,				0.98333
238,		59.00,		59.00,		59.00,				1.00000,				0.98333
239,		59.00,		59.00,		59.00,				1.00000,				0.98333
240,		59.00,		59.00,		59.00,				1.00000,				0.98333
241,		59.00,		59.00,		59.00,				1.00000,				0.98333
242,		59.00,		59.00,		59.00,				1.00000,				0.98333
243,		59.00,		59.00,		59.00,				1.00000,				0.98333
244,		59.00,		59.00,		59.00,				1.00000,				0.98333
245,		59.00,		59.00,		59.00,				1.00000,				0.98333
246,		59.00,		59.00,		59.00,				1.00000,				0.98333
247,		59.00,		59.00,		59.00,				1.00000,				0.98333
248,		59.00,		59.00,		59.00,				1.00000,				0.98333
249,		59.00,		59.00,		59.00,				1.00000,				0.98333
250,		59.00,		59.00,		59.00,				1.00000,				0.98333
251,		59.00,		59.00,		59.00,				1.00000,				0.98333
252,		59.00,		59.00,		59.00,				1.00000,				0.98333
253,		59.00,		59.00,		59.00,				1.00000,				0.98333
254,		59.00,		59.00,		59.00,				1.00000,				0.98333
255,		59.00,		59.00,		59.00,				1.00000,				0.98333
256,		59.00,		59.00,		59.00,				1.00000,				0.98333
257,		59.00,		59.00,		59.00,				1.00000,				0.98333
258,		59.00,		59.00,		59.00,				1.00000,				0.98333
259,		59.00,		59.00,		59.00,				1.00000,				0.98333
260,		59.00,		59.00,		59.00,				1.00000,				0.98333
261,		59.00,		59.00,		59.00,				1.00000,				0.98333
262,		59.00,		59.00,		59.00,				1.00000,				0.98333
263,		59.00,		59.00,		59.00,				1.00000,				0.98333
264,		59.00,		59.00,		59.00,				1.00000,				0.98333
265,		59.00,		59.00,		59.00,				1.00000,				0.98333
266,		59.00,		59.00,		59.00,				1.00000,				0.98333
267,		59.00,		59.00,		59.00,				1.00000,				0.98333
268,		59.00,		59.00,		59.00,				1.00000,				0.98333
269,		59.00,		59.00,		59.00,				1.00000,				0.98333
270,		59.00,		59.00,		59.00,				1.00000,				0.98333
271,		59.00,		59.00,		59.00,				1.00000,				0.98333
272,		59.00,		59.00,		59.00,				1.00000,				0.98333
273,		59.00,		59.00,		59.00,				1.00000,				0.98333
274,		59.00,		59.00,		59.00,				1.00000,				0.98333
275,		59.00,		59.00,		59.00,				1.00000,				0.98333
276,		59.00,		59.00,		59.00,				1.00000,				0.98333
277,		59.00,		59.00,		59.00,				1.00000,				0.98333
278,		59.00,		59.00,		59.00,				1.00000,				0.98333
279,		59.00,		59.00,		59.00,				1.00000,				0.98333
280,		59.00,		59.00,		59.00,				1.00000,				0.98333
281,		59.00,		59.00,		59.00,				1.00000,				0.98333
282,		59.00,		59.00,		59.00,				1.00000,				0.98333
283,		59.00,		59.00,		59.00,				1.00000,				0.98333
284,		59.00,		59.00,		59.00,				1.00000,				0.98333
285,		59.00,		59.00,		59.00,				1.00000,				0.98333
286,		59.00,		59.00,		59.00,				1.00000,				0.98333
287,		59.00,		59.00,		59.00,				1.00000,				0.98333
288,		59.00,		59.00,		59.00,				1.00000,				0.98333
289,		59.00,		59.00,		59.00,				1.00000,				0.98333
290,		59.00,		59.00,		59.00,				1.00000,				0.98333
291,		59.00,		59.00,		59.00,				1.00000,				0.98333
292,		59.00,		59.00,		59.00,				1.00000,				0.98333
293,		59.00,		59.00,		59.00,				1.00000,				0.98333
294,		59.00,		59.00,		59.00,				1.00000,				0.98333
295,		59.00,		59.00,		59.00,				1.00000,				0.98333
296,		59.00,		59.00,		59.00,				1.00000,				0.98333
297,		59.00,		59.00,		59.00,				1.00000,				0.98333
298,		59.00,		59.00,		59.00,				1.00000,				0.98333
299,		59.00,		59.00,		59.00,				1.00000,				0.98333
300,		59.00,		59.00,		59.00,				1.00000,				0.98333
301,		59.00,		59.00,		59.00,				1.00000,				0.98333
302,		59.00,		59.00,		59.00,				1.00000,				0.98333
303,		59.00,		59.00,		59.00,				1.00000,				0.98333
304,		59.00,		59.00,		59.00,				1.00000,				0.98333
305,		59.00,		59.00,		59.00,				1.00000,				0.98333
306,		59.00,		59.00,		59.00,				1.00000,				0.98333
307,		59.00,		59.00,		59.00,				1.00000,				0.98333
308,		59.00,		59.00,		59.00,				1.00000,				0.98333
309,		59.00,		59.00,		59.00,				1.00000,				0.98333
310,		59.00,		59.00,		59.00,				1.00000,				0.98333
311,		59.00,		59.00,		59.00,				1.00000,				0.98333
312,		59.00,		59.00,		59.00,				1.00000,				0.98333
313,		59.00,		59.00,		59.00,				1.00000,				0.98333
314,		59.00,		59.00,		59.00,				1.00000,				0.98333
315,		59.00,		59.00,		59.00,				1.00000,				0.98333
316,		59.00,		59.00,		59.00,				1.00000,				0.98333
317,		59.00,		59.00,		59.00,				1.00000,				0.98333
318,		59.00,		59.00,		59.00,				1.00000,				0.98333
319,		59.00,		59.00,		59.00,				1.00000,				0.98333
320,		59.00,		59.00,		59.00,				1.00000,				0.98333
321,		59.00,		59.00,		59.00,				1.00000,				0.98333
322,		59.00,		59.00,		59.00,				1.00000,				0.98333
323,		59.00,		59.00,		59.00,				1.00000,				0.98333
324,		59.00,		59.00,		59.00,				1.00000,				0.98333
325,		59.00,		59.00,		59.00,				1.00000,				0.98333
326,		59.00,		59.00,		59.00,				1.00000,				0.98333
327,		59.00,		59.00,		59.00,				1.00000,				0.98333
328,		59.00,		59.00,		59.00,				1.00000,				0.98333
329,		59.00,		59.00,		59.00,				1.00000,				0.98333
330,		59.00,		59.00,		59.00,				1.00000,				0.98333
331,		59.00,		59.00,		59.00,				1.00000,				0.98333
332,		59.00,		59.00,		59.00,				1.00000,				0.98333
333,		59.00,		59.00,		59.00,				1.00000,				0.98333
334,		59.00,		59.00,		59.00,				1.00000,				0.98333
335,		59.00,		59.00,		59.00,				1.00000,				0.98333
336,		59.00,		59.00,		59.00,				1.00000,				0.98333
337,		59.00,		59.00,		59.00,				1.00000,				0.98333
338,		59.00,		59.00,		59.00,				1.00000,				0.98333
339,		59.00,		59.00,		59.00,				1.00000,				0.98333
340,		59.00,		59.00,		59.00,				1.00000,				0.98333
341,		59.00,		59.00,		59.00,				1.00000,				0.98333
342,		59.00,		59.00,		59.00,				1.00000,				0.98333
343,		59.00,		59.00,		59.00,				1.00000,				0.98333
344,		59.00,		59.00,		59.00,				1.00000,				0.98333
345,		59.00,		59.00,		59.00,				1.00000,				0.98333
346,		59.00,		59.00,		59.00,				1.00000,				0.98333
347,		59.00,		59.00,		59.00,				1.00000,				0.98333
348,		59.00,		59.00,		59.00,				1.00000,				0.98333
349,		59.00,		59.00,		59.00,				1.00000,				0.98333
350,		59.00,		59.00,		59.00,				1.00000,				0.98333
351,		59.00,		59.00,		59.00,				1.00000,				0.98333
352,		59.00,		59.00,		59.00,				1.00000,				0.98333
353,		59.00,		59.00,		59.00,				1.00000,				0.98333
354,		59.00,		59.00,		59.00,				1.00000,				0.98333
355,		59.00,		59.00,		59.00,				1.00000,				0.98333
356,		59.00,		59.00,		59.00,				1.00000,				0.98333
357,		59.00,		59.00,		59.00,				1.00000,				0.98333
358,		59.00,		59.00,		59.00,				1.00000,				0.98333
359,		59.00,		59.00,		59.00,				1.00000,				0.98333
360,		59.00,		59.00,		59.00,				1.00000,				0.98333
361,		59.00,		59.00,		59.00,				1.00000,				0.98333
362,		59.00,		59.00,		59.00,				1.00000,				0.98333
363,		59.00,		59.00,		59.00,				1.00000,				0.98333
364,		59.00,		59.00,		59.00,				1.00000,				0.98333
365,		59.00,		59.00,		59.00,				1.00000,				0.98333
366,		59.00,		59.00,		59.00,				1.00000,				0.98333
367,		59.00,		59.00,		59.00,				1.00000,				0.98333
368,		59.00,		59.00,		59.00,				1.00000,				0.98333
369,		59.00,		59.00,		59.00,				1.00000,				0.98333
370,		59.00,		59.00,		59.00,				1.00000,				0.98333
371,		59.00,		59.00,		59.00,				1.00000,				0.98333
372,		59.00,		59.00,		59.00,				1.00000,				0.98333
373,		59.00,		59.00,		59.00,				1.00000,				0.98333
374,		59.00,		59.00,		59.00,				1.00000,				0.98333
375,		59.00,		59.00,		59.00,				1.00000,				0.98333
376,		59.00,		59.00,		59.00,				1.00000,				0.98333
377,		59.00,		59.00,		59.00,				1.00000,				0.98333
378,		59.00,		59.00,		59.00,				1.00000,				0.98333
379,		59.00,		59.00,		59.00,				1.00000,				0.98333
380,		59.00,		59.00,		59.00,				1.00000,				0.98333
381,		59.00,		59.00,		59.00,				1.00000,				0.98333
382,		59.00,		59.00,		59.00,				1.00000,				0.98333
383,		59.00,		59.00,		59.00,				1.00000,				0.98333
384,		59.00,		59.00,		59.00,				1.00000,				0.98333
385,		59.00,		59.00,		59.00,				1.00000,				0.98333
386,		59.00,		59.00,		59.00,				1.00000,				0.98333
387,		59.00,		59.00,		59.00,				1.00000,				0.98333
388,		59.00,		59.00,		59.00,				1.00000,				0.98333
389,		59.00,		59.00,		59.00,				1.00000,				0.98333
390,		59.00,		59.00,		59.00,				1.00000,				0.98333
391,		59.00,		59.00,		59.00,				1.00000,				0.98333
392,		59.00,		59.00,		59.00,				1.00000,				0.98333
393,		59.00,		59.00,		59.00,				1.00000,				0.98333
394,		59.00,		59.00,		59.00,				1.00000,				0.98333
395,		59.00,		59.00,		59.00,				1.00000,				0.98333
396,		59.00,		59.00,		59.00,				1.00000,				0.98333
397,		59.00,		59.00,		59.00,				1.00000,				0.98333
398,		59.00,		59.00,		59.00,				1.00000,				0.98333
399,		59.00,		59.00,		59.00,				1.00000,				0.98333
400,		59.00,		59.00,		59.00,				1.00000,				0.98333
401,		59.00,		59.00,		59.00,				1.00000,				0.98333
402,		59.00,		59.00,		59.00,				1.00000,				0.98333
403,		59.00,		59.00,		59.00,				1.00000,				0.98333
404,		59.00,		59.00,		59.00,				1.00000,				0.98333
405,		59.00,		59.00,		59.00,				1.00000,				0.98333
406,		59.00,		59.00,		59.00,				1.00000,				0.98333
407,		59.00,		59.00,		59.00,				1.00000,				0.98333
408,		59.00,		59.00,		59.00,				1.00000,				0.98333
409,		59.00,		59.00,		59.00,				1.00000,				0.98333
410,		59.00,		59.00,		59.00,				1.00000,				0.98333
411,		59.00,		59.00,		59.00,				1.00000,				0.98333
412,		59.00,		59.00,		59.00,				1.00000,				0.98333
413,		59.00,		59.00,		59.00,				1.00000,				0.98333
414,		59.00,		59.00,		59.00,				1.00000,				0.98333
415,		59.00,		59.00,		59.00,				1.00000,				0.98333
416,		59.00,		59.00,		59.00,				1.00000,				0.98333
417,		59.00,		59.00,		59.00,				1.00000,				0.98333
418,		59.00,		59.00,		59.00,				1.00000,				0.98333
419,		59.00,		59.00,		59.00,				1.00000,				0.98333
420,		59.00,		59.00,		59.00,				1.00000,				0.98333
421,		59.00,		59.00,		59.00,				1.00000,				0.98333
422,		59.00,		59.00,		59.00,				1.00000,				0.98333
423,		59.00,		59.00,		59.00,				1.00000,				0.98333
424,		59.00,		59.00,		59.00,				1.00000,				0.98333
425,		59.00,		59.00,		59.00,				1.00000,				0.98333
426,		59.00,		59.00,		59.00,				1.00000,				0.98333
427,		59.00,		59.00,		59.00,				1.00000,				0.98333
428,		59.00,		59.00,		59.00,				1.00000,				0.98333
429,		59.00,		59.00,		59.00,				1.00000,				0.98333
430,		59.00,		59.00,		59.00,				1.00000,				0.98333
431,		59.00,		59.00,		59.00,				1.00000,				0.98333
432,		59.00,		59.00,		59.00,				1.00000,				0.98333
433,		59.00,		59.00,		59.00,				1.00000,				0.98333
434,		59.00,		59.00,		59.00,				1.00000,				0.98333
435,		59.00,		59.00,		59.00,				1.00000,				0.98333
436,		59.00,		59.00,		59.00,				1.00000,				0.98333
437,		59.00,		59.00,		59.00,				1.00000,				0.98333
438,		59.00,		59.00,		59.00,				1.00000,				0.98333
439,		59.00,		59.00,		59.00,				1.00000,				0.98333
440,		59.00,		59.00,		59.00,				1.00000,				0.98333
441,		59.00,		59.00,		59.00,				1.00000,				0.98333
442,		59.00,		59.00,		59.00,				1.00000,				0.98333
443,		59.00,		59.00,		59.00,				1.00000,				0.98333
444,		59.00,		59.00,		59.00,				1.00000,				0.98333
445,		59.00,		59.00,		59.00,				1.00000,				0.98333
446,		59.00,		59.00,		59.00,				1.00000,				0.98333
447,		59.00,		59.00,		59.00,				1.00000,				0.98333
448,		59.00,		59.00,		59.00,				1.00000,				0.98333
449,		59.00,		59.00,		59.00,				1.00000,				0.98333
450,		59.00,		59.00,		59.00,				1.00000,				0.98333
451,		59.00,		59.00,		59.00,				1.00000,				0.98333
452,		59.00,		59.00,		59.00,				1.00000,				0.98333
453,		59.00,		59.00,		59.00,				1.00000,				0.98333
454,		59.00,		59.00,		59.00,				1.00000,				0.98333
455,		59.00,		59.00,		59.00,				1.00000,				0.98333
456,		59.00,		59.00,		59.00,				1.00000,				0.98333
457,		59.00,		59.00,		59.00,				1.00000,				0.98333
458,		59.00,		59.00,		59.00,				1.00000,				0.98333
459,		59.00,		59.00,		59.00,				1.00000,				0.98333
460,		59.00,		59.00,		59.00,				1.00000,				0.98333
461,		59.00,		59.00,		59.00,				1.00000,				0.98333
462,		59.00,		59.00,		59.00,				1.00000,				0.98333
463,		59.00,		59.00,		59.00,				1.00000,				0.98333
464,		59.00,		59.00,		59.00,				1.00000,				0.98333
465,		59.00,		59.00,		59.00,				1.00000,				0.98333
466,		59.00,		59.00,		59.00,				1.00000,				0.98333
467,		59.00,		59.00,		59.00,				1.00000,				0.98333
468,		59.00,		59.00,		59.00,				1.00000,				0.98333
469,		59.00,		59.00,		59.00,				1.00000,				0.98333
470,		59.00,		59.00,		59.00,				1.00000,				0.98333
471,		59.00,		59.00,		59.00,				1.00000,				0.98333
472,		59.00,		59.00,		59.00,				1.00000,				0.98333
473,		59.00,		59.00,		59.00,				1.00000,				0.98333
474,		59.00,		59.00,		59.00,				1.00000,				0.98333
475,		59.00,		59.00,		59.00,				1.00000,				0.98333
476,		59.00,		59.00,		59.00,				1.00000,				0.98333
477,		59.00,		59.00,		59.00,				1.00000,				0.98333
478,		59.00,		59.00,		59.00,				1.00000,				0.98333
479,		59.00,		59.00,		59.00,				1.00000,				0.98333
480,		59.00,		59.00,		59.00,				1.00000,				0.98333
481,		59.00,		59.00,		59.00,				1.00000,				0.98333
482,		59.00,		59.00,		59.00,				1.00000,				0.98333
483,		59.00,		59.00,		59.00,				1.00000,				0.98333
484,		59.00,		59.00,		59.00,				1.00000,				0.98333
485,		59.00,		59.00,		59.00,				1.00000,				0.98333
486,		59.00,		59.00,		59.00,				1.00000,				0.98333
487,		59.00,		59.00,		59.00,				1.00000,				0.98333
488,		59.00,		59.00,		59.00,				1.00000,				0.98333
489,		59.00,		59.00,		59.00,				1.00000,				0.98333
490,		59.00,		59.00,		59.00,				1.00000,				0.98333
491,		59.00,		59.00,		59.00,				1.00000,				0.98333
492,		59.00,		59.00,		59.00,				1.00000,				0.98333
493,		59.00,		59.00,		59.00,				1.00000,				0.98333
494,		59.00,		59.00,		59.00,				1.00000,				0.98333
495,		59.00,		59.00,		59.00,				1.00000,				0.98333
496,		59.00,		59.00,		59.00,				1.00000,				0.98333
497,		59.00,		59.00,		59.00,				1.00000,				0.98333
498,		59.00,		59.00,		59.00,				1.00000,				0.98333
499,		59.00,		59.00,		59.00,				1.00000,				0.98333
500,		59.00,		59.00,		59.00,				1.00000,				0.98333
501,		59.00,		59.00,		59.00,				1.00000,				0.98333
502,		59.00,		59.00,		59.00,				1.00000,				0.98333
503,		59.00,		59.00,		59.00,				1.00000,				0.98333
504,		59.00,		59.00,		59.00,				1.00000,				0.98333
505,		59.00,		59.00,		59.00,				1.00000,				0.98333
506,		59.00,		59.00,		59.00,				1.00000,				0.98333
507,		59.00,		59.00,		59.00,				1.00000,				0.98333
508,		59.00,		59.00,		59.00,				1.00000,				0.98333
509,		59.00,		59.00,		59.00,				1.00000,				0.98333
510,		59.00,		59.00,		59.00,				1.00000,				0.98333
511,		59.00,		59.00,		59.00,				1.00000,				0.98333
512,		59.00,		59.00,		59.00,				1.00000,				0.98333
513,		59.00,		59.00,		59.00,				1.00000,				0.98333
514,		59.00,		59.00,		59.00,				1.00000,				0.98333
515,		59.00,		59.00,		59.00,				1.00000,				0.98333
516,		59.00,		59.00,		59.00,				1.00000,				0.98333
517,		59.00,		59.00,		59.00,				1.00000,				0.98333
518,		59.00,		59.00,		59.00,				1.00000,				0.98333
519,		59.00,		59.00,		59.00,				1.00000,				0.98333
520,		59.00,		59.00,		59.00,				1.00000,				0.98333
521,		59.00,		59.00,		59.00,				1.00000,				0.98333
522,		59.00,		59.00,		59.00,				1.00000,				0.98333
523,		59.00,		59.00,		59.00,				1.00000,				0.98333
524,		59.00,		59.00,		59.00,				1.00000,				0.98333
525,		59.00,		59.00,		59.00,				1.00000,				0.98333
526,		59.00,		59.00,		59.00,				1.00000,				0.98333
527,		59.00,		59.00,		59.00,				1.00000,				0.98333
528,		59.00,		59.00,		59.00,				1.00000,				0.98333
529,		59.00,		59.00,		59.00,				1.00000,				0.98333
530,		59.00,		59.00,		59.00,				1.00000,				0.98333
531,		59.00,		59.00,		59.00,				1.00000,				0.98333
532,		59.00,		59.00,		59.00,				1.00000,				0.98333
533,		59.00,		59.00,		59.00,				1.00000,				0.98333
534,		59.00,		59.00,		59.00,				1.00000,				0.98333
535,		59.00,		59.00,		59.00,				1.00000,				0.98333
536,		59.00,		59.00,		59.00,				1.00000,				0.98333
537,		59.00,		59.00,		59.00,				1.00000,				0.98333
538,		59.00,		59.00,		59.00,				1.00000,				0.98333
539,		59.00,		59.00,		59.00,				1.00000,				0.98333
540,		59.00,		59.00,		59.00,				1.00000,				0.98333
541,		59.00,		59.00,		59.00,				1.00000,				0.98333
542,		59.00,		59.00,		59.00,				1.00000,				0.98333
543,		59.00,		59.00,		59.00,				1.00000,				0.98333
544,		59.00,		59.00,		59.00,				1.00000,				0.98333
545,		59.00,		59.00,		59.00,				1.00000,				0.98333
546,		59.00,		59.00,		59.00,				1.00000,				0.98333
547,		59.00,		59.00,		59.00,				1.00000,				0.98333
548,		59.00,		59.00,		59.00,				1.00000,				0.98333
549,		59.00,		59.00,		59.00,				1.00000,				0.98333
550,		59.00,		59.00,		59.00,				1.00000,				0.98333
551,		59.00,		59.00,		59.00,				1.00000,				0.98333
552,		59.00,		59.00,		59.00,				1.00000,				0.98333
553,		59.00,		59.00,		59.00,				1.00000,				0.98333
554,		59.00,		59.00,		59.00,				1.00000,				0.98333
555,		59.00,		59.00,		59.00,				1.00000,				0.98333
556,		59.00,		59.00,		59.00,				1.00000,				0.98333
557,		59.00,		59.00,		59.00,				1.00000,				0.98333
558,		59.00,		59.00,		59.00,				1.00000,				0.98333
559,		59.00,		59.00,		59.00,				1.00000,				0.98333
560,		59.00,		59.00,		59.00,				1.00000,				0.98333
561,		59.00,		59.00,		59.00,				1.00000,				0.98333
562,		59.00,		59.00,		59.00,				1.00000,				0.98333
563,		59.00,		59.00,		59.00,				1.00000,				0.98333
564,		59.00,		59.00,		59.00,				1.00000,				0.98333
565,		59.00,		59.00,		59.00,				1.00000,				0.98333
566,		59.00,		59.00,		59.00,				1.00000,				0.98333
567,		59.00,		59.00,		59.00,				1.00000,				0.98333
568,		59.00,		59.00,		59.00,				1.00000,				0.98333
569,		59.00,		59.00,		59.00,				1.00000,				0.98333
570,		59.00,		59.00,		59.00,				1.00000,				0.98333
571,		59.00,		59.00,		59.00,				1.00000,				0.98333
572,		59.00,		59.00,		59.00,				1.00000,				0.98333
573,		59.00,		59.00,		59.00,				1.00000,				0.98333
574,		59.00,		59.00,		59.00,				1.00000,				0.98333
575,		59.00,		59.00,		59.00,				1.00000,				0.98333
576,		59.00,		59.00,		59.00,				1.00000,				0.98333
577,		59.00,		59.00,		59.00,				1.00000,				0.98333
578,		59.00,		59.00,		59.00,				1.00000,				0.98333
579,		59.00,		59.00,		59.00,				1.00000,				0.98333
580,		59.00,		59.00,		59.00,				1.00000,				0.98333
581,		59.00,		59.00,		59.00,				1.00000,				0.98333
582,		59.00,		59.00,		59.00,				1.00000,				0.98333
583,		59.00,		59.00,		59.00,				1.00000,				0.98333
584,		59.00,		59.00,		59.00,				1.00000,				0.98333
585,		59.00,		59.00,		59.00,				1.00000,				0.98333
586,		59.00,		59.00,		59.00,				1.00000,				0.98333
587,		59.00,		59.00,		59.00,				1.00000,				0.98333
588,		59.00,		59.00,		59.00,				1.00000,				0.98333
589,		59.00,		59.00,		59.00,				1.00000,				0.98333
590,		59.00,		59.00,		59.00,				1.00000,				0.98333
591,		59.00,		59.00,		59.00,				1.00000,				0.98333
592,		59.00,		59.00,		59.00,				1.00000,				0.98333
593,		59.00,		59.00,		59.00,				1.00000,				0.98333
594,		59.00,		59.00,		59.00,				1.00000,				0.98333
595,		59.00,		59.00,		59.00,				1.00000,				0.98333
596,		59.00,		59.00,		59.00,				1.00000,				0.98333
597,		59.00,		59.00,		59.00,				1.00000,				0.98333
598,		59.00,		59.00,		59.00,				1.00000,				0.98333
599,		59.00,		59.00,		59.00,				1.00000,				0.98333
600,		59.00,		59.00,		59.00,				1.00000,				0.98333
601,		59.00,		59.00,		59.00,				1.00000,				0.98333
602,		59.00,		59.00,		59.00,				1.00000,				0.98333
603,		59.00,		59.00,		59.00,				1.00000,				0.98333
604,		59.00,		59.00,		59.00,				1.00000,				0.98333
605,		59.00,		59.00,		59.00,				1.00000,				0.98333
606,		59.00,		59.00,		59.00,				1.00000,				0.98333
607,		59.00,		59.00,		59.00,				1.00000,				0.98333
608,		59.00,		59.00,		59.00,				1.00000,				0.98333
609,		59.00,		59.00,		59.00,				1.00000,				0.98333
610,		59.00,		59.00,		59.00,				1.00000,				0.98333
611,		59.00,		59.00,		59.00,				1.00000,				0.98333
612,		59.00,		59.00,		59.00,				1.00000,				0.98333
613,		59.00,		59.00,		59.00,				1.00000,				0.98333
614,		59.00,		59.00,		59.00,				1.00000,				0.98333
615,		59.00,		59.00,		59.00,				1.00000,				0.98333
616,		59.00,		59.00,		59.00,				1.00000,				0.98333
617,		59.00,		59.00,		59.00,				1.00000,				0.98333
618,		59.00,		59.00,		59.00,				1.00000,				0.98333
619,		59.00,		59.00,		59.00,				1.00000,				0.98333
620,		59.00,		59.00,		59.00,				1.00000,				0.98333
621,		59.00,		59.00,		59.00,				1.00000,				0.98333
622,		59.00,		59.00,		59.00,				1.00000,				0.98333
623,		59.00,		59.00,		59.00,				1.00000,				0.98333
624,		59.00,		59.00,		59.00,				1.00000,				0.98333
625,		59.00,		59.00,		59.00,				1.00000,				0.98333
626,		59.00,		59.00,		59.00,				1.00000,				0.98333
627,		59.00,		59.00,		59.00,				1.00000,				0.98333
628,		59.00,		59.00,		59.00,				1.00000,				0.98333
629,		59.00,		59.00,		59.00,				1.00000,				0.98333
630,		59.00,		59.00,		59.00,				1.00000,				0.98333
631,		59.00,		59.00,		59.00,				1.00000,				0.98333
632,		59.00,		59.00,		59.00,				1.00000,				0.98333
633,		59.00,		59.00,		59.00,				1.00000,				0.98333
634,		59.00,		59.00,		59.00,				1.00000,				0.98333
635,		59.00,		59.00,		59.00,				1.00000,				0.98333
636,		59.00,		59.00,		59.00,				1.00000,				0.98333
637,		59.00,		59.00,		59.00,				1.00000,				0.98333
638,		59.00,		59.00,		59.00,				1.00000,				0.98333
639,		59.00,		59.00,		59.00,				1.00000,				0.98333
640,		59.00,		59.00,		59.00,				1.00000,				0.98333
641,		59.00,		59.00,		59.00,				1.00000,				0.98333
642,		59.00,		59.00,		59.00,				1.00000,				0.98333
643,		59.00,		59.00,		59.00,				1.00000,				0.98333
644,		59.00,		59.00,		59.00,				1.00000,				0.98333
645,		59.00,		59.00,		59.00,				1.00000,				0.98333
646,		59.00,		59.00,		59.00,				1.00000,				0.98333
647,		59.00,		59.00,		59.00,				1.00000,				0.98333
648,		59.00,		59.00,		59.00,				1.00000,				0.98333
649,		59.00,		59.00,		59.00,				1.00000,				0.98333
650,		59.00,		59.00,		59.00,				1.00000,				0.98333
651,		59.00,		59.00,		59.00,				1.00000,				0.98333
652,		59.00,		59.00,		59.00,				1.00000,				0.98333
653,		59.00,		59.00,		59.00,				1.00000,				0.98333
654,		59.00,		59.00,		59.00,				1.00000,				0.98333
655,		59.00,		59.00,		59.00,				1.00000,				0.98333
656,		59.00,		59.00,		59.00,				1.00000,				0.98333
657,		59.00,		59.00,		59.00,				1.00000,				0.98333
658,		59.00,		59.00,		59.00,				1.00000,				0.98333
659,		59.00,		59.00,		59.00,				1.00000,				0.98333
660,		59.00,		59.00,		59.00,				1.00000,				0.98333
661,		59.00,		59.00,		59.00,				1.00000,				0.98333
662,		59.00,		59.00,		59.00,				1.00000,				0.98333
663,		59.00,		59.00,		59.00,				1.00000,				0.98333
664,		59.00,		59.00,		59.00,				1.00000,				0.98333
665,		59.00,		59.00,		59.00,				1.00000,				0.98333
666,		59.00,		59.00,		59.00,				1.00000,				0.98333
667,		59.00,		59.00,		59.00,				1.00000,				0.98333
668,		59.00,		59.00,		59.00,				1.00000,				0.98333
669,		59.00,		59.00,		59.00,				1.00000,				0.98333
670,		59.00,		59.00,		59.00,				1.00000,				0.98333
671,		59.00,		59.00,		59.00,				1.00000,				0.98333
672,		59.00,		59.00,		59.00,				1.00000,				0.98333
673,		59.00,		59.00,		59.00,				1.00000,				0.98333
674,		59.00,		59.00,		59.00,				1.00000,				0.98333
675,		59.00,		59.00,		59.00,				1.00000,				0.98333
676,		59.00,		59.00,		59.00,				1.00000,				0.98333
677,		59.00,		59.00,		59.00,				1.00000,				0.98333
678,		59.00,		59.00,		59.00,				1.00000,				0.98333
679,		59.00,		59.00,		59.00,				1.00000,				0.98333
680,		59.00,		59.00,		59.00,				1.00000,				0.98333
681,		59.00,		59.00,		59.00,				1.00000,				0.98333
682,		59.00,		59.00,		59.00,				1.00000,				0.98333
683,		59.00,		59.00,		59.00,				1.00000,				0.98333
684,		59.00,		59.00,		59.00,				1.00000,				0.98333
685,		59.00,		59.00,		59.00,				1.00000,				0.98333
686,		59.00,		59.00,		59.00,				1.00000,				0.98333
687,		59.00,		59.00,		59.00,				1.00000,				0.98333
688,		59.00,		59.00,		59.00,				1.00000,				0.98333
689,		59.00,		59.00,		59.00,				1.00000,				0.98333
690,		59.00,		59.00,		59.00,				1.00000,				0.98333
691,		59.00,		59.00,		59.00,				1.00000,				0.98333
692,		59.00,		59.00,		59.00,				1.00000,				0.98333
693,		59.00,		59.00,		59.00,				1.00000,				0.98333
694,		59.00,		59.00,		59.00,				1.00000,				0.98333
695,		59.00,		59.00,		59.00,				1.00000,				0.98333
696,		59.00,		59.00,		59.00,				1.00000,				0.98333
697,		59.00,		59.00,		59.00,				1.00000,				0.98333
698,		59.00,		59.00,		59.00,				1.00000,				0.98333
699,		59.00,		59.00,		59.00,				1.00000,				0.98333
700,		59.00,		59.00,		59.00,				1.00000,				0.98333
701,		59.00,		59.00,		59.00,				1.00000,				0.98333
702,		59.00,		59.00,		59.00,				1.00000,				0.98333
703,		59.00,		59.00,		59.00,				1.00000,				0.98333
704,		59.00,		59.00,		59.00,				1.00000,				0.98333
705,		59.00,		59.00,		59.00,				1.00000,				0.98333
706,		59.00,		59.00,		59.00,				1.00000,				0.98333
707,		59.00,		59.00,		59.00,				1.00000,				0.98333
708,		59.00,		59.00,		59.00,				1.00000,				0.98333
709,		59.00,		59.00,		59.00,				1.00000,				0.98333
710,		59.00,		59.00,		59.00,				1.00000,				0.98333
711,		59.00,		59.00,		59.00,				1.00000,				0.98333
712,		59.00,		59.00,		59.00,				1.00000,				0.98333
713,		59.00,		59.00,		59.00,				1.00000,				0.98333
714,		59.00,		59.00,		59.00,				1.00000,				0.98333
715,		59.00,		59.00,		59.00,				1.00000,				0.98333
716,		59.00,		59.00,		59.00,				1.00000,				0.98333
717,		59.00,		59.00,		59.00,				1.00000,				0.98333
718,		59.00,		59.00,		59.00,				1.00000,				0.98333
719,		59.00,		59.00,		59.00,				1.00000,				0.98333
720,		59.00,		59.00,		59.00,				1.00000,				0.98333
721,		59.00,		59.00,		59.00,				1.00000,				0.98333
722,		59.00,		59.00,		59.00,				1.00000,				0.98333
723,		59.00,		59.00,		59.00,				1.00000,				0.98333
724,		59.00,		59.00,		59.00,				1.00000,				0.98333
725,		59.00,		59.00,		59.00,				1.00000,				0.98333
726,		59.00,		59.00,		59.00,				1.00000,				0.98333
727,		59.00,		59.00,		59.00,				1.00000,				0.98333
728,		59.00,		59.00,		59.00,				1.00000,				0.98333
729,		59.00,		59.00,		59.00,				1.00000,				0.98333
730,		59.00,		59.00,		59.00,				1.00000,				0.98333
731,		59.00,		59.00,		59.00,				1.00000,				0.98333
732,		59.00,		59.00,		59.00,				1.00000,				0.98333
733,		59.00,		59.00,		59.00,				1.00000,				0.98333
734,		59.00,		59.00,		59.00,				1.00000,				0.98333
735,		59.00,		59.00,		59.00,				1.00000,				0.98333
736,		59.00,		59.00,		59.00,				1.00000,				0.98333
737,		59.00,		59.00,		59.00,				1.00000,				0.98333
738,		59.00,		59.00,		59.00,				1.00000,				0.98333
739,		59.00,		59.00,		59.00,				1.00000,				0.98333
740,		59.00,		59.00,		59.00,				1.00000,				0.98333
741,		59.00,		59.00,		59.00,				1.00000,				0.98333
742,		59.00,		59.00,		59.00,				1.00000,				0.98333
743,		59.00,		59.00,		59.00,				1.00000,				0.98333
744,		59.00,		59.00,		59.00,				1.00000,				0.98333
745,		59.00,		59.00,		59.00,				1.00000,				0.98333
746,		59.00,		59.00,		59.00,				1.00000,				0.98333
747,		59.00,		59.00,		59.00,				1.00000,				0.98333
748,		59.00,		59.00,		59.00,				1.00000,				0.98333
749,		59.00,		59.00,		59.00,				1.00000,				0.98333
750,		59.00,		59.00,		59.00,				1.00000,				0.98333
751,		59.00,		59.00,		59.00,				1.00000,				0.98333
752,		59.00,		59.00,		59.00,				1.00000,				0.98333
753,		59.00,		59.00,		59.00,				1.00000,				0.98333
754,		59.00,		59.00,		59.00,				1.00000,				0.98333
755,		59.00,		59.00,		59.00,				1.00000,				0.98333
756,		59.00,		59.00,		59.00,				1.00000,				0.98333
757,		59.00,		59.00,		59.00,				1.00000,				0.98333
758,		59.00,		59.00,		59.00,				1.00000,				0.98333
759,		59.00,		59.00,		59.00,				1.00000,				0.98333
760,		59.00,		59.00,		59.00,				1.00000,				0.98333
761,		59.00,		59.00,		59.00,				1.00000,				0.98333
762,		59.00,		59.00,		59.00,				1.00000,				0.98333
763,		59.00,		59.00,		59.00,				1.00000,				0.98333
764,		59.00,		59.00,		59.00,				1.00000,				0.98333
765,		59.00,		59.00,		59.00,				1.00000,				0.98333
766,		59.00,		59.00,		59.00,				1.00000,				0.98333
767,		59.00,		59.00,		59.00,				1.00000,				0.98333
768,		59.00,		59.00,		59.00,				1.00000,				0.98333
769,		59.00,		59.00,		59.00,				1.00000,				0.98333
770,		59.00,		59.00,		59.00,				1.00000,				0.98333
771,		59.00,		59.00,		59.00,				1.00000,				0.98333
772,		59.00,		59.00,		59.00,				1.00000,				0.98333
773,		59.00,		59.00,		59.00,				1.00000,				0.98333
774,		59.00,		59.00,		59.00,				1.00000,				0.98333
775,		59.00,		59.00,		59.00,				1.00000,				0.98333
776,		59.00,		59.00,		59.00,				1.00000,				0.98333
777,		59.00,		59.00,		59.00,				1.00000,				0.98333
778,		59.00,		59.00,		59.00,				1.00000,				0.98333
779,		59.00,		59.00,		59.00,				1.00000,				0.98333
780,		59.00,		59.00,		59.00,				1.00000,				0.98333
781,		59.00,		59.00,		59.00,				1.00000,				0.98333
782,		59.00,		59.00,		59.00,				1.00000,				0.98333
783,		59.00,		59.00,		59.00,				1.00000,				0.98333
784,		59.00,		59.00,		59.00,				1.00000,				0.98333
785,		59.00,		59.00,		59.00,				1.00000,				0.98333
786,		59.00,		59.00,		59.00,				1.00000,				0.98333
787,		59.00,		59.00,		59.00,				1.00000,				0.98333
788,		59.00,		59.00,		59.00,				1.00000,				0.98333
789,		59.00,		59.00,		59.00,				1.00000,				0.98333
790,		59.00,		59.00,		59.00,				1.00000,				0.98333
791,		59.00,		59.00,		59.00,				1.00000,				0.98333
792,		59.00,		59.00,		59.00,				1.00000,				0.98333
793,		59.00,		59.00,		59.00,				1.00000,				0.98333
794,		59.00,		59.00,		59.00,				1.00000,				0.98333
795,		59.00,		59.00,		59.00,				1.00000,				0.98333
796,		59.00,		59.00,		59.00,				1.00000,				0.98333
797,		59.00,		59.00,		59.00,				1.00000,				0.98333
798,		59.00,		59.00,		59.00,				1.00000,				0.98333
799,		59.00,		59.00,		59.00,				1.00000,				0.98333
800,		59.00,		59.00,		59.00,				1.00000,				0.98333
801,		59.00,		59.00,		59.00,				1.00000,				0.98333
802,		59.00,		59.00,		59.00,				1.00000,				0.98333
803,		59.00,		59.00,		59.00,				1.00000,				0.98333
804,		59.00,		59.00,		59.00,				1.00000,				0.98333
805,		59.00,		59.00,		59.00,				1.00000,				0.98333
806,		59.00,		59.00,		59.00,				1.00000,				0.98333
807,		59.00,		59.00,		59.00,				1.00000,				0.98333
808,		59.00,		59.00,		59.00,				1.00000,				0.98333
809,		59.00,		59.00,		59.00,				1.00000,				0.98333
810,		59.00,		59.00,		59.00,				1.00000,				0.98333
811,		59.00,		59.00,		59.00,				1.00000,				0.98333
812,		59.00,		59.00,		59.00,				1.00000,				0.98333
813,		59.00,		59.00,		59.00,				1.00000,				0.98333
814,		59.00,		59.00,		59.00,				1.00000,				0.98333
815,		59.00,		59.00,		59.00,				1.00000,				0.98333
816,		59.00,		59.00,		59.00,				1.00000,				0.98333
817,		59.00,		59.00,		59.00,				1.00000,				0.98333
818,		59.00,		59.00,		59.00,				1.00000,				0.98333
819,		59.00,		59.00,		59.00,				1.00000,				0.98333
820,		59.00,		59.00,		59.00,				1.00000,				0.98333
821,		59.00,		59.00,		59.00,				1.00000,				0.98333
822,		59.00,		59.00,		59.00,				1.00000,				0.98333
823,		59.00,		59.00,		59.00,				1.00000,				0.98333
824,		59.00,		59.00,		59.00,				1.00000,				0.98333
825,		59.00,		59.00,		59.00,				1.00000,				0.98333
826,		59.00,		59.00,		59.00,				1.00000,				0.98333
827,		59.00,		59.00,		59.00,				1.00000,				0.98333
828,		59.00,		59.00,		59.00,				1.00000,				0.98333
829,		59.00,		59.00,		59.00,				1.00000,				0.98333
830,		59.00,		59.00,		59.00,				1.00000,				0.98333
831,		59.00,		59.00,		59.00,				1.00000,				0.98333
832,		59.00,		59.00,		59.00,				1.00000,				0.98333
833,		59.00,		59.00,		59.00,				1.00000,				0.98333
834,		59.00,		59.00,		59.00,				1.00000,				0.98333
835,		59.00,		59.00,		59.00,				1.00000,				0.98333
836,		59.00,		59.00,		59.00,				1.00000,				0.98333
837,		59.00,		59.00,		59.00,				1.00000,				0.98333
838,		59.00,		59.00,		59.00,				1.00000,				0.98333
839,		59.00,		59.00,		59.00,				1.00000,				0.98333
840,		59.00,		59.00,		59.00,				1.00000,				0.98333
841,		59.00,		59.00,		59.00,				1.00000,				0.98333
842,		59.00,		59.00,		59.00,				1.00000,				0.98333
843,		59.00,		59.00,		59.00,				1.00000,				0.98333
844,		59.00,		59.00,		59.00,				1.00000,				0.98333
845,		59.00,		59.00,		59.00,				1.00000,				0.98333
846,		59.00,		59.00,		59.00,				1.00000,				0.98333
847,		59.00,		59.00,		59.00,				1.00000,				0.98333
848,		59.00,		59.00,		59.00,				1.00000,				0.98333
849,		59.00,		59.00,		59.00,				1.00000,				0.98333
850,		59.00,		59.00,		59.00,				1.00000,				0.98333
851,		59.00,		59.00,		59.00,				1.00000,				0.98333
852,		59.00,		59.00,		59.00,				1.00000,				0.98333
853,		59.00,		59.00,		59.00,				1.00000,				0.98333
854,		59.00,		59.00,		59.00,				1.00000,				0.98333
855,		59.00,		59.00,		59.00,				1.00000,				0.98333
856,		59.00,		59.00,		59.00,				1.00000,				0.98333
857,		59.00,		59.00,		59.00,				1.00000,				0.98333
858,		59.00,		59.00,		59.00,				1.00000,				0.98333
859,		59.00,		59.00,		59.00,				1.00000,				0.98333
860,		59.00,		59.00,		59.00,				1.00000,				0.98333
861,		59.00,		59.00,		59.00,				1.00000,				0.98333
862,		59.00,		59.00,		59.00,				1.00000,				0.98333
863,		59.00,		59.00,		59.00,				1.00000,				0.98333
864,		59.00,		59.00,		59.00,				1.00000,				0.98333
865,		59.00,		59.00,		59.00,				1.00000,				0.98333
866,		59.00,		59.00,		59.00,				1.00000,				0.98333
867,		59.00,		59.00,		59.00,				1.00000,				0.98333
868,		59.00,		59.00,		59.00,				1.00000,				0.98333
869,		59.00,		59.00,		59.00,				1.00000,				0.98333
870,		59.00,		59.00,		59.00,				1.00000,				0.98333
871,		59.00,		59.00,		59.00,				1.00000,				0.98333
872,		59.00,		59.00,		59.00,				1.00000,				0.98333
873,		59.00,		59.00,		59.00,				1.00000,				0.98333
874,		59.00,		59.00,		59.00,				1.00000,				0.98333
875,		59.00,		59.00,		59.00,				1.00000,				0.98333
876,		59.00,		59.00,		59.00,				1.00000,				0.98333
877,		59.00,		59.00,		59.00,				1.00000,				0.98333
878,		59.00,		59.00,		59.00,				1.00000,				0.98333
879,		59.00,		59.00,		59.00,				1.00000,				0.98333
880,		59.00,		59.00,		59.00,				1.00000,				0.98333
881,		59.00,		59.00,		59.00,				1.00000,				0.98333
882,		59.00,		59.00,		59.00,				1.00000,				0.98333
883,		59.00,		59.00,		59.00,				1.00000,				0.98333
884,		59.00,		59.00,		59.00,				1.00000,				0.98333
885,		59.00,		59.00,		59.00,				1.00000,				0.98333
886,		59.00,		59.00,		59.00,				1.00000,				0.98333
887,		59.00,		59.00,		59.00,				1.00000,				0.98333
888,		59.00,		59.00,		59.00,				1.00000,				0.98333
889,		59.00,		59.00,		59.00,				1.00000,				0.98333
890,		59.00,		59.00,		59.00,				1.00000,				0.98333
891,		59.00,		59.00,		59.00,				1.00000,				0.98333
892,		59.00,		59.00,		59.00,				1.00000,				0.98333
893,		59.00,		59.00,		59.00,				1.00000,				0.98333
894,		59.00,		59.00,		59.00,				1.00000,				0.98333
895,		59.00,		59.00,		59.00,				1.00000,				0.98333
896,		59.00,		59.00,		59.00,				1.00000,				0.98333
897,		59.00,		59.00,		59.00,				1.00000,				0.98333
898,		59.00,		59.00,		59.00,				1.00000,				0.98333
899,		59.00,		59.00,		59.00,				1.00000,				0.98333
900,		59.00,		59.00,		59.00,				1.00000,				0.98333
901,		59.00,		59.00,		59.00,				1.00000,				0.98333
902,		59.00,		59.00,		59.00,				1.00000,				0.98333
903,		59.00,		59.00,		59.00,				1.00000,				0.98333
904,		59.00,		59.00,		59.00,				1.00000,				0.98333
905,		59.00,		59.00,		59.00,				1.00000,				0.98333
906,		59.00,		59.00,		59.00,				1.00000,				0.98333
907,		59.00,		59.00,		59.00,				1.00000,				0.98333
908,		59.00,		59.00,		59.00,				1.00000,				0.98333
909,		59.00,		59.00,		59.00,				1.00000,				0.98333
910,		59.00,		59.00,		59.00,				1.00000,				0.98333
911,		59.00,		59.00,		59.00,				1.00000,				0.98333
912,		59.00,		59.00,		59.00,				1.00000,				0.98333
913,		59.00,		59.00,		59.00,				1.00000,				0.98333
914,		59.00,		59.00,		59.00,				1.00000,				0.98333
915,		59.00,		59.00,		59.00,				1.00000,				0.98333
916,		59.00,		59.00,		59.00,				1.00000,				0.98333
917,		59.00,		59.00,		59.00,				1.00000,				0.98333
918,		59.00,		59.00,		59.00,				1.00000,				0.98333
919,		59.00,		59.00,		59.00,				1.00000,				0.98333
920,		59.00,		59.00,		59.00,				1.00000,				0.98333
921,		59.00,		59.00,		59.00,				1.00000,				0.98333
922,		59.00,		59.00,		59.00,				1.00000,				0.98333
923,		59.00,		59.00,		59.00,				1.00000,				0.98333
924,		59.00,		59.00,		59.00,				1.00000,				0.98333
925,		59.00,		59.00,		59.00,				1.00000,				0.98333
926,		59.00,		59.00,		59.00,				1.00000,				0.98333
927,		59.00,		59.00,		59.00,				1.00000,				0.98333
928,		59.00,		59.00,		59.00,				1.00000,				0.98333
929,		59.00,		59.00,		59.00,				1.00000,				0.98333
930,		59.00,		59.00,		59.00,				1.00000,				0.98333
931,		59.00,		59.00,		59.00,				1.00000,				0.98333
932,		59.00,		59.00,		59.00,				1.00000,				0.98333
933,		59.00,		59.00,		59.00,				1.00000,				0.98333
934,		59.00,		59.00,		59.00,				1.00000,				0.98333
935,		59.00,		59.00,		59.00,				1.00000,				0.98333
936,		59.00,		59.00,		59.00,				1.00000,				0.98333
937,		59.00,		59.00,		59.00,				1.00000,				0.98333
938,		59.00,		59.00,		59.00,				1.00000,				0.98333
939,		59.00,		59.00,		59.00,				1.00000,				0.98333
940,		59.00,		59.00,		59.00,				1.00000,				0.98333
941,		59.00,		59.00,		59.00,				1.00000,				0.98333
942,		59.00,		59.00,		59.00,				1.00000,				0.98333
943,		59.00,		59.00,		59.00,				1.00000,				0.98333
944,		59.00,		59.00,		59.00,				1.00000,				0.98333
945,		59.00,		59.00,		59.00,				1.00000,				0.98333
946,		59.00,		59.00,		59.00,				1.00000,				0.98333
947,		59.00,		59.00,		59.00,				1.00000,				0.98333
948,		59.00,		59.00,		59.00,				1.00000,				0.98333
949,		59.00,		59.00,		59.00,				1.00000,				0.98333
950,		59.00,		59.00,		59.00,				1.00000,				0.98333
951,		59.00,		59.00,		59.00,				1.00000,				0.98333
952,		59.00,		59.00,		59.00,				1.00000,				0.98333
953,		59.00,		59.00,		59.00,				1.00000,				0.98333
954,		59.00,		59.00,		59.00,				1.00000,				0.98333
955,		59.00,		59.00,		59.00,				1.00000,				0.98333
956,		59.00,		59.00,		59.00,				1.00000,				0.98333
957,		59.00,		59.00,		59.00,				1.00000,				0.98333
958,		59.00,		59.00,		59.00,				1.00000,				0.98333
959,		59.00,		59.00,		59.00,				1.00000,				0.98333
960,		59.00,		59.00,		59.00,				1.00000,				0.98333
961,		59.00,		59.00,		59.00,				1.00000,				0.98333
962,		59.00,		59.00,		59.00,				1.00000,				0.98333
963,		59.00,		59.00,		59.00,				1.00000,				0.98333
964,		59.00,		59.00,		59.00,				1.00000,				0.98333
965,		59.00,		59.00,		59.00,				1.00000,				0.98333
966,		59.00,		59.00,		59.00,				1.00000,				0.98333
967,		59.00,		59.00,		59.00,				1.00000,				0.98333
968,		59.00,		59.00,		59.00,				1.00000,				0.98333
969,		59.00,		59.00,		59.00,				1.00000,				0.98333
970,		59.00,		59.00,		59.00,				1.00000,				0.98333
971,		59.00,		59.00,		59.00,				1.00000,				0.98333
972,		59.00,		59.00,		59.00,				1.00000,				0.98333
973,		59.00,		59.00,		59.00,				1.00000,				0.98333
974,		59.00,		59.00,		59.00,				1.00000,				0.98333
975,		59.00,		59.00,		59.00,				1.00000,				0.98333
976,		59.00,		59.00,		59.00,				1.00000,				0.98333
977,		59.00,		59.00,		59.00,				1.00000,				0.98333
978,		59.00,		59.00,		59.00,				1.00000,				0.98333
979,		59.00,		59.00,		59.00,				1.00000,				0.98333
980,		59.00,		59.00,		59.00,				1.00000,				0.98333
981,		59.00,		59.00,		59.00,				1.00000,				0.98333
982,		59.00,		59.00,		59.00,				1.00000,				0.98333
983,		59.00,		59.00,		59.00,				1.00000,				0.98333
984,		59.00,		59.00,		59.00,				1.00000,				0.98333
985,		59.00,		59.00,		59.00,				1.00000,				0.98333
986,		59.00,		59.00,		59.00,				1.00000,				0.98333
987,		59.00,		59.00,		59.00,				1.00000,				0.98333
988,		59.00,		59.00,		59.00,				1.00000,				0.98333
989,		59.00,		59.00,		59.00,				1.00000,				0.98333
990,		59.00,		59.00,		59.00,				1.00000,				0.98333
991,		59.00,		59.00,		59.00,				1.00000,				0.98333
992,		59.00,		59.00,		59.00,				1.00000,				0.98333
993,		59.00,		59.00,		59.00,				1.00000,				0.98333
994,		59.00,		59.00,		59.00,				1.00000,				0.98333
995,		59.00,		59.00,		59.00,				1.00000,				0.98333
996,		59.00,		59.00,		59.00,				1.00000,				0.98333
997,		59.00,		59.00,		59.00,				1.00000,				0.98333
998,		59.00,		59.00,		59.00,				1.00000,				0.98333
999,		59.00,		59.00,		59.00,				1.00000,				0.98333
