GEN,		MIN,				AVE,				MAX,				EXTINCT,		CONV,				SEMI,		SUPER,	T_SEMI,	T_SUPER,	L_L,			L_W,		L_a,		K_L,		K_W,		K_A,		H_L,		H_W,		H_A,		B1_L,		B1_W,		B1_A,		B2_L,		B2_W,		B2_A,		B3_L,		B3_W,		B3_A,
  0,		48198.59,		48860.83,		49263.35,		0,					1.00824,		0,			0,			0,			0,				15.43,		10.29,		158.69,		9.40,		7.04,		45.64,		5.5,		4.55,		25.02,		15.13,		10.09,		152.67,		14.53,		9.69,		140.78,		13.81,		9.21,		127.14
  1,		48879.27,		49029.61,		49275.83,		0,					1.00502,		0,			0,			0,			0,				15.30,		10.20,		156.09,		10.63,		6.76,		45.16,		5.5,		3.98,		21.91,		15.66,		10.44,		163.57,		13.81,		9.21,		127.14,		12.95,		8.63,		111.84
  2,		48978.12,		49080.90,		49275.83,		0,					1.00397,		0,			0,			0,			0,				15.30,		10.20,		156.09,		10.63,		6.76,		45.16,		5.5,		3.98,		21.91,		15.66,		10.44,		163.57,		13.81,		9.21,		127.14,		12.95,		8.63,		111.84
  3,		49025.36,		49110.03,		49320.98,		0,					1.00430,		0,			0,			0,			0,				13.90,		9.27,		128.89,		9.02,		6.47,		41.86,		5.5,		4.55,		25.02,		15.00,		10.00,		150.00,		14.74,		9.83,		144.81,		13.05,		8.70,		113.49
  4,		49051.77,		49127.38,		49320.98,		0,					1.00394,		0,			0,			0,			0,				13.90,		9.27,		128.89,		9.02,		6.47,		41.86,		5.5,		4.55,		25.02,		15.00,		10.00,		150.00,		14.74,		9.83,		144.81,		13.05,		8.70,		113.49
  5,		49070.95,		49143.51,		49324.02,		0,					1.00367,		0,			0,			0,			0,				15.68,		10.46,		163.96,		6.57,		7.70,		46.77,		5.5,		5.60,		30.78,		15.13,		10.09,		152.67,		13.71,		9.14,		125.24,		12.38,		8.25,		102.19
  6,		49088.48,		49151.96,		49324.02,		0,					1.00350,		0,			0,			0,			0,				15.68,		10.46,		163.96,		6.57,		7.70,		46.77,		5.5,		5.60,		30.78,		15.13,		10.09,		152.67,		13.71,		9.14,		125.24,		12.38,		8.25,		102.19
  7,		49099.05,		49159.52,		49324.02,		0,					1.00335,		0,			0,			0,			0,				15.68,		10.46,		163.96,		6.57,		7.70,		46.77,		5.5,		5.60,		30.78,		15.13,		10.09,		152.67,		13.71,		9.14,		125.24,		12.38,		8.25,		102.19
  8,		49107.80,		49166.14,		49324.02,		0,					1.00321,		0,			0,			0,			0,				15.68,		10.46,		163.96,		6.57,		7.70,		46.77,		5.5,		5.60,		30.78,		15.13,		10.09,		152.67,		13.71,		9.14,		125.24,		12.38,		8.25,		102.19
  9,		49117.24,		49172.52,		49324.02,		0,					1.00308,		0,			0,			0,			0,				15.68,		10.46,		163.96,		6.57,		7.70,		46.77,		5.5,		5.60,		30.78,		15.13,		10.09,		152.67,		13.71,		9.14,		125.24,		12.38,		8.25,		102.19
 10,		49123.11,		49177.64,		49330.28,		0,					1.00310,		0,			0,			0,			0,				14.16,		9.44,		133.65,		7.98,		6.47,		40.82,		5.5,		5.03,		27.68,		15.13,		10.09,		152.67,		13.71,		9.14,		125.24,		13.81,		9.21,		127.14
 11,		49131.14,		49183.91,		49334.90,		0,					1.00307,		0,			0,			0,			0,				14.41,		9.61,		138.48,		6.57,		8.27,		50.17,		5.5,		5.92,		32.56,		15.13,		10.09,		152.67,		13.91,		9.28,		129.04,		12.48,		8.32,		103.77
 12,		49137.56,		49188.48,		49334.90,		0,					1.00298,		0,			0,			0,			0,				14.41,		9.61,		138.48,		6.57,		8.27,		50.17,		5.5,		5.92,		32.56,		15.13,		10.09,		152.67,		13.91,		9.28,		129.04,		12.48,		8.32,		103.77
 13,		49142.41,		49191.89,		49334.90,		0,					1.00291,		0,			0,			0,			0,				14.41,		9.61,		138.48,		6.57,		8.27,		50.17,		5.5,		5.92,		32.56,		15.13,		10.09,		152.67,		13.91,		9.28,		129.04,		12.48,		8.32,		103.77
 14,		49147.52,		49194.94,		49334.90,		0,					1.00284,		0,			0,			0,			0,				14.41,		9.61,		138.48,		6.57,		8.27,		50.17,		5.5,		5.92,		32.56,		15.13,		10.09,		152.67,		13.91,		9.28,		129.04,		12.48,		8.32,		103.77
 15,		49149.84,		49196.79,		49334.90,		0,					1.00281,		0,			0,			0,			0,				14.41,		9.61,		138.48,		6.57,		8.27,		50.17,		5.5,		5.92,		32.56,		15.13,		10.09,		152.67,		13.91,		9.28,		129.04,		12.48,		8.32,		103.77
 16,		49152.05,		49198.58,		49334.90,		0,					1.00277,		0,			0,			0,			0,				14.41,		9.61,		138.48,		6.57,		8.27,		50.17,		5.5,		5.92,		32.56,		15.13,		10.09,		152.67,		13.91,		9.28,		129.04,		12.48,		8.32,		103.77
 17,		49156.05,		49201.31,		49334.90,		0,					1.00272,		0,			0,			0,			0,				14.41,		9.61,		138.48,		6.57,		8.27,		50.17,		5.5,		5.92,		32.56,		15.13,		10.09,		152.67,		13.91,		9.28,		129.04,		12.48,		8.32,		103.77
 18,		49159.29,		49203.33,		49334.90,		0,					1.00267,		0,			0,			0,			0,				14.41,		9.61,		138.48,		6.57,		8.27,		50.17,		5.5,		5.92,		32.56,		15.13,		10.09,		152.67,		13.91,		9.28,		129.04,		12.48,		8.32,		103.77
 19,		49163.79,		49205.78,		49334.90,		0,					1.00262,		0,			0,			0,			0,				14.41,		9.61,		138.48,		6.57,		8.27,		50.17,		5.5,		5.92,		32.56,		15.13,		10.09,		152.67,		13.91,		9.28,		129.04,		12.48,		8.32,		103.77
 20,		49167.60,		49209.08,		49334.90,		0,					1.00256,		0,			0,			0,			0,				14.41,		9.61,		138.48,		6.57,		8.27,		50.17,		5.5,		5.92,		32.56,		15.13,		10.09,		152.67,		13.91,		9.28,		129.04,		12.48,		8.32,		103.77
 21,		49169.96,		49210.75,		49334.90,		0,					1.00252,		0,			0,			0,			0,				14.41,		9.61,		138.48,		6.57,		8.27,		50.17,		5.5,		5.92,		32.56,		15.13,		10.09,		152.67,		13.91,		9.28,		129.04,		12.48,		8.32,		103.77
 22,		49171.56,		49212.28,		49334.90,		0,					1.00249,		0,			0,			0,			0,				14.41,		9.61,		138.48,		6.57,		8.27,		50.17,		5.5,		5.92,		32.56,		15.13,		10.09,		152.67,		13.91,		9.28,		129.04,		12.48,		8.32,		103.77
 23,		49173.52,		49214.12,		49334.90,		0,					1.00245,		0,			0,			0,			0,				14.41,		9.61,		138.48,		6.57,		8.27,		50.17,		5.5,		5.92,		32.56,		15.13,		10.09,		152.67,		13.91,		9.28,		129.04,		12.48,		8.32,		103.77
 24,		49174.76,		49215.66,		49334.90,		0,					1.00242,		0,			0,			0,			0,				14.41,		9.61,		138.48,		6.57,		8.27,		50.17,		5.5,		5.92,		32.56,		15.13,		10.09,		152.67,		13.91,		9.28,		129.04,		12.48,		8.32,		103.77
 25,		49175.99,		49216.80,		49334.90,		0,					1.00240,		0,			0,			0,			0,				14.41,		9.61,		138.48,		6.57,		8.27,		50.17,		5.5,		5.92,		32.56,		15.13,		10.09,		152.67,		13.91,		9.28,		129.04,		12.48,		8.32,		103.77
 26,		49177.82,		49218.00,		49334.90,		0,					1.00238,		0,			0,			0,			0,				14.41,		9.61,		138.48,		6.57,		8.27,		50.17,		5.5,		5.92,		32.56,		15.13,		10.09,		152.67,		13.91,		9.28,		129.04,		12.48,		8.32,		103.77
 27,		49180.08,		49219.38,		49334.90,		0,					1.00235,		0,			0,			0,			0,				14.41,		9.61,		138.48,		6.57,		8.27,		50.17,		5.5,		5.92,		32.56,		15.13,		10.09,		152.67,		13.91,		9.28,		129.04,		12.48,		8.32,		103.77
 28,		49180.69,		49220.07,		49334.90,		0,					1.00233,		0,			0,			0,			0,				14.41,		9.61,		138.48,		6.57,		8.27,		50.17,		5.5,		5.92,		32.56,		15.13,		10.09,		152.67,		13.91,		9.28,		129.04,		12.48,		8.32,		103.77
 29,		49182.59,		49221.81,		49334.90,		0,					1.00230,		0,			0,			0,			0,				14.41,		9.61,		138.48,		6.57,		8.27,		50.17,		5.5,		5.92,		32.56,		15.13,		10.09,		152.67,		13.91,		9.28,		129.04,		12.48,		8.32,		103.77
 30,		49184.67,		49223.27,		49334.90,		0,					1.00227,		0,			0,			0,			0,				14.41,		9.61,		138.48,		6.57,		8.27,		50.17,		5.5,		5.92,		32.56,		15.13,		10.09,		152.67,		13.91,		9.28,		129.04,		12.48,		8.32,		103.77
 31,		49186.66,		49224.92,		49334.90,		0,					1.00223,		0,			0,			0,			0,				14.41,		9.61,		138.48,		6.57,		8.27,		50.17,		5.5,		5.92,		32.56,		15.13,		10.09,		152.67,		13.91,		9.28,		129.04,		12.48,		8.32,		103.77
 32,		49188.64,		49226.17,		49334.90,		0,					1.00221,		0,			0,			0,			0,				14.41,		9.61,		138.48,		6.57,		8.27,		50.17,		5.5,		5.92,		32.56,		15.13,		10.09,		152.67,		13.91,		9.28,		129.04,		12.48,		8.32,		103.77
 33,		49189.74,		49227.30,		49334.90,		0,					1.00219,		0,			0,			0,			0,				14.41,		9.61,		138.48,		6.57,		8.27,		50.17,		5.5,		5.92,		32.56,		15.13,		10.09,		152.67,		13.91,		9.28,		129.04,		12.48,		8.32,		103.77
 34,		49190.99,		49227.82,		49334.90,		0,					1.00218,		0,			0,			0,			0,				14.41,		9.61,		138.48,		6.57,		8.27,		50.17,		5.5,		5.92,		32.56,		15.13,		10.09,		152.67,		13.91,		9.28,		129.04,		12.48,		8.32,		103.77
 35,		49191.81,		49228.84,		49334.90,		0,					1.00215,		0,			0,			0,			0,				14.41,		9.61,		138.48,		6.57,		8.27,		50.17,		5.5,		5.92,		32.56,		15.13,		10.09,		152.67,		13.91,		9.28,		129.04,		12.48,		8.32,		103.77
 36,		49192.67,		49229.77,		49334.90,		0,					1.00214,		0,			0,			0,			0,				14.41,		9.61,		138.48,		6.57,		8.27,		50.17,		5.5,		5.92,		32.56,		15.13,		10.09,		152.67,		13.91,		9.28,		129.04,		12.48,		8.32,		103.77
 37,		49193.93,		49230.37,		49334.90,		0,					1.00212,		0,			0,			0,			0,				14.41,		9.61,		138.48,		6.57,		8.27,		50.17,		5.5,		5.92,		32.56,		15.13,		10.09,		152.67,		13.91,		9.28,		129.04,		12.48,		8.32,		103.77
 38,		49194.65,		49231.03,		49334.90,		0,					1.00211,		0,			0,			0,			0,				14.41,		9.61,		138.48,		6.57,		8.27,		50.17,		5.5,		5.92,		32.56,		15.13,		10.09,		152.67,		13.91,		9.28,		129.04,		12.48,		8.32,		103.77
 39,		49196.47,		49232.01,		49334.90,		0,					1.00209,		0,			0,			0,			0,				14.41,		9.61,		138.48,		6.57,		8.27,		50.17,		5.5,		5.92,		32.56,		15.13,		10.09,		152.67,		13.91,		9.28,		129.04,		12.48,		8.32,		103.77
 40,		49197.06,		49232.64,		49334.90,		0,					1.00208,		0,			0,			0,			0,				14.41,		9.61,		138.48,		6.57,		8.27,		50.17,		5.5,		5.92,		32.56,		15.13,		10.09,		152.67,		13.91,		9.28,		129.04,		12.48,		8.32,		103.77
 41,		49197.73,		49233.23,		49334.90,		0,					1.00207,		0,			0,			0,			0,				14.41,		9.61,		138.48,		6.57,		8.27,		50.17,		5.5,		5.92,		32.56,		15.13,		10.09,		152.67,		13.91,		9.28,		129.04,		12.48,		8.32,		103.77
 42,		49198.51,		49233.95,		49334.90,		0,					1.00205,		0,			0,			0,			0,				14.41,		9.61,		138.48,		6.57,		8.27,		50.17,		5.5,		5.92,		32.56,		15.13,		10.09,		152.67,		13.91,		9.28,		129.04,		12.48,		8.32,		103.77
 43,		49199.66,		49234.68,		49334.90,		0,					1.00204,		0,			0,			0,			0,				14.41,		9.61,		138.48,		6.57,		8.27,		50.17,		5.5,		5.92,		32.56,		15.13,		10.09,		152.67,		13.91,		9.28,		129.04,		12.48,		8.32,		103.77
 44,		49200.75,		49235.15,		49334.90,		0,					1.00203,		0,			0,			0,			0,				14.41,		9.61,		138.48,		6.57,		8.27,		50.17,		5.5,		5.92,		32.56,		15.13,		10.09,		152.67,		13.91,		9.28,		129.04,		12.48,		8.32,		103.77
 45,		49202.55,		49236.11,		49334.90,		0,					1.00201,		0,			0,			0,			0,				14.41,		9.61,		138.48,		6.57,		8.27,		50.17,		5.5,		5.92,		32.56,		15.13,		10.09,		152.67,		13.91,		9.28,		129.04,		12.48,		8.32,		103.77
 46,		49203.37,		49236.92,		49334.90,		0,					1.00199,		0,			0,			0,			0,				14.41,		9.61,		138.48,		6.57,		8.27,		50.17,		5.5,		5.92,		32.56,		15.13,		10.09,		152.67,		13.91,		9.28,		129.04,		12.48,		8.32,		103.77
 47,		49204.22,		49237.64,		49334.90,		0,					1.00198,		0,			0,			0,			0,				14.41,		9.61,		138.48,		6.57,		8.27,		50.17,		5.5,		5.92,		32.56,		15.13,		10.09,		152.67,		13.91,		9.28,		129.04,		12.48,		8.32,		103.77
 48,		49205.40,		49238.47,		49334.90,		0,					1.00196,		0,			0,			0,			0,				14.41,		9.61,		138.48,		6.57,		8.27,		50.17,		5.5,		5.92,		32.56,		15.13,		10.09,		152.67,		13.91,		9.28,		129.04,		12.48,		8.32,		103.77
 49,		49206.51,		49239.24,		49334.90,		0,					1.00194,		0,			0,			0,			0,				14.41,		9.61,		138.48,		6.57,		8.27,		50.17,		5.5,		5.92,		32.56,		15.13,		10.09,		152.67,		13.91,		9.28,		129.04,		12.48,		8.32,		103.77
 50,		49208.01,		49240.47,		49334.90,		0,					1.00192,		0,			0,			0,			0,				14.41,		9.61,		138.48,		6.57,		8.27,		50.17,		5.5,		5.92,		32.56,		15.13,		10.09,		152.67,		13.91,		9.28,		129.04,		12.48,		8.32,		103.77
 51,		49208.42,		49241.29,		49334.90,		0,					1.00190,		0,			0,			0,			0,				14.41,		9.61,		138.48,		6.57,		8.27,		50.17,		5.5,		5.92,		32.56,		15.13,		10.09,		152.67,		13.91,		9.28,		129.04,		12.48,		8.32,		103.77
 52,		49208.85,		49241.70,		49334.90,		0,					1.00189,		0,			0,			0,			0,				14.41,		9.61,		138.48,		6.57,		8.27,		50.17,		5.5,		5.92,		32.56,		15.13,		10.09,		152.67,		13.91,		9.28,		129.04,		12.48,		8.32,		103.77
 53,		49209.93,		49242.09,		49334.90,		0,					1.00188,		0,			0,			0,			0,				14.41,		9.61,		138.48,		6.57,		8.27,		50.17,		5.5,		5.92,		32.56,		15.13,		10.09,		152.67,		13.91,		9.28,		129.04,		12.48,		8.32,		103.77
 54,		49210.93,		49243.00,		49334.90,		0,					1.00187,		0,			0,			0,			0,				14.41,		9.61,		138.48,		6.57,		8.27,		50.17,		5.5,		5.92,		32.56,		15.13,		10.09,		152.67,		13.91,		9.28,		129.04,		12.48,		8.32,		103.77
 55,		49211.29,		49243.48,		49334.90,		0,					1.00186,		0,			0,			0,			0,				14.41,		9.61,		138.48,		6.57,		8.27,		50.17,		5.5,		5.92,		32.56,		15.13,		10.09,		152.67,		13.91,		9.28,		129.04,		12.48,		8.32,		103.77
 56,		49212.22,		49244.38,		49334.90,		0,					1.00184,		0,			0,			0,			0,				14.41,		9.61,		138.48,		6.57,		8.27,		50.17,		5.5,		5.92,		32.56,		15.13,		10.09,		152.67,		13.91,		9.28,		129.04,		12.48,		8.32,		103.77
 57,		49213.07,		49244.66,		49334.90,		0,					1.00183,		0,			0,			0,			0,				14.41,		9.61,		138.48,		6.57,		8.27,		50.17,		5.5,		5.92,		32.56,		15.13,		10.09,		152.67,		13.91,		9.28,		129.04,		12.48,		8.32,		103.77
 58,		49213.46,		49244.98,		49334.90,		0,					1.00183,		0,			0,			0,			0,				14.41,		9.61,		138.48,		6.57,		8.27,		50.17,		5.5,		5.92,		32.56,		15.13,		10.09,		152.67,		13.91,		9.28,		129.04,		12.48,		8.32,		103.77
 59,		49214.64,		49246.11,		49334.90,		0,					1.00180,		0,			0,			0,			0,				14.41,		9.61,		138.48,		6.57,		8.27,		50.17,		5.5,		5.92,		32.56,		15.13,		10.09,		152.67,		13.91,		9.28,		129.04,		12.48,		8.32,		103.77
 60,		49214.98,		49246.48,		49334.90,		0,					1.00180,		0,			0,			0,			0,				14.41,		9.61,		138.48,		6.57,		8.27,		50.17,		5.5,		5.92,		32.56,		15.13,		10.09,		152.67,		13.91,		9.28,		129.04,		12.48,		8.32,		103.77
 61,		49215.78,		49247.09,		49334.90,		0,					1.00178,		0,			0,			0,			0,				14.41,		9.61,		138.48,		6.57,		8.27,		50.17,		5.5,		5.92,		32.56,		15.13,		10.09,		152.67,		13.91,		9.28,		129.04,		12.48,		8.32,		103.77
 62,		49216.54,		49247.42,		49334.90,		0,					1.00178,		0,			0,			0,			0,				14.41,		9.61,		138.48,		6.57,		8.27,		50.17,		5.5,		5.92,		32.56,		15.13,		10.09,		152.67,		13.91,		9.28,		129.04,		12.48,		8.32,		103.77
 63,		49217.31,		49247.77,		49334.90,		0,					1.00177,		0,			0,			0,			0,				14.41,		9.61,		138.48,		6.57,		8.27,		50.17,		5.5,		5.92,		32.56,		15.13,		10.09,		152.67,		13.91,		9.28,		129.04,		12.48,		8.32,		103.77
 64,		49217.88,		49248.12,		49334.90,		0,					1.00176,		0,			0,			0,			0,				14.41,		9.61,		138.48,		6.57,		8.27,		50.17,		5.5,		5.92,		32.56,		15.13,		10.09,		152.67,		13.91,		9.28,		129.04,		12.48,		8.32,		103.77
 65,		49218.93,		49248.81,		49334.90,		0,					1.00175,		0,			0,			0,			0,				14.41,		9.61,		138.48,		6.57,		8.27,		50.17,		5.5,		5.92,		32.56,		15.13,		10.09,		152.67,		13.91,		9.28,		129.04,		12.48,		8.32,		103.77
 66,		49219.04,		49249.04,		49334.90,		0,					1.00174,		0,			0,			0,			0,				14.41,		9.61,		138.48,		6.57,		8.27,		50.17,		5.5,		5.92,		32.56,		15.13,		10.09,		152.67,		13.91,		9.28,		129.04,		12.48,		8.32,		103.77
 67,		49219.96,		49249.44,		49334.90,		0,					1.00174,		0,			0,			0,			0,				14.41,		9.61,		138.48,		6.57,		8.27,		50.17,		5.5,		5.92,		32.56,		15.13,		10.09,		152.67,		13.91,		9.28,		129.04,		12.48,		8.32,		103.77
 68,		49220.37,		49249.70,		49334.90,		0,					1.00173,		0,			0,			0,			0,				14.41,		9.61,		138.48,		6.57,		8.27,		50.17,		5.5,		5.92,		32.56,		15.13,		10.09,		152.67,		13.91,		9.28,		129.04,		12.48,		8.32,		103.77
 69,		49220.44,		49249.76,		49334.90,		0,					1.00173,		0,			0,			0,			0,				14.41,		9.61,		138.48,		6.57,		8.27,		50.17,		5.5,		5.92,		32.56,		15.13,		10.09,		152.67,		13.91,		9.28,		129.04,		12.48,		8.32,		103.77
 70,		49220.98,		49250.09,		49334.90,		0,					1.00172,		0,			0,			0,			0,				14.41,		9.61,		138.48,		6.57,		8.27,		50.17,		5.5,		5.92,		32.56,		15.13,		10.09,		152.67,		13.91,		9.28,		129.04,		12.48,		8.32,		103.77
 71,		49221.51,		49250.30,		49334.90,		0,					1.00172,		0,			0,			0,			0,				14.41,		9.61,		138.48,		6.57,		8.27,		50.17,		5.5,		5.92,		32.56,		15.13,		10.09,		152.67,		13.91,		9.28,		129.04,		12.48,		8.32,		103.77
 72,		49221.84,		49250.66,		49334.90,		0,					1.00171,		0,			0,			0,			0,				14.41,		9.61,		138.48,		6.57,		8.27,		50.17,		5.5,		5.92,		32.56,		15.13,		10.09,		152.67,		13.91,		9.28,		129.04,		12.48,		8.32,		103.77
 73,		49222.00,		49250.92,		49334.90,		0,					1.00171,		0,			0,			0,			0,				14.41,		9.61,		138.48,		6.57,		8.27,		50.17,		5.5,		5.92,		32.56,		15.13,		10.09,		152.67,		13.91,		9.28,		129.04,		12.48,		8.32,		103.77
 74,		49222.39,		49251.19,		49334.90,		0,					1.00170,		0,			0,			0,			0,				14.41,		9.61,		138.48,		6.57,		8.27,		50.17,		5.5,		5.92,		32.56,		15.13,		10.09,		152.67,		13.91,		9.28,		129.04,		12.48,		8.32,		103.77
 75,		49222.50,		49251.45,		49334.90,		0,					1.00169,		0,			0,			0,			0,				14.41,		9.61,		138.48,		6.57,		8.27,		50.17,		5.5,		5.92,		32.56,		15.13,		10.09,		152.67,		13.91,		9.28,		129.04,		12.48,		8.32,		103.77
 76,		49222.56,		49251.56,		49334.90,		0,					1.00169,		0,			0,			0,			0,				14.41,		9.61,		138.48,		6.57,		8.27,		50.17,		5.5,		5.92,		32.56,		15.13,		10.09,		152.67,		13.91,		9.28,		129.04,		12.48,		8.32,		103.77
 77,		49223.10,		49252.12,		49334.90,		0,					1.00168,		0,			0,			0,			0,				14.41,		9.61,		138.48,		6.57,		8.27,		50.17,		5.5,		5.92,		32.56,		15.13,		10.09,		152.67,		13.91,		9.28,		129.04,		12.48,		8.32,		103.77
 78,		49223.70,		49253.01,		49334.90,		0,					1.00166,		0,			0,			0,			0,				14.41,		9.61,		138.48,		6.57,		8.27,		50.17,		5.5,		5.92,		32.56,		15.13,		10.09,		152.67,		13.91,		9.28,		129.04,		12.48,		8.32,		103.77
 79,		49223.95,		49253.27,		49334.90,		0,					1.00166,		0,			0,			0,			0,				14.41,		9.61,		138.48,		6.57,		8.27,		50.17,		5.5,		5.92,		32.56,		15.13,		10.09,		152.67,		13.91,		9.28,		129.04,		12.48,		8.32,		103.77
 80,		49224.85,		49253.80,		49334.90,		0,					1.00165,		0,			0,			0,			0,				14.41,		9.61,		138.48,		6.57,		8.27,		50.17,		5.5,		5.92,		32.56,		15.13,		10.09,		152.67,		13.91,		9.28,		129.04,		12.48,		8.32,		103.77
 81,		49225.48,		49254.25,		49334.90,		0,					1.00164,		0,			0,			0,			0,				14.41,		9.61,		138.48,		6.57,		8.27,		50.17,		5.5,		5.92,		32.56,		15.13,		10.09,		152.67,		13.91,		9.28,		129.04,		12.48,		8.32,		103.77
 82,		49225.58,		49254.44,		49334.90,		0,					1.00163,		0,			0,			0,			0,				14.41,		9.61,		138.48,		6.57,		8.27,		50.17,		5.5,		5.92,		32.56,		15.13,		10.09,		152.67,		13.91,		9.28,		129.04,		12.48,		8.32,		103.77
 83,		49225.87,		49254.63,		49334.90,		0,					1.00163,		0,			0,			0,			0,				14.41,		9.61,		138.48,		6.57,		8.27,		50.17,		5.5,		5.92,		32.56,		15.13,		10.09,		152.67,		13.91,		9.28,		129.04,		12.48,		8.32,		103.77
 84,		49226.86,		49255.14,		49334.90,		0,					1.00162,		0,			0,			0,			0,				14.41,		9.61,		138.48,		6.57,		8.27,		50.17,		5.5,		5.92,		32.56,		15.13,		10.09,		152.67,		13.91,		9.28,		129.04,		12.48,		8.32,		103.77
 85,		49227.26,		49255.41,		49334.90,		0,					1.00161,		0,			0,			0,			0,				14.41,		9.61,		138.48,		6.57,		8.27,		50.17,		5.5,		5.92,		32.56,		15.13,		10.09,		152.67,		13.91,		9.28,		129.04,		12.48,		8.32,		103.77
 86,		49228.17,		49255.70,		49334.90,		0,					1.00161,		0,			0,			0,			0,				14.41,		9.61,		138.48,		6.57,		8.27,		50.17,		5.5,		5.92,		32.56,		15.13,		10.09,		152.67,		13.91,		9.28,		129.04,		12.48,		8.32,		103.77
 87,		49228.44,		49255.91,		49334.90,		0,					1.00160,		0,			0,			0,			0,				14.41,		9.61,		138.48,		6.57,		8.27,		50.17,		5.5,		5.92,		32.56,		15.13,		10.09,		152.67,		13.91,		9.28,		129.04,		12.48,		8.32,		103.77
 88,		49228.98,		49256.34,		49334.90,		0,					1.00159,		0,			0,			0,			0,				14.41,		9.61,		138.48,		6.57,		8.27,		50.17,		5.5,		5.92,		32.56,		15.13,		10.09,		152.67,		13.91,		9.28,		129.04,		12.48,		8.32,		103.77
 89,		49229.55,		49256.52,		49334.90,		0,					1.00159,		0,			0,			0,			0,				14.41,		9.61,		138.48,		6.57,		8.27,		50.17,		5.5,		5.92,		32.56,		15.13,		10.09,		152.67,		13.91,		9.28,		129.04,		12.48,		8.32,		103.77
 90,		49229.92,		49256.68,		49334.90,		0,					1.00159,		0,			0,			0,			0,				14.41,		9.61,		138.48,		6.57,		8.27,		50.17,		5.5,		5.92,		32.56,		15.13,		10.09,		152.67,		13.91,		9.28,		129.04,		12.48,		8.32,		103.77
 91,		49230.24,		49257.02,		49334.90,		0,					1.00158,		0,			0,			0,			0,				14.41,		9.61,		138.48,		6.57,		8.27,		50.17,		5.5,		5.92,		32.56,		15.13,		10.09,		152.67,		13.91,		9.28,		129.04,		12.48,		8.32,		103.77
