RANDOM_SEED, 1698986455
GEN,		MIN,			AVE,			MAX,
0,		0.86820,		439.30868,		2610.35830,
1,		1.06606,		309.76728,		1188.73360,
2,		1.06606,		335.58230,		924.50251,
3,		11.31525,		421.86917,		970.71408,
4,		16.78875,		373.42930,		1191.48836,
5,		148.52024,		358.00046,		722.79011,
6,		146.49284,		344.91901,		729.24156,
7,		50.09149,		322.24786,		665.82087,
8,		49.17824,		260.45528,		661.68990,
9,		40.97406,		187.49801,		657.63783,
10,		40.97406,		318.39205,		661.74936,
11,		40.97406,		316.91066,		668.52095,
12,		40.97406,		288.19378,		542.63729,
13,		49.17824,		312.79241,		1191.60086,
14,		49.35794,		319.98714,		1186.08172,
15,		297.16212,		316.65852,		1186.08172,
16,		297.16212,		316.11323,		1186.08172,
17,		297.16212,		298.55545,		332.33988,
18,		297.16212,		310.12358,		1182.36033,
19,		293.46341,		298.16154,		351.01096,
20,		228.78601,		296.97988,		332.33988,
21,		297.16212,		297.19827,		298.96940,
22,		275.51313,		296.84116,		298.96940,
23,		296.27714,		297.19898,		299.92590,
24,		49.17824,		295.65327,		391.95812,
25,		49.17824,		173.17298,		297.16212,
26,		49.17824,		235.92651,		391.95812,
27,		44.16889,		145.04169,		391.95812,
28,		44.16889,		94.71321,		391.95812,
29,		24.12957,		69.14004,		297.16212,
30,		24.12957,		59.64334,		297.16212,
31,		24.12957,		48.87411,		49.17824,
32,		48.82324,		49.17469,		49.17824,
33,		24.12957,		54.30753,		582.79845,
34,		46.96912,		49.20327,		53.75024,
35,		49.08895,		50.37172,		167.35175,
36,		49.08895,		56.11755,		582.79845,
37,		3.90636,		48.74032,		50.65734,
38,		3.90636,		48.78211,		52.23346,
39,		36.51415,		49.08118,		50.65734,
40,		36.51415,		54.38780,		582.79845,
41,		3.90636,		48.65147,		50.30202,
42,		3.90636,		48.66626,		50.65734,
43,		3.90636,		48.47833,		68.69622,
44,		3.90636,		48.30631,		53.75024,
45,		4.05665,		49.09726,		53.75024,
46,		4.05665,		49.16077,		53.75024,
47,		4.05665,		48.57641,		68.69622,
48,		49.17824,		49.58610,		68.69622,
49,		24.12957,		49.93644,		68.69622,
50,		49.17824,		49.84495,		68.69622,
51,		36.51415,		50.35126,		70.44851,
52,		49.17824,		61.23506,		603.98329,
53,		36.51415,		72.01431,		603.98329,
54,		46.96912,		56.12453,		603.98329,
55,		49.17824,		55.42722,		603.98329,
56,		36.51415,		52.61791,		297.16212,
57,		40.64926,		49.52749,		50.65734,
58,		49.17824,		50.02598,		50.65734,
59,		49.08895,		50.81436,		174.42237,
60,		48.82324,		49.41270,		53.75024,
61,		46.96912,		49.45308,		68.69622,
62,		49.17824,		49.18744,		49.73853,
63,		46.96912,		54.49415,		582.79845,
64,		24.12957,		48.95734,		50.65734,
65,		24.12957,		49.07708,		63.93130,
66,		24.12957,		49.07174,		63.93130,
67,		24.12957,		54.11819,		582.79845,
68,		3.90636,		48.24483,		50.47888,
69,		3.90636,		54.15227,		582.79845,
70,		3.90636,		54.13800,		582.79845,
71,		3.90636,		32.67895,		582.79845,
72,		3.90636,		46.45285,		72.31095,
73,		3.90636,		50.30936,		69.99686,
74,		3.90636,		55.45844,		72.31095,
75,		3.88362,		45.42074,		72.31095,
76,		3.88362,		45.21119,		68.69622,
77,		3.88362,		50.68897,		342.92012,
78,		3.90636,		49.23672,		117.57218,
79,		49.17824,		51.02731,		117.57218,
80,		49.08895,		49.19586,		50.30202,
81,		46.96912,		51.63599,		297.16212,
82,		3.90636,		48.92888,		68.69622,
83,		3.90636,		54.25510,		582.79845,
84,		49.17824,		54.81476,		593.31237,
85,		49.17824,		55.23792,		593.31237,
86,		49.17824,		49.55430,		68.69622,
87,		49.17824,		49.21159,		52.23346,
88,		3.90636,		48.76634,		52.23346,
89,		3.90636,		48.67543,		49.17824,
90,		44.16889,		54.49490,		582.79845,
91,		49.17824,		49.22879,		52.23346,
92,		48.82324,		52.09797,		297.16212,
93,		40.64926,		49.53643,		91.49420,
94,		48.82324,		49.19204,		49.90587,
95,		49.17824,		49.57244,		50.47888,
96,		49.17824,		49.57971,		68.69622,
97,		49.17824,		53.20171,		297.16212,
98,		49.17824,		50.53674,		167.35175,
99,		49.17824,		50.00399,		68.69622,
100,		44.71956,		55.40324,		593.31237,
101,		49.17824,		57.42937,		593.31237,
102,		49.17824,		49.71618,		51.43306,
103,		47.67988,		49.81502,		51.43306,
104,		47.67988,		49.87592,		53.05898,
105,		47.67988,		49.74734,		54.51161,
106,		41.30941,		49.53687,		69.55881,
107,		3.50817,		51.73695,		296.93972,
108,		36.51415,		49.38333,		54.51161,
109,		23.60885,		49.46315,		80.61527,
110,		23.60885,		49.55386,		80.61527,
111,		23.60885,		56.13860,		593.31237,
112,		29.38805,		46.96614,		92.49174,
113,		36.51415,		49.51949,		92.49174,
114,		36.51415,		49.07012,		54.51161,
115,		36.63905,		49.41604,		50.04670,
116,		36.63905,		49.83988,		69.55881,
117,		36.63905,		49.77461,		50.04670,
118,		36.63905,		50.99577,		170.85194,
119,		36.63905,		49.76778,		50.09149,
120,		23.60885,		50.77440,		171.73792,
121,		44.71956,		55.49231,		593.31237,
122,		44.71956,		51.30718,		172.95058,
123,		44.71956,		51.60374,		170.85194,
124,		44.71956,		49.98760,		51.22584,
125,		49.90587,		50.01816,		53.05898,
126,		41.30941,		49.98292,		54.51161,
127,		49.72175,		50.00392,		54.51161,
128,		49.72175,		50.21892,		65.09566,
129,		49.35794,		50.15032,		65.09566,
130,		4.14277,		49.70603,		65.09566,
131,		4.14277,		49.59405,		50.09149,
132,		49.17824,		49.96916,		50.09149,
133,		49.72175,		50.15213,		65.09566,
134,		49.72175,		49.97051,		54.51161,
135,		49.90587,		50.38521,		92.49174,
136,		41.30941,		51.34665,		92.49174,
137,		41.30941,		50.45903,		92.49174,
138,		44.71956,		50.35150,		92.49174,
139,		44.71956,		49.86860,		51.03809,
140,		41.30941,		49.35500,		50.09149,
141,		44.71956,		49.91962,		92.49174,
142,		44.71956,		53.08590,		298.96940,
143,		44.71956,		55.31544,		593.31237,
144,		44.71956,		49.87759,		51.03809,
145,		47.67988,		49.89493,		51.03809,
146,		23.60885,		50.57178,		92.49174,
147,		23.60885,		50.44101,		92.49174,
148,		44.71956,		51.11878,		92.49174,
149,		36.63905,		57.75661,		593.31237,
