RANDOM_SEED, 1698986466
GEN,		MIN,				AVE,				MAX,			CONV,					CONV_ACT,
  0,		1325.77,		3465.18,		3905.75,				1.12714,				0.99995
  1,		1603.74,		3575.94,		3905.83,				1.09225,				0.99998
  2,		3385.03,		3749.58,		3904.99,				1.04145,				0.99976
  3,		2883.17,		3694.99,		3905.17,				1.05688,				0.99981
  4,		3116.52,		3631.90,		3905.16,				1.07524,				0.99980
  5,		2809.93,		3559.25,		3905.16,				1.09718,				0.99980
  6,		2814.55,		3636.47,		3895.59,				1.07126,				0.99735
  7,		3381.40,		3746.07,		3905.23,				1.04249,				0.99982
  8,		3409.23,		3798.23,		3905.26,				1.02818,				0.99983
  9,		3255.79,		3815.69,		3905.33,				1.02349,				0.99985
 10,		3695.45,		3826.31,		3905.26,				1.02063,				0.99983
 11,		3695.45,		3820.05,		3905.26,				1.02230,				0.99983
 12,		3695.45,		3826.62,		3905.26,				1.02055,				0.99983
 13,		3695.45,		3827.18,		3905.26,				1.02040,				0.99983
 14,		3695.45,		3825.96,		3905.26,				1.02073,				0.99983
 15,		3261.06,		3822.38,		3905.26,				1.02168,				0.99983
 16,		3261.06,		3821.65,		3905.26,				1.02188,				0.99983
 17,		3826.77,		3828.94,		3904.89,				1.01984,				0.99973
 18,		3802.41,		3827.66,		3865.64,				1.00992,				0.98969
 19,		3695.45,		3825.37,		3826.77,				1.00037,				0.97973
 20,		3261.06,		3821.06,		3826.77,				1.00149,				0.97973
 21,		3823.90,		3827.12,		3865.64,				1.01007,				0.98969
 22,		3823.90,		3827.10,		3865.64,				1.01007,				0.98969
 23,		3823.90,		3827.13,		3865.64,				1.01006,				0.98969
 24,		3695.45,		3825.53,		3832.34,				1.00178,				0.98116
 25,		3692.22,		3761.96,		3827.18,				1.01733,				0.97984
 26,		3625.49,		3790.07,		3827.18,				1.00979,				0.97984
 27,		3540.08,		3744.66,		3865.64,				1.03231,				0.98969
 28,		3540.08,		3786.99,		3826.77,				1.01050,				0.97973
 29,		2180.86,		3723.53,		3826.77,				1.02772,				0.97973
 30,		3293.25,		3775.20,		3826.77,				1.01366,				0.97973
 31,		3540.08,		3805.92,		3865.64,				1.01569,				0.98969
 32,		3293.25,		3743.98,		3829.85,				1.02293,				0.98052
 33,		3261.06,		3723.92,		3854.47,				1.03506,				0.98683
 34,		3261.06,		3709.40,		3903.64,				1.05236,				0.99941
 35,		3261.06,		3739.68,		3903.64,				1.04384,				0.99941
 36,		3625.83,		3787.52,		3826.77,				1.01036,				0.97973
 37,		3625.83,		3743.27,		3826.77,				1.02231,				0.97973
 38,		3691.67,		3753.26,		3832.34,				1.02107,				0.98116
 39,		3293.25,		3721.58,		3826.77,				1.02826,				0.97973
 40,		3293.25,		3709.73,		3826.77,				1.03155,				0.97973
 41,		3293.25,		3702.09,		3826.77,				1.03368,				0.97973
 42,		3692.22,		3699.34,		3826.77,				1.03444,				0.97973
 43,		3663.16,		3700.37,		3826.77,				1.03416,				0.97973
 44,		3659.68,		3697.74,		3826.77,				1.03489,				0.97973
 45,		3695.16,		3696.77,		3817.83,				1.03275,				0.97744
 46,		3695.45,		3697.76,		3903.64,				1.05567,				0.99941
 47,		2180.86,		3678.33,		3903.64,				1.06125,				0.99941
 48,		3663.16,		3697.39,		3903.64,				1.05578,				0.99941
 49,		2180.86,		3682.43,		3903.64,				1.06007,				0.99941
 50,		3625.83,		3696.88,		3898.15,				1.05444,				0.99801
 51,		3625.83,		3697.12,		3903.64,				1.05586,				0.99941
 52,		3625.83,		3695.89,		3903.64,				1.05621,				0.99941
 53,		3625.83,		3695.22,		3903.64,				1.05640,				0.99941
 54,		2180.86,		3679.73,		3709.86,				1.00819,				0.94980
 55,		3627.08,		3698.14,		3903.64,				1.05557,				0.99941
 56,		3691.67,		3698.80,		3826.77,				1.03460,				0.97973
 57,		3293.25,		3692.21,		3826.77,				1.03644,				0.97973
 58,		3691.67,		3695.27,		3709.86,				1.00395,				0.94980
 59,		3691.67,		3695.54,		3709.86,				1.00388,				0.94980
 60,		3691.67,		3695.40,		3695.45,				1.00001,				0.94611
 61,		3663.16,		3695.21,		3704.63,				1.00255,				0.94846
 62,		3663.16,		3695.30,		3704.63,				1.00253,				0.94846
 63,		3656.65,		3695.20,		3704.63,				1.00255,				0.94846
 64,		2180.86,		3680.36,		3704.63,				1.00659,				0.94846
 65,		3693.12,		3696.28,		3784.02,				1.02374,				0.96879
 66,		3656.65,		3695.02,		3695.45,				1.00012,				0.94611
 67,		3693.12,		3695.40,		3695.45,				1.00001,				0.94611
 68,		2180.86,		3681.45,		3817.83,				1.03704,				0.97744
 69,		3687.82,		3695.17,		3695.45,				1.00008,				0.94611
 70,		3690.78,		3695.37,		3695.45,				1.00002,				0.94611
 71,		2180.86,		3679.98,		3696.38,				1.00446,				0.94635
 72,		2180.86,		3677.19,		3817.83,				1.03825,				0.97744
 73,		3663.16,		3696.34,		3817.83,				1.03287,				0.97744
 74,		3656.65,		3696.29,		3817.83,				1.03288,				0.97744
 75,		3656.65,		3696.44,		3817.83,				1.03284,				0.97744
 76,		2180.86,		3679.81,		3696.38,				1.00450,				0.94635
 77,		3625.83,		3695.60,		3826.77,				1.03549,				0.97973
 78,		3687.82,		3696.68,		3826.77,				1.03519,				0.97973
 79,		3694.28,		3695.44,		3695.45,				1.00000,				0.94611
 80,		3692.22,		3696.18,		3763.20,				1.01813,				0.96346
 81,		3691.67,		3697.27,		3817.83,				1.03261,				0.97744
 82,		3663.16,		3697.23,		3817.83,				1.03262,				0.97744
 83,		3692.22,		3698.48,		3817.83,				1.03227,				0.97744
 84,		3293.25,		3692.79,		3817.83,				1.03386,				0.97744
 85,		3603.99,		3695.36,		3817.83,				1.03314,				0.97744
 86,		2180.86,		3683.61,		3817.83,				1.03644,				0.97744
 87,		3694.28,		3696.84,		3817.83,				1.03273,				0.97744
 88,		3694.28,		3696.40,		3784.02,				1.02370,				0.96879
 89,		3694.87,		3697.52,		3903.64,				1.05574,				0.99941
 90,		3293.25,		3691.38,		3695.45,				1.00110,				0.94611
 91,		3694.98,		3697.52,		3903.64,				1.05574,				0.99941
 92,		3625.83,		3694.71,		3695.45,				1.00020,				0.94611
 93,		3293.25,		3690.90,		3763.20,				1.01959,				0.96346
 94,		3625.83,		3694.21,		3763.20,				1.01868,				0.96346
 95,		3625.83,		3695.19,		3763.20,				1.01840,				0.96346
 96,		3625.83,		3694.98,		3763.20,				1.01846,				0.96346
 97,		3625.83,		3696.76,		3826.77,				1.03517,				0.97973
 98,		3625.83,		3696.28,		3826.77,				1.03530,				0.97973
 99,		3663.16,		3696.39,		3826.77,				1.03527,				0.97973
100,		3690.78,		3695.31,		3695.45,				1.00004,				0.94611
101,		3625.83,		3695.64,		3826.77,				1.03548,				0.97973
102,		3693.99,		3695.43,		3695.45,				1.00000,				0.94611
103,		3656.65,		3694.99,		3695.45,				1.00012,				0.94611
104,		3625.83,		3695.38,		3784.02,				1.02399,				0.96879
105,		3687.82,		3696.13,		3784.02,				1.02378,				0.96879
106,		3676.46,		3714.85,		3784.02,				1.01862,				0.96879
107,		3676.46,		3696.56,		3815.00,				1.03204,				0.97672
108,		3261.14,		3682.76,		3784.02,				1.02750,				0.96879
109,		2127.27,		3669.36,		3815.00,				1.03969,				0.97672
110,		3675.25,		3689.05,		3815.00,				1.03414,				0.97672
111,		3293.25,		3686.54,		3784.02,				1.02644,				0.96879
112,		3603.99,		3691.66,		3784.02,				1.02502,				0.96879
113,		3625.83,		3693.11,		3695.45,				1.00063,				0.94611
114,		3656.65,		3687.97,		3901.30,				1.05785,				0.99882
115,		3656.65,		3690.85,		3901.30,				1.05702,				0.99882
116,		2180.86,		3679.51,		3901.30,				1.06028,				0.99882
117,		3676.46,		3689.76,		3695.45,				1.00154,				0.94611
118,		3676.46,		3694.13,		3903.64,				1.05671,				0.99941
119,		3293.25,		3680.65,		3696.38,				1.00427,				0.94635
120,		3642.80,		3682.79,		3901.30,				1.05933,				0.99882
121,		3671.58,		3683.17,		3901.30,				1.05922,				0.99882
122,		3671.58,		3692.81,		3903.64,				1.05709,				0.99941
123,		3671.58,		3690.18,		3901.30,				1.05721,				0.99882
124,		3671.58,		3692.95,		3695.45,				1.00068,				0.94611
125,		3671.58,		3694.70,		3704.63,				1.00269,				0.94846
126,		3671.58,		3695.37,		3709.86,				1.00392,				0.94980
127,		3671.58,		3695.38,		3709.86,				1.00392,				0.94980
128,		3293.25,		3691.10,		3709.86,				1.00508,				0.94980
129,		3293.25,		3692.33,		3784.02,				1.02483,				0.96879
130,		3293.25,		3693.54,		3826.77,				1.03607,				0.97973
131,		3692.22,		3696.09,		3763.20,				1.01816,				0.96346
132,		3690.78,		3697.39,		3826.77,				1.03499,				0.97973
133,		3687.82,		3696.68,		3826.77,				1.03519,				0.97973
134,		3293.25,		3692.13,		3826.59,				1.03642,				0.97969
135,		3293.25,		3693.50,		3826.59,				1.03603,				0.97969
136,		3687.82,		3696.70,		3817.83,				1.03277,				0.97744
137,		3625.83,		3697.80,		3903.64,				1.05566,				0.99941
138,		3625.83,		3696.69,		3817.83,				1.03277,				0.97744
139,		3625.83,		3696.84,		3817.83,				1.03273,				0.97744
140,		3293.25,		3692.49,		3817.83,				1.03394,				0.97744
141,		3293.25,		3692.59,		3817.83,				1.03392,				0.97744
142,		3293.25,		3692.08,		3763.20,				1.01926,				0.96346
143,		3695.45,		3695.46,		3696.38,				1.00025,				0.94635
144,		3695.45,		3696.12,		3763.20,				1.01815,				0.96346
145,		3695.45,		3695.45,		3695.45,				1.00000,				0.94611
146,		2180.86,		3675.55,		3695.45,				1.00541,				0.94611
147,		3693.12,		3696.07,		3763.20,				1.01816,				0.96346
148,		3693.12,		3695.42,		3695.45,				1.00001,				0.94611
149,		3694.98,		3695.59,		3709.86,				1.00386,				0.94980
