RANDOM_SEED, 1698986428
GEN,		MIN,			AVE,			MAX,
0,		2.55344,		434.55840,		2154.58788,
1,		0.09165,		552.60657,		3657.71000,
2,		1.53074,		338.12590,		3600.58758,
3,		2.96615,		286.33514,		1953.54084,
4,		2.96615,		253.17484,		1613.67415,
5,		3.41352,		322.57792,		1606.58268,
6,		6.02334,		221.89698,		1606.58268,
7,		75.77163,		293.92438,		729.07626,
8,		11.62175,		274.51887,		1478.29868,
9,		122.98425,		272.68067,		602.07027,
10,		75.72361,		290.10642,		1065.06237,
11,		75.72361,		326.70266,		1050.09788,
12,		75.72361,		351.65291,		1065.06237,
13,		75.72361,		363.97465,		1065.06237,
14,		75.72361,		252.99831,		1065.06237,
15,		75.72361,		310.43936,		1065.06237,
16,		75.72361,		339.11360,		1065.06237,
17,		75.72361,		230.71362,		1065.06237,
18,		75.72361,		167.62236,		1065.06237,
19,		75.72361,		121.91252,		1067.08755,
20,		75.72361,		140.00943,		376.68818,
21,		75.72361,		97.44823,		375.88308,
22,		70.29018,		90.29524,		375.88308,
23,		75.72361,		102.87245,		375.88308,
24,		75.72361,		92.29536,		382.11579,
25,		75.72361,		86.18280,		357.83334,
26,		75.71733,		79.29194,		357.83334,
27,		75.72361,		79.34217,		357.83334,
28,		70.29018,		76.25036,		130.01913,
29,		37.99620,		75.37591,		78.51720,
30,		37.99620,		75.54069,		130.01913,
31,		37.99620,		75.95450,		130.01913,
32,		37.99620,		76.47432,		130.01913,
33,		75.67377,		76.28586,		130.01913,
34,		70.29018,		75.70061,		78.51720,
35,		13.38880,		77.95622,		357.83334,
36,		75.72361,		78.55069,		357.83334,
37,		75.71733,		75.73214,		76.07000,
38,		75.71769,		75.74239,		76.57916,
39,		70.29018,		75.81975,		88.20445,
40,		75.67377,		75.79141,		78.51720,
41,		13.38880,		78.35957,		375.88308,
42,		75.67377,		79.21649,		375.88308,
43,		75.67377,		75.87311,		88.20445,
44,		75.72361,		76.31365,		88.20445,
45,		75.72361,		83.18276,		430.82355,
46,		37.99620,		76.07498,		130.01913,
47,		65.10978,		75.78430,		78.57844,
48,		70.29018,		78.83623,		380.02910,
49,		75.71769,		76.03575,		99.50732,
50,		75.72361,		75.77924,		76.88331,
51,		75.72361,		75.75926,		76.88331,
52,		75.72361,		76.30203,		130.01913,
53,		75.71769,		82.82344,		130.01913,
54,		75.67377,		79.15502,		130.01913,
55,		75.72361,		78.33279,		130.01913,
56,		75.72179,		78.63227,		130.01913,
57,		75.72361,		77.32671,		130.01913,
58,		65.06175,		76.38654,		130.01913,
59,		75.67377,		76.44690,		130.01913,
60,		75.71733,		75.87126,		89.27697,
61,		75.71733,		78.60056,		357.83334,
62,		37.99620,		75.37432,		78.51720,
63,		37.99620,		75.37432,		78.51720,
64,		75.72361,		75.84842,		88.20445,
65,		65.06175,		75.61699,		75.72361,
66,		65.06175,		78.34082,		357.83334,
67,		65.06175,		89.61586,		357.83334,
68,		37.99620,		216.02509,		364.99254,
69,		75.72361,		146.28632,		358.58974,
70,		70.29018,		115.17566,		358.58974,
71,		70.29018,		89.77773,		357.83334,
72,		75.67377,		84.18640,		357.83334,
73,		37.99620,		81.18293,		375.88308,
74,		37.99620,		81.18567,		375.88308,
75,		37.99620,		75.34882,		75.97186,
76,		37.99620,		75.37669,		78.51720,
77,		75.67377,		76.27369,		130.01913,
78,		75.67377,		75.73728,		76.41720,
79,		75.67377,		75.69905,		75.72361,
80,		70.29018,		75.64432,		75.72361,
81,		65.06175,		78.35282,		357.83334,
82,		13.38880,		75.00208,		75.72361,
83,		13.38880,		75.06076,		75.72361,
84,		13.38880,		74.94434,		77.06369,
85,		63.34568,		75.56459,		77.06369,
86,		63.34568,		75.31042,		75.72179,
87,		63.34568,		78.34962,		357.72444,
88,		13.36849,		74.93543,		75.84681,
89,		74.58005,		75.67721,		77.06369,
90,		74.58005,		75.72597,		78.46643,
91,		4.40809,		74.03046,		78.46643,
92,		4.40809,		74.60300,		78.46643,
93,		13.36849,		74.25164,		78.46643,
94,		13.36849,		74.48488,		99.45009,
95,		13.36849,		75.29730,		99.45009,
96,		75.67377,		75.91896,		99.45009,
97,		72.10868,		75.86544,		99.45009,
98,		72.10868,		78.52216,		357.72444,
99,		65.06175,		75.67430,		78.51720,
100,		75.67377,		75.79296,		78.51720,
101,		75.67377,		75.98091,		99.50732,
102,		75.67377,		78.77955,		357.83334,
103,		75.67377,		84.36445,		375.88308,
104,		13.38880,		74.72081,		75.80305,
105,		13.38880,		75.09859,		75.80305,
106,		13.38880,		75.09958,		75.80305,
107,		13.38880,		75.10117,		75.80305,
108,		65.06175,		75.61733,		75.80305,
109,		65.06175,		75.64495,		78.51720,
110,		37.99620,		75.29559,		78.51720,
111,		65.06175,		75.77354,		88.20445,
112,		75.72361,		75.72440,		75.80305,
113,		75.72361,		76.30681,		130.01913,
114,		65.06175,		76.19406,		130.01913,
115,		75.71769,		75.99259,		99.50732,
116,		75.71769,		75.75842,		78.51720,
117,		75.71769,		75.75148,		78.51720,
118,		75.71769,		75.72397,		75.77163,
119,		75.71769,		78.67119,		357.83334,
120,		70.29018,		78.74245,		357.83334,
121,		75.72361,		78.79435,		357.83334,
122,		75.72361,		76.26736,		130.01913,
123,		75.71769,		76.29617,		130.01913,
124,		75.72361,		75.75327,		78.51720,
125,		13.38880,		78.13957,		375.88308,
126,		75.71733,		76.06983,		99.50732,
127,		75.72361,		76.16930,		99.50732,
128,		75.72361,		76.17008,		99.50732,
129,		75.72361,		75.72361,		75.72361,
130,		75.72361,		78.78601,		357.83334,
131,		75.72361,		75.73563,		76.57916,
132,		37.99620,		75.35835,		76.57916,
133,		37.99620,		75.34633,		75.72361,
134,		38.15256,		75.59836,		88.20445,
135,		75.72361,		75.88095,		88.20445,
136,		75.71769,		79.22096,		357.83334,
137,		75.72361,		79.03637,		357.83334,
138,		13.38880,		75.21478,		99.50732,
139,		70.29018,		77.23860,		375.88308,
140,		65.06175,		74.67202,		75.89671,
141,		13.38880,		77.44474,		357.83334,
142,		13.38880,		74.83924,		76.57916,
143,		70.29018,		75.70082,		77.11400,
144,		70.29018,		74.04828,		76.57916,
145,		70.29018,		77.91115,		375.88308,
146,		70.29018,		81.36505,		377.49492,
147,		70.29018,		78.65123,		375.88308,
148,		70.29018,		78.98041,		375.88308,
149,		75.72361,		223.44758,		1065.06237,
