RANDOM_SEED, 1698986460
GEN,		MIN,				AVE,				MAX,			CONV,					CONV_ACT,
  0,		981.06,		3384.47,		3905.82,				1.15404,				0.99997
  1,		1749.45,		3689.31,		3905.82,				1.05868,				0.99997
  2,		2604.81,		3820.50,		3905.82,				1.02233,				0.99997
  3,		2507.82,		3582.09,		3904.65,				1.09005,				0.99967
  4,		2471.54,		3778.21,		3905.61,				1.03372,				0.99992
  5,		3272.28,		3638.98,		3904.92,				1.07308,				0.99974
  6,		3272.28,		3791.51,		3904.85,				1.02989,				0.99972
  7,		3284.46,		3559.73,		3904.85,				1.09695,				0.99972
  8,		3284.46,		3545.95,		3904.65,				1.10116,				0.99967
  9,		3219.29,		3455.75,		3904.58,				1.12988,				0.99965
 10,		3284.46,		3411.92,		3904.58,				1.14439,				0.99965
 11,		3263.46,		3652.59,		3904.65,				1.06901,				0.99967
 12,		3263.46,		3516.51,		3904.58,				1.11035,				0.99965
 13,		3290.41,		3696.40,		3904.58,				1.05632,				0.99965
 14,		3290.41,		3531.62,		3886.22,				1.10041,				0.99495
 15,		3290.41,		3727.89,		3886.57,				1.04257,				0.99504
 16,		3269.46,		3801.19,		3887.19,				1.02262,				0.99520
 17,		3360.87,		3796.89,		3887.19,				1.02378,				0.99520
 18,		3359.52,		3849.41,		3886.57,				1.00965,				0.99504
 19,		3360.87,		3874.23,		3902.20,				1.00722,				0.99905
 20,		3360.87,		3873.99,		3893.10,				1.00493,				0.99672
 21,		3873.31,		3886.09,		3886.78,				1.00018,				0.99510
 22,		3884.57,		3886.39,		3904.58,				1.00468,				0.99965
 23,		3360.87,		3881.80,		3904.58,				1.00587,				0.99965
 24,		3360.87,		3881.35,		3904.58,				1.00598,				0.99965
 25,		3880.82,		3886.60,		3904.58,				1.00463,				0.99965
 26,		3692.99,		3884.91,		3904.58,				1.00506,				0.99965
 27,		3883.90,		3886.97,		3904.58,				1.00453,				0.99965
 28,		3883.90,		3886.95,		3904.58,				1.00454,				0.99965
 29,		3884.41,		3886.74,		3887.84,				1.00028,				0.99537
 30,		3884.41,		3886.47,		3886.78,				1.00008,				0.99510
 31,		3814.89,		3885.80,		3887.12,				1.00034,				0.99519
 32,		3884.41,		3886.77,		3896.54,				1.00251,				0.99760
 33,		3692.99,		3884.95,		3896.54,				1.00298,				0.99760
 34,		3692.99,		3882.27,		3896.54,				1.00368,				0.99760
 35,		3692.99,		3884.43,		3902.42,				1.00463,				0.99910
 36,		3371.53,		3878.93,		3886.78,				1.00202,				0.99510
 37,		3782.71,		3885.73,		3886.78,				1.00027,				0.99510
 38,		3371.53,		3881.61,		3886.78,				1.00133,				0.99510
 39,		3371.53,		3876.44,		3887.84,				1.00294,				0.99537
 40,		3885.36,		3887.19,		3887.84,				1.00017,				0.99537
 41,		3885.16,		3887.42,		3904.13,				1.00430,				0.99954
 42,		3885.16,		3887.01,		3902.42,				1.00397,				0.99910
 43,		3885.36,		3887.04,		3902.42,				1.00396,				0.99910
 44,		3692.99,		3885.02,		3902.42,				1.00448,				0.99910
 45,		3874.04,		3886.86,		3902.42,				1.00401,				0.99910
 46,		3692.99,		3884.16,		3904.43,				1.00522,				0.99962
 47,		3782.71,		3885.39,		3904.43,				1.00490,				0.99962
 48,		3782.71,		3884.58,		3904.43,				1.00511,				0.99962
 49,		3886.78,		3886.96,		3904.13,				1.00442,				0.99954
 50,		3886.78,		3886.78,		3886.95,				1.00004,				0.99514
 51,		3371.53,		3881.77,		3904.43,				1.00584,				0.99962
 52,		3692.99,		3884.98,		3902.42,				1.00449,				0.99910
 53,		3371.53,		3879.48,		3893.40,				1.00359,				0.99679
 54,		3789.08,		3885.19,		3893.40,				1.00211,				0.99679
 55,		3782.71,		3883.39,		3893.95,				1.00272,				0.99693
 56,		3789.08,		3883.81,		3893.40,				1.00247,				0.99679
 57,		3782.71,		3837.11,		3904.13,				1.01746,				0.99954
 58,		3782.71,		3862.89,		3904.13,				1.01067,				0.99954
 59,		3779.04,		3870.38,		3902.81,				1.00838,				0.99920
 60,		3782.71,		3831.20,		3887.84,				1.01478,				0.99537
 61,		3652.10,		3806.80,		3887.84,				1.02129,				0.99537
 62,		3782.71,		3800.67,		3887.84,				1.02294,				0.99537
 63,		3652.10,		3801.25,		3887.84,				1.02278,				0.99537
 64,		3759.75,		3801.20,		3887.84,				1.02279,				0.99537
 65,		3779.04,		3793.68,		3887.84,				1.02482,				0.99537
 66,		3782.71,		3790.91,		3887.84,				1.02557,				0.99537
 67,		3761.84,		3789.40,		3858.84,				1.01832,				0.98794
 68,		3782.71,		3788.99,		3790.80,				1.00048,				0.97053
 69,		3462.64,		3781.01,		3789.08,				1.00213,				0.97008
 70,		2324.59,		3774.30,		3789.08,				1.00391,				0.97008
 71,		3462.64,		3785.70,		3790.80,				1.00135,				0.97053
 72,		3789.08,		3789.51,		3830.76,				1.01088,				0.98076
 73,		2324.59,		3774.72,		3830.76,				1.01484,				0.98076
 74,		3759.75,		3788.79,		3789.51,				1.00019,				0.97019
 75,		3759.75,		3788.71,		3789.08,				1.00010,				0.97008
 76,		3761.84,		3788.60,		3789.08,				1.00012,				0.97008
 77,		3761.84,		3788.70,		3789.08,				1.00010,				0.97008
 78,		3782.71,		3789.68,		3858.84,				1.01825,				0.98794
 79,		3782.71,		3789.76,		3876.69,				1.02294,				0.99251
 80,		3776.05,		3791.97,		3876.69,				1.02234,				0.99251
 81,		3652.10,		3789.30,		3876.69,				1.02306,				0.99251
 82,		3652.10,		3789.18,		3876.69,				1.02309,				0.99251
 83,		3652.10,		3788.55,		3876.69,				1.02326,				0.99251
 84,		3761.84,		3790.67,		3876.69,				1.02269,				0.99251
 85,		3761.84,		3790.35,		3876.69,				1.02278,				0.99251
 86,		3761.84,		3788.42,		3790.63,				1.00058,				0.97048
 87,		3761.84,		3788.67,		3790.63,				1.00052,				0.97048
 88,		3761.84,		3788.68,		3790.63,				1.00051,				0.97048
 89,		3462.64,		3785.92,		3830.76,				1.01184,				0.98076
 90,		2324.59,		3774.58,		3830.76,				1.01488,				0.98076
 91,		3761.84,		3789.88,		3876.69,				1.02290,				0.99251
 92,		3774.82,		3790.51,		3876.69,				1.02273,				0.99251
 93,		3761.84,		3793.10,		3887.84,				1.02498,				0.99537
 94,		3785.47,		3793.01,		3887.84,				1.02500,				0.99537
 95,		3788.86,		3796.26,		3887.84,				1.02413,				0.99537
 96,		3789.08,		3793.87,		3887.84,				1.02477,				0.99537
 97,		3761.84,		3790.74,		3887.84,				1.02562,				0.99537
 98,		3776.05,		3790.38,		3837.89,				1.01253,				0.98258
 99,		3788.69,		3790.55,		3887.84,				1.02567,				0.99537
100,		3785.47,		3790.94,		3887.84,				1.02556,				0.99537
101,		3785.47,		3789.68,		3858.84,				1.01825,				0.98794
102,		3785.59,		3789.90,		3876.69,				1.02290,				0.99251
103,		3652.10,		3787.42,		3790.80,				1.00089,				0.97053
104,		2324.59,		3772.75,		3789.08,				1.00433,				0.97008
105,		3462.64,		3785.40,		3789.08,				1.00097,				0.97008
106,		3785.93,		3789.92,		3876.69,				1.02289,				0.99251
107,		3776.05,		3790.50,		3876.79,				1.02277,				0.99254
108,		3775.82,		3790.17,		3876.79,				1.02285,				0.99254
109,		3782.49,		3788.83,		3789.72,				1.00024,				0.97025
110,		3651.78,		3788.22,		3887.76,				1.02628,				0.99535
111,		3761.60,		3788.93,		3830.58,				1.01099,				0.98071
112,		3785.93,		3789.27,		3830.58,				1.01090,				0.98071
113,		3788.08,		3788.88,		3790.59,				1.00045,				0.97047
114,		2323.79,		3774.16,		3790.59,				1.00435,				0.97047
115,		3788.08,		3788.87,		3789.72,				1.00022,				0.97025
116,		3788.86,		3789.29,		3789.72,				1.00012,				0.97025
117,		3788.86,		3789.06,		3789.72,				1.00018,				0.97025
118,		2323.79,		3774.00,		3789.72,				1.00417,				0.97025
119,		3759.51,		3788.34,		3789.72,				1.00037,				0.97025
120,		3729.19,		3776.27,		3883.00,				1.02826,				0.99413
121,		3729.19,		3777.69,		3830.58,				1.01400,				0.98071
122,		3729.19,		3783.36,		3830.58,				1.01248,				0.98071
123,		3729.19,		3778.87,		3816.58,				1.00998,				0.97713
124,		3729.19,		3783.85,		3816.58,				1.00865,				0.97713
125,		2328.05,		3772.58,		3887.76,				1.03053,				0.99535
126,		2118.08,		3741.13,		3887.76,				1.03919,				0.99535
127,		2118.08,		3781.56,		3887.76,				1.02808,				0.99535
128,		3754.03,		3792.26,		3887.76,				1.02518,				0.99535
129,		3761.60,		3791.34,		3887.76,				1.02543,				0.99535
130,		3761.60,		3791.78,		3887.76,				1.02531,				0.99535
131,		3759.51,		3787.61,		3788.86,				1.00033,				0.97003
132,		3759.51,		3788.70,		3830.58,				1.01105,				0.98071
133,		2323.79,		3767.69,		3830.58,				1.01669,				0.98071
134,		2323.79,		3769.30,		3887.76,				1.03143,				0.99535
135,		3761.60,		3791.21,		3887.76,				1.02547,				0.99535
136,		3785.26,		3790.71,		3887.76,				1.02560,				0.99535
137,		3761.60,		3791.94,		3887.76,				1.02527,				0.99535
138,		3755.91,		3792.83,		3887.76,				1.02503,				0.99535
139,		3462.21,		3788.53,		3887.76,				1.02619,				0.99535
140,		3462.21,		3785.15,		3790.59,				1.00144,				0.97047
141,		3458.61,		3783.19,		3789.72,				1.00173,				0.97025
142,		3458.61,		3784.62,		3837.72,				1.01403,				0.98254
143,		3648.18,		3784.66,		3834.12,				1.01307,				0.98162
144,		3757.75,		3785.33,		3788.86,				1.00093,				0.97003
145,		3757.75,		3786.18,		3827.49,				1.01091,				0.97992
146,		3757.75,		3785.00,		3788.86,				1.00102,				0.97003
147,		3770.99,		3788.24,		3887.76,				1.02627,				0.99535
148,		3462.21,		3784.63,		3789.72,				1.00135,				0.97025
149,		3785.26,		3789.17,		3876.79,				1.02313,				0.99254
