RANDOM_SEED, 1698986460
GEN,		MIN,			AVE,			MAX,
0,		0.10973,		521.45833,		2924.86608,
1,		0.10973,		216.61564,		2156.47375,
2,		0.10973,		85.42240,		1301.11979,
3,		1.27134,		323.83872,		1398.10126,
4,		0.31460,		127.71576,		1434.38318,
5,		1.00250,		266.94753,		633.64736,
6,		1.07983,		114.41479,		633.64736,
7,		1.07983,		346.19694,		621.46485,
8,		1.27134,		359.97460,		621.46485,
9,		1.34995,		450.17310,		686.63631,
10,		1.34995,		494.01117,		621.46485,
11,		1.27134,		253.33279,		642.46892,
12,		1.34995,		389.41294,		642.46892,
13,		1.34995,		209.52201,		615.51794,
14,		19.70918,		374.31086,		615.51794,
15,		19.35858,		178.03663,		615.51794,
16,		18.73974,		104.73546,		636.46599,
17,		18.73974,		109.03129,		545.05981,
18,		19.35858,		56.51936,		546.40408,
19,		3.72804,		31.69964,		545.05981,
20,		12.82320,		31.93552,		545.05981,
21,		19.14785,		19.83268,		32.61976,
22,		1.34995,		19.53193,		21.35799,
23,		1.34995,		24.12712,		545.05981,
24,		1.34995,		24.57525,		545.05981,
25,		1.34995,		19.32648,		25.10945,
26,		1.34995,		21.01240,		212.93361,
27,		1.34995,		18.95979,		22.02615,
28,		1.34995,		18.98108,		22.02615,
29,		18.08351,		19.18421,		21.51593,
30,		19.14785,		19.45781,		21.51593,
31,		18.80247,		20.12267,		91.03150,
32,		9.38474,		19.15810,		21.51593,
33,		9.38474,		20.98105,		212.93361,
34,		9.38474,		23.66013,		212.93361,
35,		3.50143,		21.49680,		212.93361,
36,		19.14785,		26.99231,		534.39860,
37,		19.14785,		20.19417,		123.21873,
38,		19.14785,		24.31449,		534.39860,
39,		18.08351,		29.48532,		534.39860,
40,		18.08351,		18.73178,		20.56137,
41,		1.80092,		18.50626,		20.76464,
42,		3.50143,		18.91525,		20.76464,
43,		3.50143,		18.88674,		20.56137,
44,		3.50143,		20.90569,		212.93361,
45,		3.50143,		19.07006,		31.89106,
46,		1.49467,		21.76218,		212.93361,
47,		1.49467,		20.53325,		123.21873,
48,		1.49467,		21.34715,		123.21873,
49,		1.80092,		18.96374,		19.14785,
50,		18.97476,		19.14612,		19.14785,
51,		1.49467,		24.15261,		534.39860,
52,		3.50143,		20.95115,		212.93361,
53,		12.52205,		26.44496,		534.39860,
54,		12.52205,		20.73156,		116.84947,
55,		11.97398,		22.53571,		123.21873,
56,		12.52205,		22.11623,		116.84947,
57,		1.80092,		68.81557,		123.21873,
58,		1.80092,		43.03686,		123.21873,
59,		3.11146,		35.54759,		126.88452,
60,		18.08351,		74.72555,		123.21873,
61,		18.08351,		99.12486,		253.83013,
62,		18.08351,		105.25891,		123.21873,
63,		18.08351,		104.67239,		253.83013,
64,		18.08351,		104.72854,		146.17463,
65,		18.08351,		112.24465,		126.88452,
66,		18.08351,		115.01971,		123.21873,
67,		47.08645,		116.52388,		144.08193,
68,		115.12556,		116.93194,		123.21873,
69,		116.84947,		124.91437,		443.29082,
70,		116.84947,		131.62459,		1581.33587,
71,		115.12556,		120.23080,		443.29082,
72,		75.16841,		116.41542,		116.84947,
73,		75.16841,		131.20281,		1581.33587,
74,		116.41729,		117.13840,		146.17463,
75,		116.84947,		117.21296,		146.17463,
76,		116.84947,		117.32229,		144.08193,
77,		116.84947,		117.22696,		144.08193,
78,		47.08645,		116.24703,		123.21873,
79,		29.24120,		116.17103,		123.21873,
80,		29.24120,		113.95752,		129.87447,
81,		29.24120,		116.62412,		253.83013,
82,		29.24120,		116.74696,		253.83013,
83,		29.24120,		117.37383,		253.83013,
84,		29.24120,		115.25459,		144.08193,
85,		29.24120,		115.57527,		144.08193,
86,		115.30087,		117.50918,		144.08193,
87,		115.30087,		117.25316,		144.08193,
88,		115.30087,		117.24884,		144.08193,
89,		75.16841,		120.00542,		443.29082,
90,		75.16841,		131.34985,		1581.33587,
91,		29.24120,		116.04557,		144.08193,
92,		29.24120,		115.41665,		131.10205,
93,		18.08351,		112.82652,		144.08193,
94,		18.08351,		112.91818,		120.45123,
95,		18.08351,		109.66924,		117.06586,
96,		18.08351,		112.05490,		116.84947,
97,		18.08351,		115.18943,		144.08193,
98,		68.03916,		115.54259,		129.87447,
99,		18.08351,		115.37761,		117.23933,
100,		18.08351,		114.98860,		120.45123,
101,		47.08645,		116.24989,		120.45123,
102,		29.24120,		116.02588,		120.33574,
103,		115.12556,		118.50923,		253.83013,
104,		116.84947,		133.17349,		1581.33587,
105,		116.84947,		120.52733,		443.29082,
106,		29.24120,		116.00705,		119.99886,
107,		29.13312,		115.42702,		129.87447,
108,		29.13312,		115.75689,		130.10260,
109,		116.20150,		117.10065,		123.44094,
110,		18.16782,		117.70513,		254.14902,
111,		75.34194,		116.99494,		144.32222,
112,		75.34194,		116.65730,		119.99886,
113,		115.34035,		117.04562,		117.84738,
114,		115.34035,		131.77006,		1582.13146,
115,		116.20150,		117.05206,		117.84738,
116,		116.20150,		116.63931,		117.06586,
117,		116.20150,		116.86620,		117.06586,
118,		116.20150,		131.92359,		1582.13146,
119,		116.20150,		117.58904,		146.41665,
120,		22.92303,		129.65615,		176.73146,
121,		75.34194,		128.24085,		176.73146,
122,		75.34194,		122.56767,		176.73146,
123,		89.34374,		127.05960,		176.73146,
124,		89.34374,		122.07135,		176.73146,
125,		18.16782,		133.34710,		1577.87302,
126,		18.16782,		164.79980,		1787.84825,
127,		18.16782,		124.36454,		1787.84825,
128,		18.16782,		113.66344,		151.89885,
129,		18.16782,		114.58869,		144.32222,
130,		18.16782,		114.14694,		144.32222,
131,		117.06586,		118.31133,		146.41665,
132,		75.34194,		117.22250,		146.41665,
133,		75.34194,		138.23904,		1582.13146,
134,		18.16782,		136.62931,		1582.13146,
135,		18.16782,		114.71918,		144.32222,
136,		18.16782,		115.21632,		120.66762,
137,		18.16782,		113.98210,		144.32222,
138,		18.16782,		113.09718,		150.01841,
139,		18.16782,		117.39978,		443.71222,
140,		115.34035,		120.78114,		443.71222,
141,		116.20150,		122.73544,		447.31397,
142,		68.20430,		121.30196,		447.31397,
143,		71.80606,		121.26147,		257.75078,
144,		117.06586,		120.59256,		148.18010,
145,		78.43145,		119.75100,		148.18010,
146,		117.06586,		120.92857,		148.18010,
147,		18.16782,		117.68761,		134.93301,
148,		116.20150,		121.29616,		443.71222,
149,		29.13312,		116.76065,		120.66762,
