RANDOM_SEED, 1698986448
GEN,		MIN,			AVE,			MAX,
0,		0.07114,		437.05658,		3115.03526,
1,		0.11900,		197.83175,		1582.29983,
2,		0.11359,		141.18373,		1800.43137,
3,		0.78505,		87.07880,		756.44544,
4,		0.11359,		75.42447,		755.34519,
5,		0.11359,		58.25449,		721.63457,
6,		3.62972,		50.14806,		119.76749,
7,		1.66136,		39.43555,		119.76749,
8,		3.65284,		34.24869,		119.76749,
9,		3.65284,		43.29127,		92.50957,
10,		2.81418,		25.63619,		93.07519,
11,		3.65284,		38.87495,		93.07519,
12,		3.08403,		30.05682,		93.18362,
13,		3.71513,		59.72245,		93.94087,
14,		3.70662,		40.89824,		93.18362,
15,		3.70662,		60.70683,		93.18362,
16,		4.69647,		82.14217,		962.82558,
17,		4.69647,		56.29154,		96.31485,
18,		4.69647,		76.01275,		458.03186,
19,		4.69647,		54.63312,		458.03186,
20,		1.59382,		41.06431,		93.18362,
21,		1.59382,		50.33369,		93.95917,
22,		1.59382,		36.85239,		93.18362,
23,		1.59382,		27.18305,		93.18362,
24,		1.59382,		29.21880,		93.18362,
25,		1.59382,		27.06851,		93.18362,
26,		1.63456,		25.77508,		27.19833,
27,		1.63456,		35.19869,		957.88484,
28,		26.41867,		26.57847,		27.19833,
29,		23.39319,		26.44080,		28.79610,
30,		18.09652,		26.29483,		27.19833,
31,		23.42813,		26.46647,		33.01474,
32,		23.39319,		26.61199,		46.79518,
33,		1.63456,		26.26806,		46.79518,
34,		1.63456,		26.15664,		27.99081,
35,		8.23437,		26.20692,		26.41867,
36,		8.23437,		26.80620,		91.67872,
37,		3.17009,		26.60630,		91.67872,
38,		23.42813,		26.44859,		32.40155,
39,		26.41867,		26.53832,		32.40155,
40,		26.41867,		28.62646,		32.40155,
41,		15.68652,		28.16052,		91.67872,
42,		15.68652,		27.51474,		91.67872,
43,		15.68652,		26.98574,		91.67872,
44,		18.09652,		26.36152,		32.40155,
45,		26.03364,		35.72948,		957.88484,
46,		1.63456,		25.93449,		26.41867,
47,		3.17009,		25.93050,		27.99081,
48,		1.63456,		35.41606,		957.88484,
49,		18.09652,		26.26559,		27.99081,
50,		18.09652,		35.65161,		957.88484,
51,		18.09652,		26.34775,		27.19833,
52,		18.09652,		26.31828,		27.63759,
53,		15.68652,		26.27740,		32.40155,
54,		3.17009,		25.80347,		26.71944,
55,		3.17009,		26.56291,		91.67872,
56,		8.23437,		27.43036,		93.18362,
57,		15.68652,		27.66537,		93.18362,
58,		23.39319,		26.44844,		33.01474,
59,		25.82495,		26.48745,		33.01474,
60,		25.82495,		26.48842,		33.01474,
61,		25.82495,		26.49719,		33.01474,
62,		26.41867,		26.50216,		33.01474,
63,		25.82495,		26.47546,		32.40155,
64,		3.17009,		26.15917,		27.99081,
65,		3.17009,		26.14398,		26.56873,
66,		25.97240,		26.41764,		26.56873,
67,		26.41867,		26.70605,		46.79518,
68,		26.41867,		26.64116,		46.79518,
69,		23.42813,		26.79244,		46.79518,
70,		23.42813,		26.83401,		46.79518,
71,		26.41867,		26.89918,		46.79518,
72,		15.68652,		26.31231,		26.51542,
73,		15.68652,		26.94081,		91.67872,
74,		23.39319,		26.38841,		26.41867,
75,		26.41867,		26.41867,		26.41867,
76,		23.42813,		26.39177,		26.71944,
77,		26.03364,		35.73835,		957.88484,
78,		8.23437,		35.56805,		957.88484,
79,		21.95203,		26.39681,		27.63759,
80,		23.42813,		26.39598,		27.63759,
81,		7.94995,		26.10314,		26.41867,
82,		7.94995,		25.68387,		26.41867,
83,		15.68652,		26.08915,		27.02284,
84,		8.82979,		25.95543,		26.71944,
85,		17.65474,		25.89750,		26.71944,
86,		17.65474,		25.76459,		26.71944,
87,		17.65474,		26.19603,		46.79518,
88,		25.82495,		26.27211,		45.98641,
89,		3.19496,		26.37713,		45.98641,
90,		25.44475,		25.99416,		33.04500,
91,		17.65474,		35.09771,		949.10534,
92,		7.94995,		35.01461,		949.10534,
93,		3.19496,		42.19243,		1644.60536,
94,		7.94995,		25.82471,		49.17745,
95,		7.94995,		29.61328,		90.15495,
96,		7.94995,		28.06577,		93.15167,
97,		7.94995,		27.19416,		90.15495,
98,		1.63641,		26.10309,		90.15495,
99,		1.63641,		25.34330,		90.15495,
100,		1.63641,		24.86394,		45.98641,
101,		3.19496,		25.26918,		45.98641,
102,		3.19496,		25.35178,		45.98641,
103,		1.63641,		24.97097,		26.12051,
104,		3.19496,		25.59210,		33.04500,
105,		3.19496,		34.72617,		949.10534,
106,		11.68120,		25.65399,		25.82495,
107,		22.87307,		25.80409,		26.59495,
108,		22.87307,		25.80704,		26.59495,
109,		11.68120,		25.70579,		27.37776,
110,		3.19496,		25.80026,		45.98641,
111,		3.19496,		25.49569,		25.97240,
112,		3.19496,		25.49041,		25.82495,
113,		3.19496,		25.49635,		26.41867,
114,		11.68120,		25.46519,		25.82495,
115,		11.68120,		23.37929,		25.82495,
116,		11.68120,		24.67554,		25.82495,
117,		21.26621,		25.34757,		25.82495,
118,		21.26621,		25.74816,		26.41867,
119,		21.43784,		25.89284,		32.34370,
120,		15.24745,		28.95712,		33.01474,
121,		15.24745,		30.52778,		38.00703,
122,		15.24745,		31.37003,		38.00703,
123,		25.82495,		32.15311,		38.00703,
124,		25.82495,		32.08295,		32.34370,
125,		3.15370,		31.86477,		32.34370,
126,		3.15370,		31.40078,		32.34370,
127,		3.15370,		31.84052,		33.21620,
128,		32.34370,		32.34370,		32.34370,
129,		3.15370,		31.77673,		32.51045,
130,		3.15370,		31.69471,		32.34370,
131,		28.98182,		32.32766,		34.10151,
132,		20.12620,		32.19028,		34.10151,
133,		20.12620,		32.17356,		38.00703,
134,		20.12620,		32.09935,		32.34370,
135,		20.12620,		32.22153,		32.34370,
136,		15.94221,		32.08509,		32.45206,
137,		15.94221,		31.95049,		38.00703,
138,		1.64445,		32.34851,		102.44932,
139,		1.64445,		31.87565,		38.00703,
140,		1.64445,		31.87349,		38.00703,
141,		3.15370,		17.99697,		38.24398,
142,		3.15370,		25.85673,		38.24398,
143,		3.15370,		29.89961,		32.34370,
144,		3.15370,		40.42131,		988.80768,
145,		3.15370,		32.05180,		32.34370,
146,		1.64445,		32.07079,		34.10151,
147,		20.12620,		32.24783,		34.10151,
148,		11.18870,		32.82965,		102.44932,
149,		11.18870,		33.64321,		102.44932,
