RANDOM_SEED, 1698986444
GEN,		MIN,			AVE,			MAX,
0,		1.92343,		495.41056,		3177.98588,
1,		1.92343,		612.71354,		2079.17858,
2,		1.03429,		477.96300,		1808.06846,
3,		30.46699,		756.80788,		1808.06846,
4,		30.46699,		461.16781,		2179.66280,
5,		30.46699,		313.19406,		1808.06846,
6,		55.76535,		267.56615,		1060.13143,
7,		62.10044,		143.45771,		1006.28335,
8,		5.32038,		129.82969,		332.37484,
9,		5.32038,		145.39179,		212.99316,
10,		73.12191,		118.71140,		186.44173,
11,		90.19521,		142.85114,		221.82381,
12,		86.87551,		154.57571,		186.44173,
13,		86.87551,		135.94281,		1418.89329,
14,		5.32038,		147.64460,		527.98891,
15,		5.32038,		123.04053,		527.98891,
16,		3.20005,		291.95801,		753.84961,
17,		3.02719,		164.52809,		527.98891,
18,		3.11136,		176.19588,		527.98891,
19,		3.11136,		115.43749,		527.98891,
20,		3.11136,		105.21891,		527.98891,
21,		2.94497,		112.90478,		527.98891,
22,		2.94497,		95.05342,		527.98891,
23,		3.20005,		92.75506,		527.98891,
24,		3.20005,		67.85609,		165.11545,
25,		3.20005,		80.65514,		91.02045,
26,		37.48729,		86.57260,		156.69668,
27,		37.48729,		88.54343,		156.69668,
28,		37.48729,		88.00129,		156.69668,
29,		37.48729,		89.58440,		156.69668,
30,		67.84081,		89.98574,		91.02045,
31,		37.48729,		89.67564,		90.57053,
32,		37.48729,		89.41372,		91.70127,
33,		37.48729,		89.47537,		96.73506,
34,		37.48729,		90.43377,		156.69668,
35,		37.48729,		89.66851,		90.60808,
36,		86.87551,		90.82328,		156.69668,
37,		84.29911,		90.76807,		156.69668,
38,		78.60801,		90.04614,		90.19521,
39,		76.78476,		89.77040,		90.19521,
40,		37.48729,		90.84623,		246.53963,
41,		86.87551,		90.16202,		90.19521,
42,		86.87551,		90.16202,		90.19521,
43,		86.87551,		90.17708,		91.70127,
44,		90.19521,		90.82904,		144.74403,
45,		76.78476,		90.70950,		165.11545,
46,		78.60801,		90.03249,		93.22014,
47,		37.48729,		89.84580,		165.11545,
48,		37.48729,		89.41531,		156.69668,
49,		37.48729,		89.67264,		91.02045,
50,		76.78476,		90.00440,		90.60808,
51,		87.95812,		92.97307,		246.53963,
52,		90.19521,		94.20714,		246.53963,
53,		63.24796,		91.31435,		246.53963,
54,		63.24796,		90.30186,		144.74403,
55,		63.24796,		91.94700,		246.53963,
56,		90.19521,		92.80101,		293.20168,
57,		3.20005,		89.65472,		144.74403,
58,		3.20005,		89.20451,		165.11545,
59,		3.20005,		89.19116,		90.19521,
60,		3.20005,		89.87075,		144.74403,
61,		37.48729,		89.08209,		90.19521,
62,		37.48729,		89.66813,		90.19521,
63,		37.48729,		89.66813,		90.19521,
64,		37.48729,		89.61143,		90.60808,
65,		37.86225,		90.70055,		165.11545,
66,		90.19521,		92.03539,		165.11545,
67,		67.84081,		91.80997,		165.11545,
68,		3.20005,		91.87813,		212.41285,
69,		3.16536,		82.24520,		144.74403,
70,		3.16536,		110.41242,		144.74403,
71,		3.16536,		60.25139,		144.74403,
72,		3.06610,		28.01320,		144.74403,
73,		3.04529,		13.44637,		144.74403,
74,		3.20005,		7.50401,		144.74403,
75,		3.20005,		3.20005,		3.20005,
76,		3.11136,		3.39316,		22.63493,
77,		3.20005,		3.39769,		20.45761,
78,		2.94497,		3.39112,		20.45761,
79,		3.15513,		3.19960,		3.20005,
80,		2.94497,		3.22580,		6.06464,
81,		3.16536,		8.47624,		527.98891,
82,		3.20005,		8.45413,		527.07557,
83,		3.02719,		3.47974,		31.36458,
84,		3.17745,		3.51963,		33.11231,
85,		3.20005,		3.50238,		31.36458,
86,		3.20005,		8.75027,		527.98891,
87,		3.15513,		3.67559,		31.36458,
88,		3.06610,		8.76508,		527.98891,
89,		2.94497,		3.71720,		31.36458,
90,		3.15513,		4.12374,		90.19521,
91,		3.17745,		4.10863,		90.19521,
92,		2.61226,		3.38597,		22.63493,
93,		2.61226,		3.59029,		22.63493,
94,		0.96296,		3.36251,		22.63493,
95,		0.96296,		3.14576,		3.60168,
96,		0.96296,		3.15218,		3.60168,
97,		2.61226,		4.06006,		90.19521,
98,		2.94497,		3.20703,		3.86395,
99,		2.94497,		3.20449,		3.86395,
100,		3.20005,		3.24554,		7.08566,
101,		3.20005,		3.23890,		7.08566,
102,		3.20005,		3.20005,		3.20005,
103,		3.06610,		3.19668,		3.20005,
104,		3.13147,		3.21373,		4.73286,
105,		3.13147,		3.18030,		4.61303,
106,		3.13147,		3.16028,		3.20005,
107,		2.96573,		3.21289,		7.08566,
108,		3.02719,		13.91472,		527.98891,
109,		3.08835,		8.59967,		527.98891,
110,		3.08835,		8.77239,		526.16304,
111,		3.08835,		3.35567,		22.63493,
112,		3.13147,		8.36659,		526.16304,
113,		3.09839,		13.60796,		526.16304,
114,		0.89438,		8.35182,		526.16304,
115,		2.96573,		3.15964,		5.47657,
116,		3.08835,		3.13847,		5.47657,
117,		0.85926,		3.09137,		4.54129,
118,		0.85926,		3.96720,		91.36130,
119,		3.06721,		9.17378,		523.26931,
120,		2.96439,		4.88596,		91.36130,
121,		2.96439,		4.31811,		90.60808,
122,		3.08835,		4.30246,		90.60808,
123,		2.54527,		3.10668,		3.15513,
124,		2.58431,		3.12421,		3.15513,
125,		3.00549,		3.14143,		3.80473,
126,		0.85926,		3.09953,		3.80473,
127,		3.08835,		3.29850,		20.64159,
128,		3.06721,		3.31780,		20.64159,
129,		2.85324,		3.29360,		20.64159,
130,		0.85926,		3.24710,		20.64159,
131,		3.05616,		3.11635,		5.47657,
132,		2.54527,		3.08612,		3.15513,
133,		2.54527,		3.08177,		3.15513,
134,		2.54527,		3.08359,		3.15513,
135,		2.54527,		3.11101,		5.47657,
136,		2.54527,		3.16353,		8.62783,
137,		0.85926,		3.27260,		8.62783,
138,		0.85926,		8.33819,		517.51680,
139,		2.92707,		3.97213,		6.24883,
140,		3.08835,		3.56866,		6.24883,
141,		3.08835,		3.37437,		6.34010,
142,		3.06721,		3.42737,		20.98480,
143,		2.90815,		3.36255,		20.98480,
144,		2.85324,		3.15517,		6.24883,
145,		2.92707,		3.16531,		6.24883,
146,		3.08835,		4.20192,		91.36130,
147,		3.06871,		3.15402,		6.06867,
148,		0.85926,		8.33526,		523.26931,
149,		3.08835,		3.16321,		6.81424,
