GEN,	MIN,			AVE,			MAX,			CONV_A
  0,		792.14625,		1047.94703,		1220.37335,		0.93875
  1,		1051.77815,		1101.67810,		1222.93380,		0.94072
  2,		1113.50261,		1167.05063,		1250.59492,		0.96200
  3,		1180.05722,		1215.32257,		1264.70186,		0.97285
  4,		1226.04337,		1245.90714,		1274.18711,		0.98014
  5,		1250.34542,		1261.34286,		1280.99761,		0.98538
  6,		1262.93498,		1269.66739,		1284.99549,		0.98846
  7,		1269.55602,		1274.70646,		1286.98022,		0.98998
  8,		1274.83207,		1278.70461,		1288.76196,		0.99136
  9,		1278.00833,		1281.33029,		1290.07043,		0.99236
 10,		1280.44003,		1283.17397,		1291.25252,		0.99327
 11,		1281.97778,		1284.45183,		1292.24957,		0.99404
 12,		1283.18348,		1285.57577,		1292.74094,		0.99442
 13,		1284.21683,		1286.42838,		1292.91493,		0.99455
 14,		1285.14816,		1287.22683,		1293.54269,		0.99503
 15,		1285.88956,		1287.92718,		1294.23420,		0.99556
 16,		1286.54655,		1288.49396,		1295.26906,		0.99636
 17,		1287.16268,		1289.10485,		1295.70661,		0.99670
 18,		1287.77659,		1289.75617,		1296.13871,		0.99703
 19,		1288.36518,		1290.27044,		1296.20223,		0.99708
 20,		1288.90738,		1290.76408,		1296.42709,		0.99725
 21,		1289.39098,		1291.22539,		1296.68183,		0.99745
 22,		1289.85608,		1291.64080,		1297.30809,		0.99793
 23,		1290.32711,		1292.10538,		1297.54076,		0.99811
 24,		1290.72194,		1292.46761,		1298.74400,		0.99903
 25,		1291.02598,		1292.72657,		1298.82542,		0.99910
 26,		1291.33301,		1293.00740,		1298.92366,		0.99917
 27,		1291.59941,		1293.22198,		1299.06433,		0.99928
 28,		1291.83894,		1293.43403,		1299.06575,		0.99928
 29,		1292.02124,		1293.59023,		1299.08282,		0.99929
 30,		1292.20618,		1293.74810,		1299.08365,		0.99930
 31,		1292.37607,		1293.89865,		1299.08541,		0.99930
 32,		1292.53451,		1294.04176,		1299.08789,		0.99930
 33,		1292.70373,		1294.18109,		1299.10917,		0.99931
 34,		1292.89809,		1294.37044,		1299.23013,		0.99941
 35,		1293.06370,		1294.51664,		1299.23096,		0.99941
 36,		1293.20186,		1294.63432,		1299.25485,		0.99943
 37,		1293.35494,		1294.78353,		1299.29142,		0.99945
 38,		1293.49603,		1294.89409,		1299.29254,		0.99946
 39,		1293.62559,		1294.99444,		1299.29254,		0.99946
 40,		1293.72727,		1295.06034,		1299.29257,		0.99946
 41,		1293.83643,		1295.15036,		1299.29318,		0.99946
 42,		1293.93622,		1295.22640,		1299.30543,		0.99947
 43,		1294.03812,		1295.32278,		1299.31324,		0.99947
 44,		1294.12792,		1295.40737,		1299.32250,		0.99948
 45,		1294.24712,		1295.51847,		1299.45479,		0.99958
 46,		1294.35600,		1295.61640,		1299.45596,		0.99958
 47,		1294.46220,		1295.72650,		1299.46703,		0.99959
 48,		1294.56661,		1295.81668,		1299.48195,		0.99960
 49,		1294.65866,		1295.89003,		1299.48195,		0.99960
 50,		1294.72463,		1295.93718,		1299.48259,		0.99960
 51,		1294.80784,		1296.02530,		1299.49092,		0.99961
 52,		1294.90868,		1296.10876,		1299.49420,		0.99961
 53,		1294.99552,		1296.17997,		1299.49420,		0.99961
 54,		1295.07926,		1296.24997,		1299.49429,		0.99961
 55,		1295.16312,		1296.31677,		1299.49584,		0.99961
 56,		1295.24667,		1296.39314,		1299.63483,		0.99972
 57,		1295.32282,		1296.45483,		1299.63483,		0.99972
 58,		1295.39364,		1296.50683,		1299.63899,		0.99972
 59,		1295.46941,		1296.58374,		1299.64427,		0.99973
 60,		1295.53421,		1296.63659,		1299.64427,		0.99973
 61,		1295.60320,		1296.69468,		1299.64763,		0.99973
 62,		1295.66875,		1296.75413,		1299.68147,		0.99975
 63,		1295.73218,		1296.81210,		1299.69494,		0.99977
 64,		1295.79117,		1296.86541,		1299.69599,		0.99977
 65,		1295.85466,		1296.92141,		1299.69840,		0.99977
 66,		1295.91361,		1296.97042,		1299.80951,		0.99985
 67,		1295.98124,		1297.02680,		1299.80996,		0.99985
 68,		1296.04081,		1297.07962,		1299.80996,		0.99985
 69,		1296.08979,		1297.11907,		1299.81548,		0.99986
 70,		1296.14140,		1297.15954,		1299.81875,		0.99986
 71,		1296.19420,		1297.20451,		1299.82113,		0.99986
 72,		1296.24690,		1297.24958,		1299.82297,		0.99986
 73,		1296.29961,		1297.28876,		1299.82364,		0.99986
 74,		1296.35764,		1297.33682,		1299.82817,		0.99987
 75,		1296.41586,		1297.39151,		1299.82952,		0.99987
 76,		1296.46111,		1297.42766,		1299.83053,		0.99987
 77,		1296.51314,		1297.47189,		1299.83053,		0.99987
 78,		1296.55518,		1297.50136,		1299.83053,		0.99987
 79,		1296.59354,		1297.52949,		1299.83053,		0.99987
 80,		1296.64479,		1297.57189,		1299.86136,		0.99989
 81,		1296.69146,		1297.61779,		1299.88903,		0.99991
 82,		1296.73766,		1297.66678,		1299.88903,		0.99991
 83,		1296.77199,		1297.69398,		1299.88903,		0.99991
 84,		1296.81405,		1297.73684,		1299.88978,		0.99992
 85,		1296.86152,		1297.78569,		1299.92820,		0.99994
 86,		1296.90042,		1297.81933,		1299.92967,		0.99995
 87,		1296.95475,		1297.86614,		1299.93067,		0.99995
 88,		1297.00607,		1297.90905,		1299.93108,		0.99995
 89,		1297.04722,		1297.94171,		1299.93128,		0.99995
 90,		1297.09651,		1297.98445,		1299.93128,		0.99995
 91,		1297.14137,		1298.02706,		1299.93128,		0.99995
 92,		1297.17417,		1298.05158,		1299.93128,		0.99995
 93,		1297.20640,		1298.07804,		1299.93128,		0.99995
 94,		1297.24925,		1298.11703,		1299.93136,		0.99995
 95,		1297.28515,		1298.14807,		1299.93181,		0.99995
 96,		1297.31873,		1298.17458,		1299.93181,		0.99995
 97,		1297.35635,		1298.19964,		1299.93181,		0.99995
 98,		1297.39147,		1298.22221,		1299.93181,		0.99995
 99,		1297.42428,		1298.25280,		1299.93181,		0.99995
100,		1297.45702,		1298.28330,		1299.93199,		0.99995
101,		1297.48757,		1298.30582,		1299.93199,		0.99995
102,		1297.51328,		1298.32704,		1299.93199,		0.99995
103,		1297.54020,		1298.34652,		1299.93199,		0.99995
104,		1297.56153,		1298.36543,		1299.93382,		0.99995
105,		1297.58566,		1298.38451,		1299.93385,		0.99995
106,		1297.61884,		1298.41041,		1299.93426,		0.99995
107,		1297.65379,		1298.43727,		1299.93426,		0.99995
108,		1297.67485,		1298.45617,		1299.93426,		0.99995
109,		1297.70583,		1298.48158,		1299.93426,		0.99995
110,		1297.73185,		1298.49863,		1299.93452,		0.99995
111,		1297.76454,		1298.52116,		1299.93465,		0.99995
112,		1297.79602,		1298.54281,		1299.93465,		0.99995
113,		1297.82190,		1298.56081,		1299.93466,		0.99995
114,		1297.84858,		1298.57561,		1299.93471,		0.99995
115,		1297.87952,		1298.59669,		1299.93471,		0.99995
116,		1297.89949,		1298.60699,		1299.93473,		0.99995
117,		1297.92255,		1298.62363,		1299.93473,		0.99995
118,		1297.94089,		1298.63434,		1299.93473,		0.99995
119,		1297.96964,		1298.65551,		1299.93481,		0.99995
120,		1297.99125,		1298.67032,		1299.93483,		0.99995
121,		1298.00898,		1298.68220,		1299.93483,		0.99995
122,		1298.02717,		1298.69755,		1299.93483,		0.99995
123,		1298.04552,		1298.71077,		1299.93500,		0.99995
124,		1298.07023,		1298.72810,		1299.93543,		0.99995
125,		1298.08738,		1298.73872,		1299.93543,		0.99995
126,		1298.10352,		1298.74801,		1299.93543,		0.99995
127,		1298.11930,		1298.75720,		1299.93543,		0.99995
128,		1298.13927,		1298.77271,		1299.93543,		0.99995
129,		1298.15569,		1298.78235,		1299.93543,		0.99995
130,		1298.17113,		1298.79235,		1299.93543,		0.99995
131,		1298.18807,		1298.80281,		1299.93545,		0.99995
132,		1298.20407,		1298.81482,		1299.93559,		0.99995
133,		1298.22327,		1298.83044,		1299.93559,		0.99995
134,		1298.23601,		1298.83871,		1299.93564,		0.99995
135,		1298.24462,		1298.84572,		1299.93564,		0.99995
136,		1298.25866,		1298.85588,		1299.93565,		0.99995
137,		1298.26855,		1298.86334,		1299.93571,		0.99995
138,		1298.28527,		1298.87373,		1299.93578,		0.99995
139,		1298.30454,		1298.88501,		1299.93578,		0.99995
140,		1298.31609,		1298.89357,		1299.93737,		0.99995
141,		1298.32809,		1298.90068,		1299.93737,		0.99995
142,		1298.34021,		1298.90921,		1299.93737,		0.99995
143,		1298.35294,		1298.91672,		1299.93765,		0.99995
144,		1298.36291,		1298.92316,		1299.93765,		0.99995
145,		1298.37575,		1298.93223,		1299.94118,		0.99995
146,		1298.38724,		1298.94049,		1299.94118,		0.99995
147,		1298.40091,		1298.95198,		1299.94118,		0.99995
148,		1298.40892,		1298.95732,		1299.94118,		0.99995
149,		1298.41930,		1298.96604,		1299.94130,		0.99995
150,		1298.42981,		1298.97180,		1299.94130,		0.99995
151,		1298.44278,		1298.97918,		1299.94130,		0.99995
152,		1298.45071,		1298.98420,		1299.94130,		0.99995
153,		1298.46442,		1298.99483,		1299.94131,		0.99995
154,		1298.47400,		1299.00285,		1299.94131,		0.99995
155,		1298.48266,		1299.01027,		1299.94836,		0.99996
156,		1298.49563,		1299.01925,		1299.94836,		0.99996
157,		1298.50761,		1299.02734,		1299.94836,		0.99996
158,		1298.51728,		1299.03328,		1299.94852,		0.99996
159,		1298.52312,		1299.03768,		1299.94852,		0.99996
160,		1298.53250,		1299.04416,		1299.95437,		0.99996
161,		1298.54634,		1299.05389,		1299.95450,		0.99997
162,		1298.55843,		1299.06294,		1299.95464,		0.99997
163,		1298.56419,		1299.06642,		1299.95464,		0.99997
164,		1298.57432,		1299.07229,		1299.95472,		0.99997
165,		1298.58046,		1299.07666,		1299.95472,		0.99997
166,		1298.59161,		1299.08400,		1299.95475,		0.99997
167,		1298.60115,		1299.09009,		1299.96369,		0.99997
168,		1298.61282,		1299.09715,		1299.96369,		0.99997
169,		1298.62366,		1299.10510,		1299.96369,		0.99997
170,		1298.63550,		1299.11315,		1299.96372,		0.99997
171,		1298.64520,		1299.12037,		1299.96372,		0.99997
172,		1298.65555,		1299.12532,		1299.96375,		0.99997
173,		1298.66275,		1299.13092,		1299.96407,		0.99997
174,		1298.67045,		1299.13596,		1299.96407,		0.99997
175,		1298.67924,		1299.14258,		1299.96407,		0.99997
176,		1298.69099,		1299.15180,		1299.96407,		0.99997
177,		1298.69748,		1299.15734,		1299.96408,		0.99997
178,		1298.70672,		1299.16267,		1299.96408,		0.99997
179,		1298.71774,		1299.17035,		1299.96408,		0.99997
180,		1298.72447,		1299.17460,		1299.96427,		0.99997
181,		1298.73216,		1299.17933,		1299.96427,		0.99997
182,		1298.73886,		1299.18359,		1299.96427,		0.99997
183,		1298.74695,		1299.18840,		1299.96427,		0.99997
184,		1298.75298,		1299.19409,		1299.96430,		0.99997
185,		1298.76011,		1299.19934,		1299.96430,		0.99997
186,		1298.76980,		1299.20597,		1299.96430,		0.99997
187,		1298.77584,		1299.21039,		1299.96430,		0.99997
188,		1298.78558,		1299.21830,		1299.96432,		0.99997
189,		1298.79150,		1299.22149,		1299.96432,		0.99997
190,		1298.80081,		1299.22815,		1299.96432,		0.99997
191,		1298.80537,		1299.23152,		1299.96432,		0.99997
192,		1298.81182,		1299.23614,		1299.96432,		0.99997
193,		1298.81756,		1299.23956,		1299.96432,		0.99997
194,		1298.82569,		1299.24662,		1299.96432,		0.99997
195,		1298.83135,		1299.25032,		1299.96436,		0.99997
196,		1298.84064,		1299.25667,		1299.96436,		0.99997
197,		1298.84818,		1299.26206,		1299.96444,		0.99997
198,		1298.85751,		1299.26829,		1299.96444,		0.99997
199,		1298.86353,		1299.27152,		1299.96444,		0.99997
200,		1298.86950,		1299.27614,		1299.96444,		0.99997
201,		1298.87837,		1299.28179,		1299.96444,		0.99997
202,		1298.88193,		1299.28371,		1299.96444,		0.99997
203,		1298.89039,		1299.29012,		1299.96444,		0.99997
204,		1298.89939,		1299.29739,		1299.96447,		0.99997
205,		1298.90707,		1299.30333,		1299.98151,		0.99999
206,		1298.91521,		1299.31027,		1299.98151,		0.99999
207,		1298.92338,		1299.31561,		1299.98151,		0.99999
208,		1298.93222,		1299.32171,		1299.98151,		0.99999
209,		1298.94224,		1299.33009,		1299.98151,		0.99999
210,		1298.94895,		1299.33670,		1299.98151,		0.99999
211,		1298.95598,		1299.34243,		1299.98153,		0.99999
212,		1298.96163,		1299.34678,		1299.98153,		0.99999
213,		1298.96669,		1299.35065,		1299.99240,		0.99999
214,		1298.97533,		1299.35768,		1299.99241,		0.99999
215,		1298.98227,		1299.36414,		1299.99503,		1.00000
216,		1298.98871,		1299.36906,		1299.99503,		1.00000
217,		1298.99741,		1299.37664,		1299.99503,		1.00000
218,		1299.00952,		1299.38621,		1299.99503,		1.00000
219,		1299.01889,		1299.39486,		1299.99505,		1.00000
220,		1299.02787,		1299.40168,		1299.99505,		1.00000
221,		1299.03452,		1299.40643,		1299.99505,		1.00000
222,		1299.04060,		1299.41141,		1299.99505,		1.00000
223,		1299.04933,		1299.41912,		1299.99596,		1.00000
224,		1299.05775,		1299.42486,		1299.99596,		1.00000
225,		1299.06361,		1299.42957,		1299.99596,		1.00000
226,		1299.06866,		1299.43355,		1299.99596,		1.00000
227,		1299.07704,		1299.43926,		1299.99597,		1.00000
228,		1299.08447,		1299.44391,		1299.99597,		1.00000
229,		1299.09033,		1299.44648,		1299.99597,		1.00000
230,		1299.09779,		1299.45143,		1299.99597,		1.00000
231,		1299.10505,		1299.45817,		1299.99597,		1.00000
232,		1299.11284,		1299.46452,		1299.99597,		1.00000
233,		1299.11962,		1299.46874,		1299.99597,		1.00000
234,		1299.12716,		1299.47299,		1299.99597,		1.00000
235,		1299.13368,		1299.47836,		1299.99601,		1.00000
236,		1299.14153,		1299.48453,		1299.99608,		1.00000
237,		1299.14645,		1299.48771,		1299.99608,		1.00000
238,		1299.15279,		1299.49326,		1299.99608,		1.00000
239,		1299.16143,		1299.49873,		1299.99608,		1.00000
240,		1299.16825,		1299.50358,		1299.99634,		1.00000
241,		1299.17261,		1299.50629,		1299.99634,		1.00000
242,		1299.17600,		1299.50928,		1299.99638,		1.00000
243,		1299.18108,		1299.51394,		1299.99638,		1.00000
244,		1299.18709,		1299.51764,		1299.99638,		1.00000
245,		1299.19245,		1299.52140,		1299.99638,		1.00000
246,		1299.19761,		1299.52477,		1299.99638,		1.00000
247,		1299.20497,		1299.53076,		1299.99639,		1.00000
248,		1299.20839,		1299.53276,		1299.99639,		1.00000
249,		1299.21475,		1299.53745,		1299.99639,		1.00000
250,		1299.21835,		1299.53945,		1299.99639,		1.00000
251,		1299.22398,		1299.54357,		1299.99644,		1.00000
252,		1299.22980,		1299.54776,		1299.99644,		1.00000
253,		1299.23724,		1299.55262,		1299.99644,		1.00000
254,		1299.24129,		1299.55548,		1299.99644,		1.00000
255,		1299.24626,		1299.55846,		1299.99644,		1.00000
256,		1299.25052,		1299.56190,		1299.99661,		1.00000
257,		1299.25753,		1299.56589,		1299.99661,		1.00000
258,		1299.26371,		1299.57187,		1299.99760,		1.00000
259,		1299.26671,		1299.57407,		1299.99760,		1.00000
260,		1299.27131,		1299.57745,		1299.99764,		1.00000
261,		1299.27700,		1299.58116,		1299.99764,		1.00000
262,		1299.28138,		1299.58444,		1299.99764,		1.00000
263,		1299.28568,		1299.58662,		1299.99764,		1.00000
264,		1299.29140,		1299.59090,		1299.99768,		1.00000
265,		1299.29573,		1299.59373,		1299.99768,		1.00000
266,		1299.30185,		1299.59795,		1299.99768,		1.00000
267,		1299.30794,		1299.60169,		1299.99792,		1.00000
268,		1299.31138,		1299.60338,		1299.99792,		1.00000
269,		1299.31574,		1299.60567,		1299.99792,		1.00000
270,		1299.31907,		1299.60775,		1299.99792,		1.00000
271,		1299.32462,		1299.61213,		1299.99792,		1.00000
272,		1299.33048,		1299.61520,		1299.99792,		1.00000
273,		1299.33312,		1299.61740,		1299.99793,		1.00000
274,		1299.33769,		1299.61999,		1299.99793,		1.00000
275,		1299.34090,		1299.62196,		1299.99793,		1.00000
276,		1299.34355,		1299.62380,		1299.99793,		1.00000
277,		1299.34731,		1299.62658,		1299.99793,		1.00000
278,		1299.35007,		1299.62868,		1299.99793,		1.00000
279,		1299.35572,		1299.63281,		1299.99794,		1.00000
280,		1299.36070,		1299.63567,		1299.99794,		1.00000
281,		1299.36434,		1299.63831,		1299.99794,		1.00000
282,		1299.36766,		1299.64008,		1299.99806,		1.00000
283,		1299.37089,		1299.64253,		1299.99806,		1.00000
284,		1299.37408,		1299.64450,		1299.99806,		1.00000
285,		1299.37839,		1299.64677,		1299.99806,		1.00000
286,		1299.38213,		1299.64882,		1299.99806,		1.00000
287,		1299.38532,		1299.65088,		1299.99806,		1.00000
288,		1299.38704,		1299.65212,		1299.99807,		1.00000
289,		1299.39242,		1299.65520,		1299.99807,		1.00000
290,		1299.39529,		1299.65722,		1299.99807,		1.00000
291,		1299.39790,		1299.65921,		1299.99807,		1.00000
292,		1299.40152,		1299.66127,		1299.99807,		1.00000
293,		1299.40502,		1299.66353,		1299.99816,		1.00000
294,		1299.40747,		1299.66499,		1299.99816,		1.00000
295,		1299.41055,		1299.66729,		1299.99816,		1.00000
296,		1299.41373,		1299.66988,		1299.99816,		1.00000
297,		1299.41840,		1299.67233,		1299.99816,		1.00000
298,		1299.42249,		1299.67523,		1299.99816,		1.00000
299,		1299.42490,		1299.67674,		1299.99816,		1.00000
300,		1299.42821,		1299.67882,		1299.99816,		1.00000
301,		1299.43045,		1299.68048,		1299.99816,		1.00000
302,		1299.43324,		1299.68236,		1299.99817,		1.00000
303,		1299.43739,		1299.68539,		1299.99817,		1.00000
304,		1299.43990,		1299.68753,		1299.99817,		1.00000
305,		1299.44479,		1299.68953,		1299.99817,		1.00000
306,		1299.44660,		1299.69142,		1299.99817,		1.00000
307,		1299.45064,		1299.69364,		1299.99823,		1.00000
308,		1299.45368,		1299.69567,		1299.99823,		1.00000
309,		1299.45613,		1299.69777,		1299.99823,		1.00000
310,		1299.45828,		1299.70002,		1299.99823,		1.00000
311,		1299.46040,		1299.70181,		1299.99823,		1.00000
312,		1299.46320,		1299.70438,		1299.99883,		1.00000
313,		1299.46580,		1299.70648,		1299.99883,		1.00000
314,		1299.46987,		1299.70901,		1299.99883,		1.00000
315,		1299.47220,		1299.71077,		1299.99883,		1.00000
316,		1299.47520,		1299.71280,		1299.99883,		1.00000
317,		1299.47758,		1299.71397,		1299.99883,		1.00000
318,		1299.48115,		1299.71575,		1299.99883,		1.00000
319,		1299.48386,		1299.71820,		1299.99883,		1.00000
320,		1299.48723,		1299.72077,		1299.99884,		1.00000
321,		1299.49129,		1299.72316,		1299.99884,		1.00000
322,		1299.49310,		1299.72448,		1299.99884,		1.00000
323,		1299.49825,		1299.72781,		1299.99884,		1.00000
324,		1299.50125,		1299.72924,		1299.99884,		1.00000
325,		1299.50314,		1299.73065,		1299.99884,		1.00000
326,		1299.50569,		1299.73229,		1299.99884,		1.00000
327,		1299.50949,		1299.73504,		1299.99910,		1.00000
328,		1299.51310,		1299.73725,		1299.99910,		1.00000
329,		1299.51800,		1299.73986,		1299.99910,		1.00000
330,		1299.52032,		1299.74154,		1299.99910,		1.00000
331,		1299.52398,		1299.74341,		1299.99910,		1.00000
332,		1299.52630,		1299.74503,		1299.99910,		1.00000
333,		1299.53063,		1299.74736,		1299.99910,		1.00000
334,		1299.53338,		1299.74916,		1299.99910,		1.00000
335,		1299.53613,		1299.75097,		1299.99910,		1.00000
336,		1299.53893,		1299.75271,		1299.99911,		1.00000
337,		1299.54139,		1299.75424,		1299.99911,		1.00000
338,		1299.54464,		1299.75592,		1299.99911,		1.00000
339,		1299.54856,		1299.75877,		1299.99911,		1.00000
340,		1299.55153,		1299.76077,		1299.99911,		1.00000
341,		1299.55377,		1299.76161,		1299.99911,		1.00000
342,		1299.55766,		1299.76386,		1299.99911,		1.00000
343,		1299.56010,		1299.76554,		1299.99911,		1.00000
344,		1299.56292,		1299.76709,		1299.99911,		1.00000
345,		1299.56525,		1299.76851,		1299.99911,		1.00000
346,		1299.56821,		1299.76992,		1299.99911,		1.00000
347,		1299.57077,		1299.77097,		1299.99911,		1.00000
348,		1299.57344,		1299.77259,		1299.99911,		1.00000
349,		1299.57419,		1299.77307,		1299.99911,		1.00000
350,		1299.57722,		1299.77464,		1299.99911,		1.00000
351,		1299.57991,		1299.77613,		1299.99919,		1.00000
352,		1299.58304,		1299.77774,		1299.99919,		1.00000
353,		1299.58627,		1299.77969,		1299.99919,		1.00000
354,		1299.58911,		1299.78091,		1299.99919,		1.00000
355,		1299.59101,		1299.78220,		1299.99919,		1.00000
356,		1299.59430,		1299.78360,		1299.99919,		1.00000
357,		1299.59592,		1299.78491,		1299.99919,		1.00000
358,		1299.59762,		1299.78601,		1299.99919,		1.00000
359,		1299.59954,		1299.78704,		1299.99919,		1.00000
360,		1299.60176,		1299.78810,		1299.99919,		1.00000
361,		1299.60436,		1299.78940,		1299.99919,		1.00000
362,		1299.60554,		1299.79010,		1299.99919,		1.00000
363,		1299.60791,		1299.79134,		1299.99919,		1.00000
364,		1299.61039,		1299.79247,		1299.99919,		1.00000
365,		1299.61276,		1299.79383,		1299.99919,		1.00000
366,		1299.61449,		1299.79486,		1299.99920,		1.00000
367,		1299.61662,		1299.79624,		1299.99920,		1.00000
368,		1299.61904,		1299.79736,		1299.99920,		1.00000
369,		1299.62139,		1299.79873,		1299.99920,		1.00000
370,		1299.62290,		1299.79984,		1299.99920,		1.00000
371,		1299.62490,		1299.80092,		1299.99920,		1.00000
372,		1299.62730,		1299.80206,		1299.99920,		1.00000
373,		1299.62958,		1299.80329,		1299.99920,		1.00000
374,		1299.63096,		1299.80419,		1299.99920,		1.00000
375,		1299.63402,		1299.80551,		1299.99920,		1.00000
376,		1299.63600,		1299.80662,		1299.99920,		1.00000
377,		1299.63732,		1299.80761,		1299.99920,		1.00000
378,		1299.63853,		1299.80850,		1299.99920,		1.00000
379,		1299.63979,		1299.80919,		1299.99927,		1.00000
380,		1299.64122,		1299.81000,		1299.99927,		1.00000
381,		1299.64246,		1299.81073,		1299.99927,		1.00000
382,		1299.64412,		1299.81178,		1299.99927,		1.00000
383,		1299.64670,		1299.81329,		1299.99927,		1.00000
384,		1299.64785,		1299.81385,		1299.99927,		1.00000
385,		1299.65022,		1299.81485,		1299.99927,		1.00000
386,		1299.65261,		1299.81597,		1299.99927,		1.00000
387,		1299.65434,		1299.81692,		1299.99927,		1.00000
388,		1299.65674,		1299.81822,		1299.99927,		1.00000
389,		1299.65782,		1299.81900,		1299.99927,		1.00000
390,		1299.65914,		1299.81979,		1299.99930,		1.00000
391,		1299.66208,		1299.82075,		1299.99931,		1.00000
392,		1299.66360,		1299.82147,		1299.99931,		1.00000
393,		1299.66579,		1299.82232,		1299.99931,		1.00000
394,		1299.66689,		1299.82311,		1299.99931,		1.00000
395,		1299.66853,		1299.82393,		1299.99931,		1.00000
396,		1299.66977,		1299.82459,		1299.99932,		1.00000
397,		1299.67121,		1299.82531,		1299.99932,		1.00000
398,		1299.67283,		1299.82614,		1299.99932,		1.00000
399,		1299.67503,		1299.82703,		1299.99932,		1.00000
400,		1299.67691,		1299.82844,		1299.99932,		1.00000
401,		1299.67847,		1299.82920,		1299.99932,		1.00000
402,		1299.67984,		1299.82991,		1299.99932,		1.00000
403,		1299.68144,		1299.83110,		1299.99932,		1.00000
404,		1299.68271,		1299.83189,		1299.99933,		1.00000
405,		1299.68398,		1299.83263,		1299.99933,		1.00000
406,		1299.68488,		1299.83312,		1299.99934,		1.00000
407,		1299.68678,		1299.83400,		1299.99934,		1.00000
408,		1299.68815,		1299.83477,		1299.99934,		1.00000
409,		1299.68931,		1299.83540,		1299.99934,		1.00000
410,		1299.69083,		1299.83619,		1299.99934,		1.00000
411,		1299.69325,		1299.83699,		1299.99934,		1.00000
412,		1299.69442,		1299.83756,		1299.99934,		1.00000
413,		1299.69614,		1299.83840,		1299.99934,		1.00000
414,		1299.69767,		1299.83962,		1299.99934,		1.00000
415,		1299.69838,		1299.84001,		1299.99934,		1.00000
416,		1299.69910,		1299.84050,		1299.99934,		1.00000
417,		1299.70013,		1299.84115,		1299.99934,		1.00000
418,		1299.70131,		1299.84178,		1299.99934,		1.00000
419,		1299.70236,		1299.84234,		1299.99934,		1.00000
420,		1299.70395,		1299.84310,		1299.99934,		1.00000
421,		1299.70530,		1299.84398,		1299.99934,		1.00000
422,		1299.70614,		1299.84455,		1299.99934,		1.00000
423,		1299.70692,		1299.84500,		1299.99934,		1.00000
424,		1299.70908,		1299.84593,		1299.99934,		1.00000
425,		1299.71024,		1299.84649,		1299.99934,		1.00000
426,		1299.71117,		1299.84691,		1299.99934,		1.00000
427,		1299.71206,		1299.84720,		1299.99934,		1.00000
428,		1299.71333,		1299.84819,		1299.99934,		1.00000
429,		1299.71412,		1299.84867,		1299.99934,		1.00000
430,		1299.71535,		1299.84945,		1299.99934,		1.00000
431,		1299.71634,		1299.84986,		1299.99934,		1.00000
432,		1299.71800,		1299.85033,		1299.99934,		1.00000
433,		1299.71901,		1299.85094,		1299.99934,		1.00000
434,		1299.72015,		1299.85154,		1299.99934,		1.00000
435,		1299.72113,		1299.85210,		1299.99934,		1.00000
436,		1299.72174,		1299.85255,		1299.99934,		1.00000
437,		1299.72248,		1299.85300,		1299.99934,		1.00000
438,		1299.72334,		1299.85340,		1299.99934,		1.00000
439,		1299.72412,		1299.85394,		1299.99937,		1.00000
440,		1299.72526,		1299.85461,		1299.99945,		1.00000
441,		1299.72637,		1299.85525,		1299.99945,		1.00000
442,		1299.72771,		1299.85624,		1299.99945,		1.00000
443,		1299.72932,		1299.85691,		1299.99945,		1.00000
444,		1299.72999,		1299.85740,		1299.99945,		1.00000
445,		1299.73118,		1299.85813,		1299.99945,		1.00000
446,		1299.73196,		1299.85879,		1299.99945,		1.00000
447,		1299.73311,		1299.85932,		1299.99945,		1.00000
448,		1299.73406,		1299.85993,		1299.99947,		1.00000
449,		1299.73475,		1299.86027,		1299.99948,		1.00000
450,		1299.73544,		1299.86075,		1299.99952,		1.00000
451,		1299.73669,		1299.86132,		1299.99952,		1.00000
452,		1299.73757,		1299.86185,		1299.99952,		1.00000
453,		1299.73847,		1299.86226,		1299.99952,		1.00000
454,		1299.73965,		1299.86286,		1299.99952,		1.00000
455,		1299.74073,		1299.86335,		1299.99952,		1.00000
456,		1299.74146,		1299.86365,		1299.99952,		1.00000
457,		1299.74217,		1299.86406,		1299.99952,		1.00000
458,		1299.74270,		1299.86441,		1299.99952,		1.00000
459,		1299.74355,		1299.86491,		1299.99952,		1.00000
460,		1299.74423,		1299.86549,		1299.99952,		1.00000
461,		1299.74489,		1299.86601,		1299.99952,		1.00000
462,		1299.74578,		1299.86647,		1299.99952,		1.00000
463,		1299.74713,		1299.86720,		1299.99952,		1.00000
464,		1299.74839,		1299.86780,		1299.99952,		1.00000
465,		1299.74894,		1299.86806,		1299.99952,		1.00000
466,		1299.74990,		1299.86863,		1299.99952,		1.00000
467,		1299.75094,		1299.86908,		1299.99952,		1.00000
468,		1299.75138,		1299.86931,		1299.99952,		1.00000
469,		1299.75198,		1299.86967,		1299.99952,		1.00000
470,		1299.75242,		1299.86991,		1299.99952,		1.00000
471,		1299.75313,		1299.87022,		1299.99952,		1.00000
472,		1299.75405,		1299.87061,		1299.99952,		1.00000
473,		1299.75503,		1299.87109,		1299.99952,		1.00000
474,		1299.75621,		1299.87176,		1299.99952,		1.00000
475,		1299.75700,		1299.87229,		1299.99952,		1.00000
476,		1299.75768,		1299.87256,		1299.99952,		1.00000
477,		1299.75847,		1299.87301,		1299.99952,		1.00000
478,		1299.75919,		1299.87331,		1299.99954,		1.00000
479,		1299.75998,		1299.87364,		1299.99954,		1.00000
480,		1299.76050,		1299.87395,		1299.99954,		1.00000
481,		1299.76098,		1299.87433,		1299.99954,		1.00000
482,		1299.76193,		1299.87497,		1299.99954,		1.00000
483,		1299.76256,		1299.87531,		1299.99954,		1.00000
484,		1299.76316,		1299.87560,		1299.99954,		1.00000
485,		1299.76427,		1299.87629,		1299.99954,		1.00000
486,		1299.76548,		1299.87680,		1299.99954,		1.00000
487,		1299.76620,		1299.87719,		1299.99954,		1.00000
488,		1299.76734,		1299.87769,		1299.99954,		1.00000
489,		1299.76823,		1299.87813,		1299.99954,		1.00000
490,		1299.76937,		1299.87869,		1299.99954,		1.00000
491,		1299.76993,		1299.87903,		1299.99954,		1.00000
492,		1299.77061,		1299.87944,		1299.99954,		1.00000
493,		1299.77117,		1299.87979,		1299.99954,		1.00000
494,		1299.77229,		1299.88037,		1299.99954,		1.00000
495,		1299.77345,		1299.88087,		1299.99954,		1.00000
496,		1299.77419,		1299.88123,		1299.99954,		1.00000
497,		1299.77467,		1299.88157,		1299.99954,		1.00000
498,		1299.77520,		1299.88183,		1299.99954,		1.00000
499,		1299.77585,		1299.88227,		1299.99954,		1.00000
500,		1299.77647,		1299.88259,		1299.99954,		1.00000
501,		1299.77727,		1299.88304,		1299.99954,		1.00000
502,		1299.77788,		1299.88336,		1299.99954,		1.00000
503,		1299.77851,		1299.88374,		1299.99954,		1.00000
504,		1299.77887,		1299.88406,		1299.99954,		1.00000
505,		1299.77983,		1299.88472,		1299.99954,		1.00000
506,		1299.78017,		1299.88502,		1299.99955,		1.00000
507,		1299.78088,		1299.88534,		1299.99955,		1.00000
508,		1299.78189,		1299.88579,		1299.99955,		1.00000
509,		1299.78256,		1299.88635,		1299.99955,		1.00000
510,		1299.78329,		1299.88673,		1299.99955,		1.00000
511,		1299.78448,		1299.88730,		1299.99955,		1.00000
512,		1299.78489,		1299.88756,		1299.99955,		1.00000
513,		1299.78541,		1299.88786,		1299.99955,		1.00000
514,		1299.78609,		1299.88819,		1299.99955,		1.00000
515,		1299.78699,		1299.88856,		1299.99955,		1.00000
516,		1299.78770,		1299.88887,		1299.99955,		1.00000
517,		1299.78838,		1299.88926,		1299.99955,		1.00000
518,		1299.78900,		1299.88951,		1299.99955,		1.00000
519,		1299.78994,		1299.89020,		1299.99955,		1.00000
520,		1299.79081,		1299.89071,		1299.99955,		1.00000
521,		1299.79132,		1299.89097,		1299.99955,		1.00000
522,		1299.79197,		1299.89137,		1299.99955,		1.00000
523,		1299.79271,		1299.89169,		1299.99955,		1.00000
524,		1299.79350,		1299.89214,		1299.99955,		1.00000
525,		1299.79381,		1299.89231,		1299.99955,		1.00000
526,		1299.79432,		1299.89260,		1299.99955,		1.00000
527,		1299.79483,		1299.89283,		1299.99955,		1.00000
528,		1299.79554,		1299.89321,		1299.99955,		1.00000
529,		1299.79622,		1299.89362,		1299.99955,		1.00000
530,		1299.79748,		1299.89403,		1299.99955,		1.00000
531,		1299.79803,		1299.89438,		1299.99955,		1.00000
532,		1299.79863,		1299.89470,		1299.99955,		1.00000
533,		1299.79924,		1299.89503,		1299.99955,		1.00000
534,		1299.79982,		1299.89533,		1299.99955,		1.00000
535,		1299.80030,		1299.89563,		1299.99955,		1.00000
536,		1299.80084,		1299.89592,		1299.99955,		1.00000
537,		1299.80125,		1299.89612,		1299.99955,		1.00000
538,		1299.80230,		1299.89674,		1299.99955,		1.00000
539,		1299.80280,		1299.89695,		1299.99955,		1.00000
540,		1299.80322,		1299.89729,		1299.99955,		1.00000
541,		1299.80379,		1299.89775,		1299.99955,		1.00000
542,		1299.80444,		1299.89825,		1299.99955,		1.00000
543,		1299.80479,		1299.89851,		1299.99955,		1.00000
544,		1299.80539,		1299.89879,		1299.99955,		1.00000
545,		1299.80589,		1299.89907,		1299.99955,		1.00000
546,		1299.80615,		1299.89923,		1299.99955,		1.00000
547,		1299.80653,		1299.89954,		1299.99955,		1.00000
548,		1299.80735,		1299.89983,		1299.99955,		1.00000
549,		1299.80787,		1299.90007,		1299.99955,		1.00000
550,		1299.80835,		1299.90042,		1299.99955,		1.00000
551,		1299.80885,		1299.90064,		1299.99955,		1.00000
552,		1299.80995,		1299.90114,		1299.99955,		1.00000
553,		1299.81041,		1299.90135,		1299.99955,		1.00000
554,		1299.81085,		1299.90169,		1299.99955,		1.00000
555,		1299.81131,		1299.90190,		1299.99955,		1.00000
556,		1299.81193,		1299.90214,		1299.99955,		1.00000
557,		1299.81250,		1299.90238,		1299.99955,		1.00000
558,		1299.81283,		1299.90253,		1299.99955,		1.00000
559,		1299.81342,		1299.90293,		1299.99955,		1.00000
560,		1299.81390,		1299.90320,		1299.99955,		1.00000
561,		1299.81438,		1299.90348,		1299.99955,		1.00000
562,		1299.81469,		1299.90368,		1299.99955,		1.00000
563,		1299.81556,		1299.90403,		1299.99955,		1.00000
564,		1299.81616,		1299.90435,		1299.99955,		1.00000
565,		1299.81701,		1299.90468,		1299.99955,		1.00000
566,		1299.81759,		1299.90491,		1299.99955,		1.00000
567,		1299.81802,		1299.90511,		1299.99955,		1.00000
568,		1299.81820,		1299.90519,		1299.99955,		1.00000
569,		1299.81888,		1299.90563,		1299.99955,		1.00000
570,		1299.81941,		1299.90586,		1299.99955,		1.00000
571,		1299.81994,		1299.90618,		1299.99955,		1.00000
572,		1299.82025,		1299.90638,		1299.99955,		1.00000
573,		1299.82054,		1299.90651,		1299.99955,		1.00000
574,		1299.82097,		1299.90673,		1299.99955,		1.00000
575,		1299.82152,		1299.90697,		1299.99955,		1.00000
576,		1299.82192,		1299.90718,		1299.99955,		1.00000
577,		1299.82239,		1299.90739,		1299.99955,		1.00000
578,		1299.82270,		1299.90751,		1299.99955,		1.00000
579,		1299.82310,		1299.90769,		1299.99955,		1.00000
580,		1299.82354,		1299.90787,		1299.99955,		1.00000
581,		1299.82393,		1299.90820,		1299.99955,		1.00000
582,		1299.82429,		1299.90845,		1299.99955,		1.00000
583,		1299.82472,		1299.90878,		1299.99955,		1.00000
584,		1299.82526,		1299.90905,		1299.99955,		1.00000
585,		1299.82579,		1299.90927,		1299.99955,		1.00000
586,		1299.82611,		1299.90947,		1299.99955,		1.00000
587,		1299.82626,		1299.90953,		1299.99955,		1.00000
588,		1299.82654,		1299.90972,		1299.99955,		1.00000
589,		1299.82689,		1299.90994,		1299.99955,		1.00000
590,		1299.82719,		1299.91013,		1299.99955,		1.00000
591,		1299.82751,		1299.91035,		1299.99955,		1.00000
592,		1299.82801,		1299.91053,		1299.99955,		1.00000
593,		1299.82832,		1299.91077,		1299.99955,		1.00000
594,		1299.82883,		1299.91110,		1299.99955,		1.00000
595,		1299.82932,		1299.91126,		1299.99955,		1.00000
596,		1299.83004,		1299.91148,		1299.99955,		1.00000
597,		1299.83052,		1299.91169,		1299.99955,		1.00000
598,		1299.83143,		1299.91194,		1299.99955,		1.00000
599,		1299.83192,		1299.91217,		1299.99955,		1.00000
600,		1299.83211,		1299.91235,		1299.99955,		1.00000
601,		1299.83261,		1299.91262,		1299.99955,		1.00000
602,		1299.83284,		1299.91278,		1299.99955,		1.00000
603,		1299.83326,		1299.91302,		1299.99955,		1.00000
604,		1299.83349,		1299.91316,		1299.99955,		1.00000
605,		1299.83408,		1299.91345,		1299.99955,		1.00000
606,		1299.83434,		1299.91355,		1299.99955,		1.00000
607,		1299.83453,		1299.91366,		1299.99955,		1.00000
608,		1299.83486,		1299.91382,		1299.99955,		1.00000
609,		1299.83527,		1299.91405,		1299.99955,		1.00000
610,		1299.83574,		1299.91440,		1299.99956,		1.00000
611,		1299.83627,		1299.91467,		1299.99956,		1.00000
612,		1299.83666,		1299.91488,		1299.99956,		1.00000
613,		1299.83699,		1299.91501,		1299.99956,		1.00000
614,		1299.83748,		1299.91521,		1299.99956,		1.00000
615,		1299.83771,		1299.91543,		1299.99956,		1.00000
616,		1299.83813,		1299.91563,		1299.99956,		1.00000
617,		1299.83869,		1299.91591,		1299.99956,		1.00000
618,		1299.83908,		1299.91605,		1299.99956,		1.00000
619,		1299.83951,		1299.91628,		1299.99956,		1.00000
620,		1299.83998,		1299.91655,		1299.99956,		1.00000
621,		1299.84027,		1299.91672,		1299.99956,		1.00000
622,		1299.84070,		1299.91693,		1299.99956,		1.00000
623,		1299.84135,		1299.91718,		1299.99956,		1.00000
624,		1299.84162,		1299.91737,		1299.99956,		1.00000
625,		1299.84219,		1299.91757,		1299.99956,		1.00000
626,		1299.84276,		1299.91787,		1299.99956,		1.00000
627,		1299.84348,		1299.91823,		1299.99956,		1.00000
628,		1299.84415,		1299.91851,		1299.99956,		1.00000
629,		1299.84431,		1299.91863,		1299.99956,		1.00000
630,		1299.84485,		1299.91880,		1299.99958,		1.00000
631,		1299.84510,		1299.91887,		1299.99958,		1.00000
632,		1299.84553,		1299.91905,		1299.99959,		1.00000
633,		1299.84615,		1299.91926,		1299.99959,		1.00000
634,		1299.84667,		1299.91948,		1299.99959,		1.00000
635,		1299.84699,		1299.91962,		1299.99959,		1.00000
636,		1299.84724,		1299.91978,		1299.99959,		1.00000
637,		1299.84759,		1299.91999,		1299.99959,		1.00000
638,		1299.84795,		1299.92014,		1299.99959,		1.00000
639,		1299.84813,		1299.92022,		1299.99959,		1.00000
640,		1299.84837,		1299.92049,		1299.99959,		1.00000
641,		1299.84894,		1299.92072,		1299.99959,		1.00000
642,		1299.84912,		1299.92082,		1299.99959,		1.00000
643,		1299.84930,		1299.92093,		1299.99959,		1.00000
644,		1299.84960,		1299.92117,		1299.99959,		1.00000
645,		1299.84997,		1299.92136,		1299.99959,		1.00000
646,		1299.85024,		1299.92152,		1299.99959,		1.00000
647,		1299.85046,		1299.92163,		1299.99959,		1.00000
648,		1299.85085,		1299.92193,		1299.99959,		1.00000
649,		1299.85129,		1299.92215,		1299.99959,		1.00000
650,		1299.85162,		1299.92230,		1299.99959,		1.00000
651,		1299.85173,		1299.92242,		1299.99959,		1.00000
652,		1299.85210,		1299.92266,		1299.99959,		1.00000
653,		1299.85240,		1299.92283,		1299.99959,		1.00000
654,		1299.85286,		1299.92301,		1299.99959,		1.00000
655,		1299.85309,		1299.92314,		1299.99959,		1.00000
656,		1299.85331,		1299.92333,		1299.99959,		1.00000
657,		1299.85359,		1299.92346,		1299.99959,		1.00000
658,		1299.85405,		1299.92362,		1299.99959,		1.00000
659,		1299.85420,		1299.92377,		1299.99959,		1.00000
660,		1299.85442,		1299.92397,		1299.99959,		1.00000
661,		1299.85490,		1299.92416,		1299.99965,		1.00000
662,		1299.85515,		1299.92428,		1299.99965,		1.00000
663,		1299.85544,		1299.92453,		1299.99965,		1.00000
664,		1299.85579,		1299.92470,		1299.99965,		1.00000
665,		1299.85615,		1299.92487,		1299.99965,		1.00000
666,		1299.85672,		1299.92510,		1299.99965,		1.00000
667,		1299.85693,		1299.92517,		1299.99965,		1.00000
668,		1299.85728,		1299.92533,		1299.99965,		1.00000
669,		1299.85768,		1299.92553,		1299.99965,		1.00000
670,		1299.85799,		1299.92570,		1299.99965,		1.00000
671,		1299.85861,		1299.92602,		1299.99965,		1.00000
672,		1299.85921,		1299.92623,		1299.99965,		1.00000
673,		1299.85966,		1299.92640,		1299.99965,		1.00000
674,		1299.86006,		1299.92672,		1299.99965,		1.00000
675,		1299.86032,		1299.92690,		1299.99965,		1.00000
676,		1299.86068,		1299.92719,		1299.99965,		1.00000
677,		1299.86081,		1299.92728,		1299.99965,		1.00000
678,		1299.86138,		1299.92752,		1299.99965,		1.00000
679,		1299.86160,		1299.92764,		1299.99965,		1.00000
680,		1299.86183,		1299.92777,		1299.99965,		1.00000
681,		1299.86212,		1299.92793,		1299.99965,		1.00000
682,		1299.86238,		1299.92805,		1299.99965,		1.00000
683,		1299.86253,		1299.92816,		1299.99965,		1.00000
684,		1299.86290,		1299.92832,		1299.99965,		1.00000
685,		1299.86323,		1299.92851,		1299.99965,		1.00000
686,		1299.86347,		1299.92868,		1299.99965,		1.00000
687,		1299.86369,		1299.92881,		1299.99965,		1.00000
688,		1299.86396,		1299.92893,		1299.99965,		1.00000
689,		1299.86416,		1299.92904,		1299.99965,		1.00000
690,		1299.86437,		1299.92915,		1299.99968,		1.00000
691,		1299.86470,		1299.92933,		1299.99968,		1.00000
692,		1299.86503,		1299.92956,		1299.99968,		1.00000
693,		1299.86529,		1299.92972,		1299.99968,		1.00000
694,		1299.86548,		1299.92981,		1299.99968,		1.00000
695,		1299.86573,		1299.92994,		1299.99968,		1.00000
696,		1299.86603,		1299.93013,		1299.99968,		1.00000
697,		1299.86638,		1299.93033,		1299.99968,		1.00000
698,		1299.86679,		1299.93051,		1299.99968,		1.00000
699,		1299.86718,		1299.93065,		1299.99968,		1.00000
700,		1299.86742,		1299.93077,		1299.99968,		1.00000
701,		1299.86794,		1299.93098,		1299.99968,		1.00000
702,		1299.86848,		1299.93119,		1299.99968,		1.00000
703,		1299.86883,		1299.93133,		1299.99968,		1.00000
704,		1299.86923,		1299.93160,		1299.99968,		1.00000
705,		1299.86946,		1299.93173,		1299.99968,		1.00000
706,		1299.86962,		1299.93184,		1299.99968,		1.00000
707,		1299.86979,		1299.93193,		1299.99968,		1.00000
708,		1299.87014,		1299.93217,		1299.99968,		1.00000
709,		1299.87042,		1299.93236,		1299.99968,		1.00000
710,		1299.87087,		1299.93253,		1299.99968,		1.00000
711,		1299.87110,		1299.93275,		1299.99968,		1.00000
712,		1299.87129,		1299.93286,		1299.99968,		1.00000
713,		1299.87144,		1299.93294,		1299.99968,		1.00000
714,		1299.87173,		1299.93317,		1299.99968,		1.00000
715,		1299.87196,		1299.93330,		1299.99968,		1.00000
716,		1299.87241,		1299.93347,		1299.99968,		1.00000
717,		1299.87269,		1299.93356,		1299.99968,		1.00000
718,		1299.87290,		1299.93372,		1299.99968,		1.00000
719,		1299.87309,		1299.93389,		1299.99968,		1.00000
720,		1299.87378,		1299.93406,		1299.99968,		1.00000
721,		1299.87397,		1299.93416,		1299.99968,		1.00000
722,		1299.87425,		1299.93427,		1299.99968,		1.00000
723,		1299.87447,		1299.93438,		1299.99968,		1.00000
724,		1299.87476,		1299.93455,		1299.99968,		1.00000
725,		1299.87515,		1299.93469,		1299.99968,		1.00000
726,		1299.87546,		1299.93483,		1299.99968,		1.00000
727,		1299.87565,		1299.93498,		1299.99968,		1.00000
728,		1299.87591,		1299.93511,		1299.99968,		1.00000
729,		1299.87617,		1299.93532,		1299.99968,		1.00000
730,		1299.87668,		1299.93556,		1299.99968,		1.00000
731,		1299.87689,		1299.93574,		1299.99968,		1.00000
732,		1299.87709,		1299.93584,		1299.99968,		1.00000
733,		1299.87739,		1299.93591,		1299.99968,		1.00000
734,		1299.87758,		1299.93600,		1299.99968,		1.00000
735,		1299.87783,		1299.93609,		1299.99968,		1.00000
736,		1299.87797,		1299.93621,		1299.99968,		1.00000
737,		1299.87841,		1299.93646,		1299.99968,		1.00000
738,		1299.87872,		1299.93664,		1299.99968,		1.00000
739,		1299.87913,		1299.93679,		1299.99968,		1.00000
740,		1299.87932,		1299.93689,		1299.99968,		1.00000
741,		1299.87960,		1299.93710,		1299.99968,		1.00000
742,		1299.88002,		1299.93720,		1299.99968,		1.00000
743,		1299.88052,		1299.93737,		1299.99968,		1.00000
744,		1299.88081,		1299.93752,		1299.99968,		1.00000
745,		1299.88093,		1299.93761,		1299.99968,		1.00000
746,		1299.88136,		1299.93772,		1299.99968,		1.00000
747,		1299.88154,		1299.93783,		1299.99968,		1.00000
748,		1299.88173,		1299.93794,		1299.99968,		1.00000
749,		1299.88233,		1299.93809,		1299.99969,		1.00000
750,		1299.88253,		1299.93821,		1299.99970,		1.00000
751,		1299.88282,		1299.93835,		1299.99970,		1.00000
752,		1299.88299,		1299.93843,		1299.99971,		1.00000
753,		1299.88317,		1299.93854,		1299.99971,		1.00000
754,		1299.88334,		1299.93861,		1299.99971,		1.00000
755,		1299.88381,		1299.93873,		1299.99971,		1.00000
756,		1299.88410,		1299.93887,		1299.99971,		1.00000
757,		1299.88434,		1299.93908,		1299.99971,		1.00000
758,		1299.88449,		1299.93917,		1299.99971,		1.00000
759,		1299.88479,		1299.93930,		1299.99971,		1.00000
760,		1299.88495,		1299.93941,		1299.99971,		1.00000
761,		1299.88515,		1299.93953,		1299.99971,		1.00000
762,		1299.88537,		1299.93965,		1299.99971,		1.00000
763,		1299.88567,		1299.93984,		1299.99971,		1.00000
764,		1299.88583,		1299.93993,		1299.99971,		1.00000
765,		1299.88601,		1299.94003,		1299.99971,		1.00000
766,		1299.88628,		1299.94021,		1299.99971,		1.00000
767,		1299.88645,		1299.94032,		1299.99971,		1.00000
768,		1299.88661,		1299.94040,		1299.99971,		1.00000
769,		1299.88670,		1299.94045,		1299.99971,		1.00000
770,		1299.88691,		1299.94064,		1299.99971,		1.00000
771,		1299.88711,		1299.94073,		1299.99971,		1.00000
772,		1299.88722,		1299.94083,		1299.99971,		1.00000
773,		1299.88738,		1299.94088,		1299.99971,		1.00000
774,		1299.88761,		1299.94102,		1299.99972,		1.00000
775,		1299.88773,		1299.94110,		1299.99972,		1.00000
776,		1299.88801,		1299.94118,		1299.99972,		1.00000
777,		1299.88832,		1299.94144,		1299.99972,		1.00000
778,		1299.88850,		1299.94151,		1299.99972,		1.00000
779,		1299.88870,		1299.94159,		1299.99972,		1.00000
780,		1299.88890,		1299.94171,		1299.99972,		1.00000
781,		1299.88902,		1299.94178,		1299.99972,		1.00000
782,		1299.88918,		1299.94193,		1299.99972,		1.00000
783,		1299.88930,		1299.94198,		1299.99972,		1.00000
784,		1299.88942,		1299.94204,		1299.99972,		1.00000
785,		1299.88950,		1299.94211,		1299.99972,		1.00000
786,		1299.88966,		1299.94221,		1299.99972,		1.00000
787,		1299.88978,		1299.94227,		1299.99972,		1.00000
788,		1299.88997,		1299.94248,		1299.99972,		1.00000
789,		1299.89017,		1299.94257,		1299.99972,		1.00000
790,		1299.89038,		1299.94268,		1299.99972,		1.00000
791,		1299.89059,		1299.94279,		1299.99972,		1.00000
792,		1299.89075,		1299.94288,		1299.99972,		1.00000
793,		1299.89097,		1299.94299,		1299.99972,		1.00000
794,		1299.89122,		1299.94316,		1299.99972,		1.00000
795,		1299.89141,		1299.94326,		1299.99972,		1.00000
796,		1299.89161,		1299.94340,		1299.99972,		1.00000
797,		1299.89198,		1299.94360,		1299.99972,		1.00000
798,		1299.89215,		1299.94374,		1299.99972,		1.00000
799,		1299.89237,		1299.94386,		1299.99972,		1.00000
800,		1299.89281,		1299.94401,		1299.99972,		1.00000
801,		1299.89313,		1299.94414,		1299.99972,		1.00000
802,		1299.89330,		1299.94424,		1299.99972,		1.00000
803,		1299.89352,		1299.94432,		1299.99972,		1.00000
804,		1299.89363,		1299.94435,		1299.99972,		1.00000
805,		1299.89386,		1299.94449,		1299.99972,		1.00000
806,		1299.89407,		1299.94456,		1299.99972,		1.00000
807,		1299.89441,		1299.94466,		1299.99972,		1.00000
808,		1299.89462,		1299.94479,		1299.99972,		1.00000
809,		1299.89473,		1299.94485,		1299.99972,		1.00000
810,		1299.89497,		1299.94500,		1299.99972,		1.00000
811,		1299.89512,		1299.94514,		1299.99972,		1.00000
812,		1299.89523,		1299.94521,		1299.99972,		1.00000
813,		1299.89536,		1299.94525,		1299.99972,		1.00000
814,		1299.89557,		1299.94537,		1299.99972,		1.00000
815,		1299.89570,		1299.94543,		1299.99972,		1.00000
816,		1299.89581,		1299.94555,		1299.99972,		1.00000
817,		1299.89601,		1299.94562,		1299.99972,		1.00000
818,		1299.89623,		1299.94577,		1299.99972,		1.00000
819,		1299.89643,		1299.94591,		1299.99972,		1.00000
820,		1299.89655,		1299.94597,		1299.99972,		1.00000
821,		1299.89677,		1299.94605,		1299.99972,		1.00000
822,		1299.89688,		1299.94611,		1299.99972,		1.00000
823,		1299.89717,		1299.94618,		1299.99972,		1.00000
824,		1299.89744,		1299.94629,		1299.99972,		1.00000
825,		1299.89764,		1299.94637,		1299.99972,		1.00000
826,		1299.89774,		1299.94646,		1299.99972,		1.00000
827,		1299.89791,		1299.94659,		1299.99972,		1.00000
828,		1299.89803,		1299.94666,		1299.99972,		1.00000
829,		1299.89822,		1299.94673,		1299.99972,		1.00000
830,		1299.89848,		1299.94684,		1299.99972,		1.00000
831,		1299.89857,		1299.94690,		1299.99972,		1.00000
832,		1299.89869,		1299.94695,		1299.99972,		1.00000
833,		1299.89883,		1299.94707,		1299.99972,		1.00000
834,		1299.89903,		1299.94714,		1299.99972,		1.00000
835,		1299.89912,		1299.94718,		1299.99972,		1.00000
836,		1299.89923,		1299.94723,		1299.99972,		1.00000
837,		1299.89938,		1299.94733,		1299.99972,		1.00000
838,		1299.89959,		1299.94752,		1299.99972,		1.00000
839,		1299.89985,		1299.94772,		1299.99972,		1.00000
840,		1299.89998,		1299.94779,		1299.99972,		1.00000
841,		1299.90016,		1299.94787,		1299.99972,		1.00000
842,		1299.90026,		1299.94793,		1299.99972,		1.00000
843,		1299.90050,		1299.94807,		1299.99972,		1.00000
844,		1299.90058,		1299.94810,		1299.99972,		1.00000
845,		1299.90076,		1299.94830,		1299.99972,		1.00000
846,		1299.90094,		1299.94837,		1299.99972,		1.00000
847,		1299.90114,		1299.94857,		1299.99972,		1.00000
848,		1299.90119,		1299.94861,		1299.99972,		1.00000
849,		1299.90137,		1299.94868,		1299.99972,		1.00000
850,		1299.90172,		1299.94881,		1299.99972,		1.00000
851,		1299.90181,		1299.94890,		1299.99972,		1.00000
852,		1299.90193,		1299.94897,		1299.99972,		1.00000
853,		1299.90204,		1299.94908,		1299.99972,		1.00000
854,		1299.90211,		1299.94913,		1299.99972,		1.00000
855,		1299.90225,		1299.94923,		1299.99972,		1.00000
856,		1299.90232,		1299.94928,		1299.99972,		1.00000
857,		1299.90242,		1299.94940,		1299.99972,		1.00000
858,		1299.90252,		1299.94945,		1299.99973,		1.00000
859,		1299.90270,		1299.94954,		1299.99973,		1.00000
860,		1299.90280,		1299.94962,		1299.99973,		1.00000
861,		1299.90287,		1299.94965,		1299.99973,		1.00000
862,		1299.90306,		1299.94981,		1299.99973,		1.00000
863,		1299.90318,		1299.94986,		1299.99973,		1.00000
864,		1299.90337,		1299.94995,		1299.99973,		1.00000
865,		1299.90367,		1299.95007,		1299.99973,		1.00000
866,		1299.90376,		1299.95016,		1299.99973,		1.00000
867,		1299.90411,		1299.95024,		1299.99973,		1.00000
868,		1299.90437,		1299.95035,		1299.99973,		1.00000
869,		1299.90452,		1299.95041,		1299.99973,		1.00000
870,		1299.90475,		1299.95053,		1299.99973,		1.00000
871,		1299.90484,		1299.95063,		1299.99973,		1.00000
872,		1299.90503,		1299.95076,		1299.99973,		1.00000
873,		1299.90535,		1299.95090,		1299.99973,		1.00000
874,		1299.90554,		1299.95101,		1299.99973,		1.00000
875,		1299.90567,		1299.95105,		1299.99973,		1.00000
876,		1299.90579,		1299.95112,		1299.99973,		1.00000
877,		1299.90599,		1299.95122,		1299.99973,		1.00000
878,		1299.90603,		1299.95124,		1299.99973,		1.00000
879,		1299.90612,		1299.95132,		1299.99973,		1.00000
880,		1299.90621,		1299.95136,		1299.99973,		1.00000
881,		1299.90635,		1299.95140,		1299.99973,		1.00000
882,		1299.90664,		1299.95151,		1299.99973,		1.00000
883,		1299.90675,		1299.95158,		1299.99973,		1.00000
884,		1299.90682,		1299.95162,		1299.99973,		1.00000
885,		1299.90687,		1299.95166,		1299.99973,		1.00000
886,		1299.90703,		1299.95175,		1299.99973,		1.00000
887,		1299.90717,		1299.95179,		1299.99973,		1.00000
888,		1299.90746,		1299.95194,		1299.99973,		1.00000
889,		1299.90755,		1299.95197,		1299.99973,		1.00000
890,		1299.90780,		1299.95211,		1299.99977,		1.00000
891,		1299.90794,		1299.95217,		1299.99977,		1.00000
892,		1299.90804,		1299.95222,		1299.99977,		1.00000
893,		1299.90811,		1299.95226,		1299.99977,		1.00000
894,		1299.90818,		1299.95229,		1299.99977,		1.00000
895,		1299.90836,		1299.95238,		1299.99977,		1.00000
896,		1299.90845,		1299.95244,		1299.99977,		1.00000
897,		1299.90866,		1299.95251,		1299.99977,		1.00000
898,		1299.90873,		1299.95254,		1299.99977,		1.00000
899,		1299.90883,		1299.95259,		1299.99977,		1.00000
900,		1299.90893,		1299.95262,		1299.99977,		1.00000
901,		1299.90911,		1299.95274,		1299.99977,		1.00000
902,		1299.90921,		1299.95279,		1299.99977,		1.00000
903,		1299.90942,		1299.95285,		1299.99977,		1.00000
904,		1299.90955,		1299.95293,		1299.99977,		1.00000
905,		1299.90986,		1299.95305,		1299.99977,		1.00000
906,		1299.91004,		1299.95320,		1299.99977,		1.00000
907,		1299.91007,		1299.95322,		1299.99977,		1.00000
908,		1299.91014,		1299.95326,		1299.99977,		1.00000
909,		1299.91033,		1299.95335,		1299.99977,		1.00000
910,		1299.91074,		1299.95356,		1299.99977,		1.00000
911,		1299.91094,		1299.95366,		1299.99977,		1.00000
912,		1299.91097,		1299.95369,		1299.99977,		1.00000
913,		1299.91105,		1299.95375,		1299.99977,		1.00000
914,		1299.91117,		1299.95383,		1299.99977,		1.00000
915,		1299.91165,		1299.95402,		1299.99977,		1.00000
916,		1299.91181,		1299.95407,		1299.99977,		1.00000
917,		1299.91188,		1299.95413,		1299.99977,		1.00000
918,		1299.91208,		1299.95428,		1299.99977,		1.00000
919,		1299.91216,		1299.95436,		1299.99977,		1.00000
920,		1299.91229,		1299.95443,		1299.99977,		1.00000
921,		1299.91238,		1299.95446,		1299.99977,		1.00000
922,		1299.91247,		1299.95449,		1299.99977,		1.00000
923,		1299.91260,		1299.95454,		1299.99977,		1.00000
924,		1299.91277,		1299.95462,		1299.99977,		1.00000
925,		1299.91281,		1299.95464,		1299.99977,		1.00000
926,		1299.91292,		1299.95471,		1299.99977,		1.00000
927,		1299.91296,		1299.95474,		1299.99977,		1.00000
928,		1299.91324,		1299.95483,		1299.99977,		1.00000
929,		1299.91341,		1299.95492,		1299.99977,		1.00000
930,		1299.91346,		1299.95495,		1299.99977,		1.00000
931,		1299.91356,		1299.95502,		1299.99977,		1.00000
932,		1299.91370,		1299.95513,		1299.99977,		1.00000
933,		1299.91380,		1299.95519,		1299.99977,		1.00000
934,		1299.91391,		1299.95523,		1299.99977,		1.00000
935,		1299.91406,		1299.95535,		1299.99977,		1.00000
936,		1299.91422,		1299.95541,		1299.99977,		1.00000
937,		1299.91436,		1299.95547,		1299.99977,		1.00000
938,		1299.91448,		1299.95552,		1299.99977,		1.00000
939,		1299.91458,		1299.95557,		1299.99977,		1.00000
940,		1299.91489,		1299.95570,		1299.99977,		1.00000
941,		1299.91508,		1299.95581,		1299.99977,		1.00000
942,		1299.91521,		1299.95594,		1299.99977,		1.00000
943,		1299.91532,		1299.95600,		1299.99977,		1.00000
944,		1299.91549,		1299.95612,		1299.99977,		1.00000
945,		1299.91552,		1299.95614,		1299.99977,		1.00000
946,		1299.91561,		1299.95618,		1299.99977,		1.00000
947,		1299.91586,		1299.95625,		1299.99977,		1.00000
948,		1299.91596,		1299.95632,		1299.99977,		1.00000
949,		1299.91613,		1299.95643,		1299.99977,		1.00000
950,		1299.91634,		1299.95656,		1299.99977,		1.00000
951,		1299.91647,		1299.95666,		1299.99977,		1.00000
952,		1299.91668,		1299.95676,		1299.99977,		1.00000
953,		1299.91680,		1299.95681,		1299.99977,		1.00000
954,		1299.91684,		1299.95683,		1299.99977,		1.00000
955,		1299.91688,		1299.95685,		1299.99977,		1.00000
956,		1299.91693,		1299.95688,		1299.99977,		1.00000
957,		1299.91702,		1299.95696,		1299.99977,		1.00000
958,		1299.91708,		1299.95703,		1299.99977,		1.00000
959,		1299.91728,		1299.95714,		1299.99977,		1.00000
960,		1299.91738,		1299.95718,		1299.99977,		1.00000
961,		1299.91745,		1299.95722,		1299.99977,		1.00000
962,		1299.91747,		1299.95724,		1299.99977,		1.00000
963,		1299.91760,		1299.95730,		1299.99977,		1.00000
964,		1299.91763,		1299.95732,		1299.99977,		1.00000
965,		1299.91775,		1299.95738,		1299.99977,		1.00000
966,		1299.91788,		1299.95742,		1299.99977,		1.00000
967,		1299.91803,		1299.95753,		1299.99978,		1.00000
968,		1299.91813,		1299.95764,		1299.99978,		1.00000
969,		1299.91818,		1299.95768,		1299.99978,		1.00000
970,		1299.91844,		1299.95777,		1299.99978,		1.00000
971,		1299.91859,		1299.95788,		1299.99978,		1.00000
972,		1299.91874,		1299.95798,		1299.99978,		1.00000
973,		1299.91878,		1299.95801,		1299.99978,		1.00000
974,		1299.91892,		1299.95808,		1299.99978,		1.00000
975,		1299.91896,		1299.95810,		1299.99978,		1.00000
976,		1299.91902,		1299.95813,		1299.99978,		1.00000
977,		1299.91910,		1299.95816,		1299.99978,		1.00000
978,		1299.91919,		1299.95819,		1299.99978,		1.00000
979,		1299.91928,		1299.95821,		1299.99978,		1.00000
980,		1299.91941,		1299.95828,		1299.99978,		1.00000
981,		1299.91948,		1299.95834,		1299.99978,		1.00000
982,		1299.91958,		1299.95838,		1299.99978,		1.00000
983,		1299.91963,		1299.95846,		1299.99978,		1.00000
984,		1299.91973,		1299.95850,		1299.99978,		1.00000
985,		1299.91977,		1299.95852,		1299.99978,		1.00000
986,		1299.91997,		1299.95861,		1299.99978,		1.00000
987,		1299.92006,		1299.95867,		1299.99978,		1.00000
988,		1299.92022,		1299.95879,		1299.99978,		1.00000
989,		1299.92028,		1299.95884,		1299.99978,		1.00000
990,		1299.92045,		1299.95896,		1299.99978,		1.00000
991,		1299.92064,		1299.95907,		1299.99978,		1.00000
992,		1299.92079,		1299.95921,		1299.99978,		1.00000
993,		1299.92093,		1299.95927,		1299.99978,		1.00000
994,		1299.92101,		1299.95935,		1299.99978,		1.00000
995,		1299.92106,		1299.95939,		1299.99980,		1.00000
996,		1299.92138,		1299.95946,		1299.99980,		1.00000
997,		1299.92146,		1299.95951,		1299.99980,		1.00000
998,		1299.92159,		1299.95963,		1299.99980,		1.00000
999,		1299.92170,		1299.95968,		1299.99980,		1.00000
