RANDOM_SEED, 1698999925
GEN,		MIN,			AVE,			MAX,
0,		62.83,		253.73,		496.94,
1,		62.83,		209.62,		265.45,
2,		47.57,		116.47,		182.84,
3,		33.66,		77.60,		119.46,
4,		26.03,		47.58,		61.56,
5,		22.63,		38.75,		50.77,
6,		15.84,		30.46,		36.11,
7,		15.84,		26.31,		30.03,
8,		15.51,		24.71,		27.40,
9,		10.71,		21.72,		25.04,
10,		10.71,		19.42,		22.67,
11,		10.71,		17.88,		20.48,
12,		10.48,		16.90,		19.29,
13,		10.48,		16.29,		18.40,
14,		10.48,		15.88,		17.79,
15,		10.43,		15.48,		17.39,
16,		9.17,		15.18,		17.01,
17,		3.35,		12.90,		15.72,
18,		2.69,		10.69,		13.66,
19,		1.12,		9.09,		11.63,
20,		1.12,		7.91,		10.29,
21,		0.99,		6.94,		9.15,
22,		0.05,		6.26,		8.25,
23,		0.05,		5.69,		7.60,
24,		0.05,		5.31,		7.13,
25,		0.05,		4.98,		6.69,
26,		0.05,		4.67,		6.31,
27,		0.05,		4.44,		6.06,
28,		0.05,		4.20,		5.81,
29,		0.05,		4.02,		5.60,
30,		0.05,		3.85,		5.41,
31,		0.05,		3.72,		5.25,
32,		0.04,		3.58,		5.09,
33,		0.04,		3.46,		4.88,
34,		0.04,		3.31,		4.72,
35,		0.04,		3.18,		4.60,
36,		0.04,		3.10,		4.52,
37,		0.04,		2.97,		4.41,
38,		0.00,		2.88,		4.31,
39,		0.00,		2.76,		4.18,
40,		0.00,		2.71,		4.09,
41,		0.00,		2.60,		3.98,
42,		0.00,		2.53,		3.88,
43,		0.00,		2.44,		3.77,
44,		0.00,		2.37,		3.68,
45,		0.00,		2.27,		3.59,
46,		0.00,		2.21,		3.47,
47,		0.00,		2.12,		3.39,
48,		0.00,		2.06,		3.30,
49,		0.00,		2.02,		3.26,
50,		0.00,		1.99,		3.21,
51,		0.00,		1.89,		3.09,
52,		0.00,		1.83,		3.00,
53,		0.00,		1.78,		2.95,
54,		0.00,		1.73,		2.88,
55,		0.00,		1.68,		2.82,
56,		0.00,		1.65,		2.76,
57,		0.00,		1.61,		2.72,
58,		0.00,		1.56,		2.69,
59,		0.00,		1.53,		2.66,
60,		0.00,		1.51,		2.62,
61,		0.00,		1.47,		2.56,
62,		0.00,		1.43,		2.49,
63,		0.00,		1.40,		2.45,
64,		0.00,		1.37,		2.41,
65,		0.00,		1.35,		2.38,
66,		0.00,		1.34,		2.35,
67,		0.00,		1.30,		2.27,
68,		0.00,		1.28,		2.25,
69,		0.00,		1.26,		2.23,
70,		0.00,		1.24,		2.20,
71,		0.00,		1.21,		2.16,
72,		0.00,		1.19,		2.12,
73,		0.00,		1.17,		2.08,
74,		0.00,		1.15,		2.03,
75,		0.00,		1.12,		1.99,
76,		0.00,		1.10,		1.96,
77,		0.00,		1.07,		1.92,
78,		0.00,		1.07,		1.90,
79,		0.00,		1.05,		1.89,
80,		0.00,		1.03,		1.83,
81,		0.00,		1.00,		1.80,
82,		0.00,		0.98,		1.77,
83,		0.00,		0.96,		1.75,
84,		0.00,		0.95,		1.73,
85,		0.00,		0.93,		1.71,
86,		0.00,		0.90,		1.69,
87,		0.00,		0.87,		1.65,
88,		0.00,		0.86,		1.61,
89,		0.00,		0.84,		1.58,
90,		0.00,		0.83,		1.56,
91,		0.00,		0.81,		1.54,
92,		0.00,		0.80,		1.53,
93,		0.00,		0.79,		1.50,
94,		0.00,		0.77,		1.48,
95,		0.00,		0.76,		1.46,
96,		0.00,		0.75,		1.44,
97,		0.00,		0.74,		1.42,
98,		0.00,		0.73,		1.40,
99,		0.00,		0.73,		1.37,
100,		0.00,		0.71,		1.34,
101,		0.00,		0.71,		1.34,
102,		0.00,		0.70,		1.32,
103,		0.00,		0.69,		1.30,
104,		0.00,		0.67,		1.29,
105,		0.00,		0.67,		1.28,
106,		0.00,		0.66,		1.27,
107,		0.00,		0.65,		1.26,
108,		0.00,		0.65,		1.25,
109,		0.00,		0.63,		1.23,
110,		0.00,		0.63,		1.22,
111,		0.00,		0.62,		1.20,
112,		0.00,		0.61,		1.19,
113,		0.00,		0.60,		1.17,
114,		0.00,		0.60,		1.17,
115,		0.00,		0.59,		1.14,
116,		0.00,		0.58,		1.13,
117,		0.00,		0.57,		1.12,
118,		0.00,		0.56,		1.10,
119,		0.00,		0.56,		1.09,
120,		0.00,		0.55,		1.07,
121,		0.00,		0.54,		1.05,
122,		0.00,		0.53,		1.04,
123,		0.00,		0.52,		1.03,
124,		0.00,		0.51,		1.01,
125,		0.00,		0.50,		1.00,
126,		0.00,		0.50,		0.99,
127,		0.00,		0.50,		0.98,
128,		0.00,		0.49,		0.97,
129,		0.00,		0.48,		0.96,
130,		0.00,		0.48,		0.95,
131,		0.00,		0.47,		0.94,
132,		0.00,		0.47,		0.93,
133,		0.00,		0.46,		0.91,
134,		0.00,		0.46,		0.89,
135,		0.00,		0.46,		0.89,
136,		0.00,		0.45,		0.88,
137,		0.00,		0.45,		0.88,
138,		0.00,		0.44,		0.86,
139,		0.00,		0.43,		0.84,
140,		0.00,		0.42,		0.83,
141,		0.00,		0.42,		0.82,
142,		0.00,		0.42,		0.82,
143,		0.00,		0.41,		0.81,
144,		0.00,		0.41,		0.80,
145,		0.00,		0.40,		0.79,
146,		0.00,		0.39,		0.79,
147,		0.00,		0.39,		0.78,
148,		0.00,		0.38,		0.76,
149,		0.00,		0.38,		0.76,
150,		0.00,		0.38,		0.75,
151,		0.00,		0.37,		0.73,
152,		0.00,		0.36,		0.72,
153,		0.00,		0.36,		0.72,
154,		0.00,		0.36,		0.71,
155,		0.00,		0.35,		0.70,
156,		0.00,		0.35,		0.69,
157,		0.00,		0.33,		0.67,
158,		0.00,		0.33,		0.67,
159,		0.00,		0.33,		0.66,
160,		0.00,		0.33,		0.66,
161,		0.00,		0.32,		0.65,
162,		0.00,		0.32,		0.63,
163,		0.00,		0.31,		0.63,
164,		0.00,		0.31,		0.62,
165,		0.00,		0.30,		0.61,
166,		0.00,		0.30,		0.61,
167,		0.00,		0.30,		0.60,
168,		0.00,		0.29,		0.60,
169,		0.00,		0.29,		0.58,
170,		0.00,		0.28,		0.57,
171,		0.00,		0.28,		0.56,
172,		0.00,		0.27,		0.56,
173,		0.00,		0.26,		0.54,
174,		0.00,		0.26,		0.53,
175,		0.00,		0.25,		0.52,
176,		0.00,		0.25,		0.50,
177,		0.00,		0.24,		0.49,
178,		0.00,		0.24,		0.49,
179,		0.00,		0.24,		0.47,
180,		0.00,		0.23,		0.46,
181,		0.00,		0.23,		0.44,
182,		0.00,		0.22,		0.44,
183,		0.00,		0.22,		0.43,
184,		0.00,		0.21,		0.42,
185,		0.00,		0.21,		0.42,
186,		0.00,		0.21,		0.41,
187,		0.00,		0.20,		0.41,
188,		0.00,		0.20,		0.40,
189,		0.00,		0.19,		0.39,
190,		0.00,		0.19,		0.38,
191,		0.00,		0.19,		0.37,
192,		0.00,		0.19,		0.37,
193,		0.00,		0.18,		0.37,
194,		0.00,		0.18,		0.37,
195,		0.00,		0.18,		0.36,
196,		0.00,		0.18,		0.36,
197,		0.00,		0.17,		0.35,
198,		0.00,		0.17,		0.35,
199,		0.00,		0.17,		0.34,
200,		0.00,		0.16,		0.33,
201,		0.00,		0.16,		0.32,
202,		0.00,		0.16,		0.32,
203,		0.00,		0.16,		0.32,
204,		0.00,		0.16,		0.31,
205,		0.00,		0.16,		0.31,
206,		0.00,		0.15,		0.31,
207,		0.00,		0.15,		0.30,
208,		0.00,		0.15,		0.30,
209,		0.00,		0.15,		0.29,
210,		0.00,		0.15,		0.29,
211,		0.00,		0.14,		0.29,
212,		0.00,		0.14,		0.28,
213,		0.00,		0.14,		0.28,
214,		0.00,		0.14,		0.27,
215,		0.00,		0.13,		0.27,
216,		0.00,		0.13,		0.27,
217,		0.00,		0.13,		0.26,
218,		0.00,		0.13,		0.26,
219,		0.00,		0.13,		0.26,
220,		0.00,		0.12,		0.25,
221,		0.00,		0.12,		0.25,
222,		0.00,		0.12,		0.25,
223,		0.00,		0.12,		0.24,
224,		0.00,		0.12,		0.24,
225,		0.00,		0.12,		0.24,
226,		0.00,		0.12,		0.23,
227,		0.00,		0.12,		0.23,
228,		0.00,		0.12,		0.23,
229,		0.00,		0.11,		0.23,
230,		0.00,		0.11,		0.22,
231,		0.00,		0.11,		0.22,
232,		0.00,		0.11,		0.21,
233,		0.00,		0.11,		0.21,
234,		0.00,		0.11,		0.21,
235,		0.00,		0.10,		0.21,
236,		0.00,		0.10,		0.21,
237,		0.00,		0.10,		0.20,
238,		0.00,		0.10,		0.20,
239,		0.00,		0.10,		0.20,
240,		0.00,		0.10,		0.20,
241,		0.00,		0.10,		0.19,
242,		0.00,		0.10,		0.19,
243,		0.00,		0.10,		0.19,
244,		0.00,		0.09,		0.19,
245,		0.00,		0.09,		0.19,
246,		0.00,		0.09,		0.19,
247,		0.00,		0.09,		0.19,
248,		0.00,		0.09,		0.18,
249,		0.00,		0.09,		0.18,
250,		0.00,		0.09,		0.18,
251,		0.00,		0.09,		0.18,
252,		0.00,		0.09,		0.18,
253,		0.00,		0.09,		0.18,
254,		0.00,		0.09,		0.17,
255,		0.00,		0.09,		0.17,
256,		0.00,		0.08,		0.17,
257,		0.00,		0.08,		0.17,
258,		0.00,		0.08,		0.17,
259,		0.00,		0.08,		0.17,
260,		0.00,		0.08,		0.16,
261,		0.00,		0.08,		0.16,
262,		0.00,		0.08,		0.16,
263,		0.00,		0.08,		0.16,
264,		0.00,		0.08,		0.16,
265,		0.00,		0.08,		0.16,
266,		0.00,		0.08,		0.16,
267,		0.00,		0.08,		0.15,
268,		0.00,		0.08,		0.15,
269,		0.00,		0.07,		0.15,
270,		0.00,		0.07,		0.15,
271,		0.00,		0.07,		0.15,
272,		0.00,		0.07,		0.15,
273,		0.00,		0.07,		0.15,
274,		0.00,		0.07,		0.15,
275,		0.00,		0.07,		0.14,
276,		0.00,		0.07,		0.14,
277,		0.00,		0.07,		0.14,
278,		0.00,		0.07,		0.14,
279,		0.00,		0.07,		0.14,
280,		0.00,		0.07,		0.14,
281,		0.00,		0.07,		0.14,
282,		0.00,		0.07,		0.14,
283,		0.00,		0.07,		0.14,
284,		0.00,		0.07,		0.14,
285,		0.00,		0.07,		0.14,
286,		0.00,		0.07,		0.13,
287,		0.00,		0.06,		0.13,
288,		0.00,		0.06,		0.13,
289,		0.00,		0.06,		0.13,
290,		0.00,		0.06,		0.13,
291,		0.00,		0.06,		0.13,
292,		0.00,		0.06,		0.13,
293,		0.00,		0.06,		0.13,
294,		0.00,		0.06,		0.12,
295,		0.00,		0.06,		0.12,
296,		0.00,		0.06,		0.12,
297,		0.00,		0.06,		0.12,
298,		0.00,		0.06,		0.12,
299,		0.00,		0.06,		0.12,
300,		0.00,		0.06,		0.11,
301,		0.00,		0.06,		0.11,
302,		0.00,		0.06,		0.11,
303,		0.00,		0.06,		0.11,
304,		0.00,		0.06,		0.11,
305,		0.00,		0.06,		0.11,
306,		0.00,		0.06,		0.11,
307,		0.00,		0.06,		0.11,
308,		0.00,		0.06,		0.11,
309,		0.00,		0.05,		0.11,
310,		0.00,		0.05,		0.11,
311,		0.00,		0.05,		0.11,
312,		0.00,		0.05,		0.11,
313,		0.00,		0.05,		0.11,
314,		0.00,		0.05,		0.10,
315,		0.00,		0.05,		0.10,
316,		0.00,		0.05,		0.10,
317,		0.00,		0.05,		0.10,
318,		0.00,		0.05,		0.10,
319,		0.00,		0.05,		0.10,
320,		0.00,		0.05,		0.10,
321,		0.00,		0.05,		0.10,
322,		0.00,		0.05,		0.10,
323,		0.00,		0.05,		0.10,
324,		0.00,		0.05,		0.10,
325,		0.00,		0.05,		0.10,
326,		0.00,		0.05,		0.10,
327,		0.00,		0.05,		0.10,
328,		0.00,		0.05,		0.10,
329,		0.00,		0.05,		0.10,
330,		0.00,		0.05,		0.10,
331,		0.00,		0.05,		0.09,
332,		0.00,		0.05,		0.09,
333,		0.00,		0.05,		0.09,
334,		0.00,		0.05,		0.09,
335,		0.00,		0.05,		0.09,
336,		0.00,		0.05,		0.09,
337,		0.00,		0.05,		0.09,
338,		0.00,		0.05,		0.09,
339,		0.00,		0.05,		0.09,
340,		0.00,		0.05,		0.09,
341,		0.00,		0.04,		0.09,
342,		0.00,		0.04,		0.09,
343,		0.00,		0.04,		0.09,
344,		0.00,		0.04,		0.09,
345,		0.00,		0.04,		0.09,
346,		0.00,		0.04,		0.09,
347,		0.00,		0.04,		0.09,
348,		0.00,		0.04,		0.09,
349,		0.00,		0.04,		0.09,
350,		0.00,		0.04,		0.08,
351,		0.00,		0.04,		0.08,
352,		0.00,		0.04,		0.08,
353,		0.00,		0.04,		0.08,
354,		0.00,		0.04,		0.08,
355,		0.00,		0.04,		0.08,
356,		0.00,		0.04,		0.08,
357,		0.00,		0.04,		0.08,
358,		0.00,		0.04,		0.08,
359,		0.00,		0.04,		0.08,
360,		0.00,		0.04,		0.08,
361,		0.00,		0.04,		0.08,
362,		0.00,		0.04,		0.08,
363,		0.00,		0.04,		0.08,
364,		0.00,		0.04,		0.08,
365,		0.00,		0.04,		0.08,
366,		0.00,		0.04,		0.08,
367,		0.00,		0.04,		0.08,
368,		0.00,		0.04,		0.08,
369,		0.00,		0.04,		0.08,
370,		0.00,		0.04,		0.08,
371,		0.00,		0.04,		0.08,
372,		0.00,		0.04,		0.08,
373,		0.00,		0.04,		0.08,
374,		0.00,		0.04,		0.08,
375,		0.00,		0.04,		0.08,
376,		0.00,		0.04,		0.08,
377,		0.00,		0.04,		0.08,
378,		0.00,		0.04,		0.08,
379,		0.00,		0.04,		0.08,
380,		0.00,		0.04,		0.08,
381,		0.00,		0.04,		0.08,
382,		0.00,		0.04,		0.07,
383,		0.00,		0.04,		0.07,
384,		0.00,		0.04,		0.07,
385,		0.00,		0.04,		0.07,
386,		0.00,		0.04,		0.07,
387,		0.00,		0.04,		0.07,
388,		0.00,		0.03,		0.07,
389,		0.00,		0.03,		0.07,
390,		0.00,		0.03,		0.07,
391,		0.00,		0.03,		0.07,
392,		0.00,		0.03,		0.07,
393,		0.00,		0.03,		0.07,
394,		0.00,		0.03,		0.07,
395,		0.00,		0.03,		0.07,
396,		0.00,		0.03,		0.07,
397,		0.00,		0.03,		0.07,
398,		0.00,		0.03,		0.07,
399,		0.00,		0.03,		0.07,
400,		0.00,		0.03,		0.07,
401,		0.00,		0.03,		0.07,
402,		0.00,		0.03,		0.07,
403,		0.00,		0.03,		0.07,
404,		0.00,		0.03,		0.07,
405,		0.00,		0.03,		0.07,
406,		0.00,		0.03,		0.07,
407,		0.00,		0.03,		0.07,
408,		0.00,		0.03,		0.07,
409,		0.00,		0.03,		0.07,
410,		0.00,		0.03,		0.06,
411,		0.00,		0.03,		0.06,
412,		0.00,		0.03,		0.06,
413,		0.00,		0.03,		0.06,
414,		0.00,		0.03,		0.06,
415,		0.00,		0.03,		0.06,
416,		0.00,		0.03,		0.06,
417,		0.00,		0.03,		0.06,
418,		0.00,		0.03,		0.06,
419,		0.00,		0.03,		0.06,
420,		0.00,		0.03,		0.06,
421,		0.00,		0.03,		0.06,
422,		0.00,		0.03,		0.06,
423,		0.00,		0.03,		0.06,
424,		0.00,		0.03,		0.06,
425,		0.00,		0.03,		0.06,
426,		0.00,		0.03,		0.06,
427,		0.00,		0.03,		0.06,
428,		0.00,		0.03,		0.06,
429,		0.00,		0.03,		0.06,
430,		0.00,		0.03,		0.06,
431,		0.00,		0.03,		0.06,
432,		0.00,		0.03,		0.06,
433,		0.00,		0.03,		0.06,
434,		0.00,		0.03,		0.06,
435,		0.00,		0.03,		0.06,
436,		0.00,		0.03,		0.06,
437,		0.00,		0.03,		0.06,
438,		0.00,		0.03,		0.06,
439,		0.00,		0.03,		0.06,
440,		0.00,		0.03,		0.06,
441,		0.00,		0.03,		0.06,
442,		0.00,		0.03,		0.06,
443,		0.00,		0.03,		0.06,
444,		0.00,		0.03,		0.06,
445,		0.00,		0.03,		0.06,
446,		0.00,		0.03,		0.06,
447,		0.00,		0.03,		0.06,
448,		0.00,		0.03,		0.06,
449,		0.00,		0.03,		0.06,
450,		0.00,		0.03,		0.06,
451,		0.00,		0.03,		0.06,
452,		0.00,		0.03,		0.06,
453,		0.00,		0.03,		0.06,
454,		0.00,		0.03,		0.06,
455,		0.00,		0.03,		0.06,
456,		0.00,		0.03,		0.05,
457,		0.00,		0.03,		0.05,
458,		0.00,		0.03,		0.05,
459,		0.00,		0.03,		0.05,
460,		0.00,		0.03,		0.05,
461,		0.00,		0.03,		0.05,
462,		0.00,		0.03,		0.05,
463,		0.00,		0.03,		0.05,
464,		0.00,		0.03,		0.05,
465,		0.00,		0.03,		0.05,
466,		0.00,		0.03,		0.05,
467,		0.00,		0.03,		0.05,
468,		0.00,		0.03,		0.05,
469,		0.00,		0.03,		0.05,
470,		0.00,		0.03,		0.05,
471,		0.00,		0.03,		0.05,
472,		0.00,		0.03,		0.05,
473,		0.00,		0.03,		0.05,
474,		0.00,		0.03,		0.05,
475,		0.00,		0.03,		0.05,
476,		0.00,		0.03,		0.05,
477,		0.00,		0.03,		0.05,
478,		0.00,		0.03,		0.05,
479,		0.00,		0.02,		0.05,
480,		0.00,		0.02,		0.05,
481,		0.00,		0.02,		0.05,
482,		0.00,		0.02,		0.05,
483,		0.00,		0.02,		0.05,
484,		0.00,		0.02,		0.05,
485,		0.00,		0.02,		0.05,
486,		0.00,		0.02,		0.05,
487,		0.00,		0.02,		0.05,
488,		0.00,		0.02,		0.05,
489,		0.00,		0.02,		0.05,
490,		0.00,		0.02,		0.05,
491,		0.00,		0.02,		0.05,
492,		0.00,		0.02,		0.05,
493,		0.00,		0.02,		0.05,
494,		0.00,		0.02,		0.05,
495,		0.00,		0.02,		0.05,
496,		0.00,		0.02,		0.05,
497,		0.00,		0.02,		0.05,
498,		0.00,		0.02,		0.05,
499,		0.00,		0.02,		0.05,
500,		0.00,		0.02,		0.05,
501,		0.00,		0.02,		0.05,
502,		0.00,		0.02,		0.05,
503,		0.00,		0.02,		0.05,
504,		0.00,		0.02,		0.05,
505,		0.00,		0.02,		0.05,
506,		0.00,		0.02,		0.05,
507,		0.00,		0.02,		0.05,
508,		0.00,		0.02,		0.05,
509,		0.00,		0.02,		0.05,
510,		0.00,		0.02,		0.05,
511,		0.00,		0.02,		0.05,
512,		0.00,		0.02,		0.05,
513,		0.00,		0.02,		0.05,
514,		0.00,		0.02,		0.05,
515,		0.00,		0.02,		0.05,
516,		0.00,		0.02,		0.05,
517,		0.00,		0.02,		0.05,
518,		0.00,		0.02,		0.05,
519,		0.00,		0.02,		0.04,
520,		0.00,		0.02,		0.04,
521,		0.00,		0.02,		0.04,
522,		0.00,		0.02,		0.04,
523,		0.00,		0.02,		0.04,
524,		0.00,		0.02,		0.04,
525,		0.00,		0.02,		0.04,
526,		0.00,		0.02,		0.04,
527,		0.00,		0.02,		0.04,
528,		0.00,		0.02,		0.04,
529,		0.00,		0.02,		0.04,
530,		0.00,		0.02,		0.04,
531,		0.00,		0.02,		0.04,
532,		0.00,		0.02,		0.04,
533,		0.00,		0.02,		0.04,
534,		0.00,		0.02,		0.04,
535,		0.00,		0.02,		0.04,
536,		0.00,		0.02,		0.04,
537,		0.00,		0.02,		0.04,
538,		0.00,		0.02,		0.04,
539,		0.00,		0.02,		0.04,
540,		0.00,		0.02,		0.04,
541,		0.00,		0.02,		0.04,
542,		0.00,		0.02,		0.04,
543,		0.00,		0.02,		0.04,
544,		0.00,		0.02,		0.04,
545,		0.00,		0.02,		0.04,
546,		0.00,		0.02,		0.04,
547,		0.00,		0.02,		0.04,
548,		0.00,		0.02,		0.04,
549,		0.00,		0.02,		0.04,
550,		0.00,		0.02,		0.04,
551,		0.00,		0.02,		0.04,
552,		0.00,		0.02,		0.04,
553,		0.00,		0.02,		0.04,
554,		0.00,		0.02,		0.04,
555,		0.00,		0.02,		0.04,
556,		0.00,		0.02,		0.04,
557,		0.00,		0.02,		0.04,
558,		0.00,		0.02,		0.04,
559,		0.00,		0.02,		0.04,
560,		0.00,		0.02,		0.04,
561,		0.00,		0.02,		0.04,
562,		0.00,		0.02,		0.04,
563,		0.00,		0.02,		0.04,
564,		0.00,		0.02,		0.04,
565,		0.00,		0.02,		0.04,
566,		0.00,		0.02,		0.04,
567,		0.00,		0.02,		0.04,
568,		0.00,		0.02,		0.04,
569,		0.00,		0.02,		0.04,
570,		0.00,		0.02,		0.04,
571,		0.00,		0.02,		0.04,
572,		0.00,		0.02,		0.04,
573,		0.00,		0.02,		0.04,
574,		0.00,		0.02,		0.04,
575,		0.00,		0.02,		0.04,
576,		0.00,		0.02,		0.04,
577,		0.00,		0.02,		0.04,
578,		0.00,		0.02,		0.04,
579,		0.00,		0.02,		0.04,
580,		0.00,		0.02,		0.04,
581,		0.00,		0.02,		0.04,
582,		0.00,		0.02,		0.04,
583,		0.00,		0.02,		0.04,
584,		0.00,		0.02,		0.04,
585,		0.00,		0.02,		0.04,
586,		0.00,		0.02,		0.04,
587,		0.00,		0.02,		0.04,
588,		0.00,		0.02,		0.04,
589,		0.00,		0.02,		0.04,
590,		0.00,		0.02,		0.04,
591,		0.00,		0.02,		0.04,
592,		0.00,		0.02,		0.04,
593,		0.00,		0.02,		0.04,
594,		0.00,		0.02,		0.04,
595,		0.00,		0.02,		0.04,
596,		0.00,		0.02,		0.04,
597,		0.00,		0.02,		0.04,
598,		0.00,		0.02,		0.04,
599,		0.00,		0.02,		0.04,
600,		0.00,		0.02,		0.04,
601,		0.00,		0.02,		0.04,
602,		0.00,		0.02,		0.04,
603,		0.00,		0.02,		0.04,
604,		0.00,		0.02,		0.04,
605,		0.00,		0.02,		0.04,
606,		0.00,		0.02,		0.04,
607,		0.00,		0.02,		0.04,
608,		0.00,		0.02,		0.04,
609,		0.00,		0.02,		0.04,
610,		0.00,		0.02,		0.04,
611,		0.00,		0.02,		0.03,
612,		0.00,		0.02,		0.03,
613,		0.00,		0.02,		0.03,
614,		0.00,		0.02,		0.03,
615,		0.00,		0.02,		0.03,
616,		0.00,		0.02,		0.03,
617,		0.00,		0.02,		0.03,
618,		0.00,		0.02,		0.03,
619,		0.00,		0.02,		0.03,
620,		0.00,		0.02,		0.03,
621,		0.00,		0.02,		0.03,
622,		0.00,		0.02,		0.03,
623,		0.00,		0.02,		0.03,
624,		0.00,		0.02,		0.03,
625,		0.00,		0.02,		0.03,
626,		0.00,		0.02,		0.03,
627,		0.00,		0.02,		0.03,
628,		0.00,		0.02,		0.03,
629,		0.00,		0.02,		0.03,
630,		0.00,		0.02,		0.03,
631,		0.00,		0.02,		0.03,
632,		0.00,		0.02,		0.03,
633,		0.00,		0.02,		0.03,
634,		0.00,		0.02,		0.03,
635,		0.00,		0.02,		0.03,
636,		0.00,		0.02,		0.03,
637,		0.00,		0.02,		0.03,
638,		0.00,		0.02,		0.03,
639,		0.00,		0.02,		0.03,
640,		0.00,		0.02,		0.03,
641,		0.00,		0.02,		0.03,
642,		0.00,		0.02,		0.03,
643,		0.00,		0.02,		0.03,
644,		0.00,		0.02,		0.03,
645,		0.00,		0.02,		0.03,
646,		0.00,		0.02,		0.03,
647,		0.00,		0.02,		0.03,
648,		0.00,		0.02,		0.03,
649,		0.00,		0.02,		0.03,
650,		0.00,		0.02,		0.03,
651,		0.00,		0.02,		0.03,
652,		0.00,		0.02,		0.03,
653,		0.00,		0.02,		0.03,
654,		0.00,		0.02,		0.03,
655,		0.00,		0.02,		0.03,
656,		0.00,		0.02,		0.03,
657,		0.00,		0.02,		0.03,
658,		0.00,		0.02,		0.03,
659,		0.00,		0.02,		0.03,
660,		0.00,		0.02,		0.03,
661,		0.00,		0.02,		0.03,
662,		0.00,		0.02,		0.03,
663,		0.00,		0.02,		0.03,
664,		0.00,		0.02,		0.03,
665,		0.00,		0.02,		0.03,
666,		0.00,		0.02,		0.03,
667,		0.00,		0.02,		0.03,
668,		0.00,		0.02,		0.03,
669,		0.00,		0.02,		0.03,
670,		0.00,		0.02,		0.03,
671,		0.00,		0.02,		0.03,
672,		0.00,		0.02,		0.03,
673,		0.00,		0.02,		0.03,
674,		0.00,		0.02,		0.03,
675,		0.00,		0.02,		0.03,
676,		0.00,		0.02,		0.03,
677,		0.00,		0.02,		0.03,
678,		0.00,		0.02,		0.03,
679,		0.00,		0.02,		0.03,
680,		0.00,		0.02,		0.03,
681,		0.00,		0.02,		0.03,
682,		0.00,		0.02,		0.03,
683,		0.00,		0.02,		0.03,
684,		0.00,		0.02,		0.03,
685,		0.00,		0.02,		0.03,
686,		0.00,		0.02,		0.03,
687,		0.00,		0.02,		0.03,
688,		0.00,		0.02,		0.03,
689,		0.00,		0.02,		0.03,
690,		0.00,		0.02,		0.03,
691,		0.00,		0.01,		0.03,
692,		0.00,		0.01,		0.03,
693,		0.00,		0.01,		0.03,
694,		0.00,		0.01,		0.03,
695,		0.00,		0.01,		0.03,
696,		0.00,		0.01,		0.03,
697,		0.00,		0.01,		0.03,
698,		0.00,		0.01,		0.03,
699,		0.00,		0.01,		0.03,
700,		0.00,		0.01,		0.03,
701,		0.00,		0.01,		0.03,
702,		0.00,		0.01,		0.03,
703,		0.00,		0.01,		0.03,
704,		0.00,		0.01,		0.03,
705,		0.00,		0.01,		0.03,
706,		0.00,		0.01,		0.03,
707,		0.00,		0.01,		0.03,
708,		0.00,		0.01,		0.03,
709,		0.00,		0.01,		0.03,
710,		0.00,		0.01,		0.03,
711,		0.00,		0.01,		0.03,
712,		0.00,		0.01,		0.03,
713,		0.00,		0.01,		0.03,
714,		0.00,		0.01,		0.03,
715,		0.00,		0.01,		0.03,
716,		0.00,		0.01,		0.03,
717,		0.00,		0.01,		0.03,
718,		0.00,		0.01,		0.03,
719,		0.00,		0.01,		0.03,
720,		0.00,		0.01,		0.03,
721,		0.00,		0.01,		0.03,
722,		0.00,		0.01,		0.03,
723,		0.00,		0.01,		0.03,
724,		0.00,		0.01,		0.03,
725,		0.00,		0.01,		0.03,
726,		0.00,		0.01,		0.03,
727,		0.00,		0.01,		0.03,
728,		0.00,		0.01,		0.03,
729,		0.00,		0.01,		0.03,
730,		0.00,		0.01,		0.03,
731,		0.00,		0.01,		0.03,
732,		0.00,		0.01,		0.03,
733,		0.00,		0.01,		0.03,
734,		0.00,		0.01,		0.03,
735,		0.00,		0.01,		0.03,
736,		0.00,		0.01,		0.03,
737,		0.00,		0.01,		0.03,
738,		0.00,		0.01,		0.03,
739,		0.00,		0.01,		0.03,
740,		0.00,		0.01,		0.03,
741,		0.00,		0.01,		0.03,
742,		0.00,		0.01,		0.03,
743,		0.00,		0.01,		0.03,
744,		0.00,		0.01,		0.03,
745,		0.00,		0.01,		0.03,
746,		0.00,		0.01,		0.03,
747,		0.00,		0.01,		0.03,
748,		0.00,		0.01,		0.03,
749,		0.00,		0.01,		0.03,
750,		0.00,		0.01,		0.03,
751,		0.00,		0.01,		0.03,
752,		0.00,		0.01,		0.03,
753,		0.00,		0.01,		0.03,
754,		0.00,		0.01,		0.03,
755,		0.00,		0.01,		0.03,
756,		0.00,		0.01,		0.03,
757,		0.00,		0.01,		0.03,
758,		0.00,		0.01,		0.03,
759,		0.00,		0.01,		0.03,
760,		0.00,		0.01,		0.03,
761,		0.00,		0.01,		0.03,
762,		0.00,		0.01,		0.03,
763,		0.00,		0.01,		0.03,
764,		0.00,		0.01,		0.03,
765,		0.00,		0.01,		0.03,
766,		0.00,		0.01,		0.03,
767,		0.00,		0.01,		0.03,
768,		0.00,		0.01,		0.03,
769,		0.00,		0.01,		0.03,
770,		0.00,		0.01,		0.03,
771,		0.00,		0.01,		0.03,
772,		0.00,		0.01,		0.03,
773,		0.00,		0.01,		0.03,
774,		0.00,		0.01,		0.03,
775,		0.00,		0.01,		0.03,
776,		0.00,		0.01,		0.03,
777,		0.00,		0.01,		0.03,
778,		0.00,		0.01,		0.03,
779,		0.00,		0.01,		0.03,
780,		0.00,		0.01,		0.03,
781,		0.00,		0.01,		0.03,
782,		0.00,		0.01,		0.03,
783,		0.00,		0.01,		0.03,
784,		0.00,		0.01,		0.03,
785,		0.00,		0.01,		0.03,
786,		0.00,		0.01,		0.03,
787,		0.00,		0.01,		0.03,
788,		0.00,		0.01,		0.03,
789,		0.00,		0.01,		0.03,
790,		0.00,		0.01,		0.03,
791,		0.00,		0.01,		0.03,
792,		0.00,		0.01,		0.03,
793,		0.00,		0.01,		0.03,
794,		0.00,		0.01,		0.03,
795,		0.00,		0.01,		0.03,
796,		0.00,		0.01,		0.03,
797,		0.00,		0.01,		0.03,
798,		0.00,		0.01,		0.03,
799,		0.00,		0.01,		0.03,
800,		0.00,		0.01,		0.03,
801,		0.00,		0.01,		0.03,
802,		0.00,		0.01,		0.03,
803,		0.00,		0.01,		0.03,
804,		0.00,		0.01,		0.03,
805,		0.00,		0.01,		0.03,
806,		0.00,		0.01,		0.03,
807,		0.00,		0.01,		0.02,
808,		0.00,		0.01,		0.02,
809,		0.00,		0.01,		0.02,
810,		0.00,		0.01,		0.02,
811,		0.00,		0.01,		0.02,
812,		0.00,		0.01,		0.02,
813,		0.00,		0.01,		0.02,
814,		0.00,		0.01,		0.02,
815,		0.00,		0.01,		0.02,
816,		0.00,		0.01,		0.02,
817,		0.00,		0.01,		0.02,
818,		0.00,		0.01,		0.02,
819,		0.00,		0.01,		0.02,
820,		0.00,		0.01,		0.02,
821,		0.00,		0.01,		0.02,
822,		0.00,		0.01,		0.02,
823,		0.00,		0.01,		0.02,
824,		0.00,		0.01,		0.02,
825,		0.00,		0.01,		0.02,
826,		0.00,		0.01,		0.02,
827,		0.00,		0.01,		0.02,
828,		0.00,		0.01,		0.02,
829,		0.00,		0.01,		0.02,
830,		0.00,		0.01,		0.02,
831,		0.00,		0.01,		0.02,
832,		0.00,		0.01,		0.02,
833,		0.00,		0.01,		0.02,
834,		0.00,		0.01,		0.02,
835,		0.00,		0.01,		0.02,
836,		0.00,		0.01,		0.02,
837,		0.00,		0.01,		0.02,
838,		0.00,		0.01,		0.02,
839,		0.00,		0.01,		0.02,
840,		0.00,		0.01,		0.02,
841,		0.00,		0.01,		0.02,
842,		0.00,		0.01,		0.02,
843,		0.00,		0.01,		0.02,
844,		0.00,		0.01,		0.02,
845,		0.00,		0.01,		0.02,
846,		0.00,		0.01,		0.02,
847,		0.00,		0.01,		0.02,
848,		0.00,		0.01,		0.02,
849,		0.00,		0.01,		0.02,
850,		0.00,		0.01,		0.02,
851,		0.00,		0.01,		0.02,
852,		0.00,		0.01,		0.02,
853,		0.00,		0.01,		0.02,
854,		0.00,		0.01,		0.02,
855,		0.00,		0.01,		0.02,
856,		0.00,		0.01,		0.02,
857,		0.00,		0.01,		0.02,
858,		0.00,		0.01,		0.02,
859,		0.00,		0.01,		0.02,
860,		0.00,		0.01,		0.02,
861,		0.00,		0.01,		0.02,
862,		0.00,		0.01,		0.02,
863,		0.00,		0.01,		0.02,
864,		0.00,		0.01,		0.02,
865,		0.00,		0.01,		0.02,
866,		0.00,		0.01,		0.02,
867,		0.00,		0.01,		0.02,
868,		0.00,		0.01,		0.02,
869,		0.00,		0.01,		0.02,
870,		0.00,		0.01,		0.02,
871,		0.00,		0.01,		0.02,
872,		0.00,		0.01,		0.02,
873,		0.00,		0.01,		0.02,
874,		0.00,		0.01,		0.02,
875,		0.00,		0.01,		0.02,
876,		0.00,		0.01,		0.02,
877,		0.00,		0.01,		0.02,
878,		0.00,		0.01,		0.02,
879,		0.00,		0.01,		0.02,
880,		0.00,		0.01,		0.02,
881,		0.00,		0.01,		0.02,
882,		0.00,		0.01,		0.02,
883,		0.00,		0.01,		0.02,
884,		0.00,		0.01,		0.02,
885,		0.00,		0.01,		0.02,
886,		0.00,		0.01,		0.02,
887,		0.00,		0.01,		0.02,
888,		0.00,		0.01,		0.02,
889,		0.00,		0.01,		0.02,
890,		0.00,		0.01,		0.02,
891,		0.00,		0.01,		0.02,
892,		0.00,		0.01,		0.02,
893,		0.00,		0.01,		0.02,
894,		0.00,		0.01,		0.02,
895,		0.00,		0.01,		0.02,
896,		0.00,		0.01,		0.02,
897,		0.00,		0.01,		0.02,
898,		0.00,		0.01,		0.02,
899,		0.00,		0.01,		0.02,
900,		0.00,		0.01,		0.02,
901,		0.00,		0.01,		0.02,
902,		0.00,		0.01,		0.02,
903,		0.00,		0.01,		0.02,
904,		0.00,		0.01,		0.02,
905,		0.00,		0.01,		0.02,
906,		0.00,		0.01,		0.02,
907,		0.00,		0.01,		0.02,
908,		0.00,		0.01,		0.02,
909,		0.00,		0.01,		0.02,
910,		0.00,		0.01,		0.02,
911,		0.00,		0.01,		0.02,
912,		0.00,		0.01,		0.02,
913,		0.00,		0.01,		0.02,
914,		0.00,		0.01,		0.02,
915,		0.00,		0.01,		0.02,
916,		0.00,		0.01,		0.02,
917,		0.00,		0.01,		0.02,
918,		0.00,		0.01,		0.02,
919,		0.00,		0.01,		0.02,
920,		0.00,		0.01,		0.02,
921,		0.00,		0.01,		0.02,
922,		0.00,		0.01,		0.02,
923,		0.00,		0.01,		0.02,
924,		0.00,		0.01,		0.02,
925,		0.00,		0.01,		0.02,
926,		0.00,		0.01,		0.02,
927,		0.00,		0.01,		0.02,
928,		0.00,		0.01,		0.02,
929,		0.00,		0.01,		0.02,
930,		0.00,		0.01,		0.02,
931,		0.00,		0.01,		0.02,
932,		0.00,		0.01,		0.02,
933,		0.00,		0.01,		0.02,
934,		0.00,		0.01,		0.02,
935,		0.00,		0.01,		0.02,
936,		0.00,		0.01,		0.02,
937,		0.00,		0.01,		0.02,
938,		0.00,		0.01,		0.02,
939,		0.00,		0.01,		0.02,
940,		0.00,		0.01,		0.02,
941,		0.00,		0.01,		0.02,
942,		0.00,		0.01,		0.02,
943,		0.00,		0.01,		0.02,
944,		0.00,		0.01,		0.02,
945,		0.00,		0.01,		0.02,
946,		0.00,		0.01,		0.02,
947,		0.00,		0.01,		0.02,
948,		0.00,		0.01,		0.02,
949,		0.00,		0.01,		0.02,
950,		0.00,		0.01,		0.02,
951,		0.00,		0.01,		0.02,
952,		0.00,		0.01,		0.02,
953,		0.00,		0.01,		0.02,
954,		0.00,		0.01,		0.02,
955,		0.00,		0.01,		0.02,
956,		0.00,		0.01,		0.02,
957,		0.00,		0.01,		0.02,
958,		0.00,		0.01,		0.02,
959,		0.00,		0.01,		0.02,
960,		0.00,		0.01,		0.02,
961,		0.00,		0.01,		0.02,
962,		0.00,		0.01,		0.02,
963,		0.00,		0.01,		0.02,
964,		0.00,		0.01,		0.02,
965,		0.00,		0.01,		0.02,
966,		0.00,		0.01,		0.02,
967,		0.00,		0.01,		0.02,
968,		0.00,		0.01,		0.02,
969,		0.00,		0.01,		0.02,
970,		0.00,		0.01,		0.02,
971,		0.00,		0.01,		0.02,
972,		0.00,		0.01,		0.02,
973,		0.00,		0.01,		0.02,
974,		0.00,		0.01,		0.02,
975,		0.00,		0.01,		0.02,
976,		0.00,		0.01,		0.02,
977,		0.00,		0.01,		0.02,
978,		0.00,		0.01,		0.02,
979,		0.00,		0.01,		0.02,
980,		0.00,		0.01,		0.02,
981,		0.00,		0.01,		0.02,
982,		0.00,		0.01,		0.02,
983,		0.00,		0.01,		0.02,
984,		0.00,		0.01,		0.02,
985,		0.00,		0.01,		0.02,
986,		0.00,		0.01,		0.02,
987,		0.00,		0.01,		0.02,
988,		0.00,		0.01,		0.02,
989,		0.00,		0.01,		0.02,
990,		0.00,		0.01,		0.02,
991,		0.00,		0.01,		0.02,
992,		0.00,		0.01,		0.02,
993,		0.00,		0.01,		0.02,
994,		0.00,		0.01,		0.02,
995,		0.00,		0.01,		0.02,
996,		0.00,		0.01,		0.02,
997,		0.00,		0.01,		0.02,
998,		0.00,		0.01,		0.02,
999,		0.00,		0.01,		0.02,
