RANDOM_SEED, 1698994839
GEN,		MIN,				AVE,				MAX,			CONV,					CONV_ACT,
  0,		765.86271,		1047.31497,		1228.47673,				1.17298,				0.94498
  1,		1039.28842,		1088.55705,		1228.47673,				1.12854,				0.94498
  2,		1112.29160,		1177.70904,		1262.09840,				1.07166,				0.97084
  3,		1159.75109,		1217.19279,		1275.73678,				1.04810,				0.98134
  4,		1230.23617,		1242.19327,		1275.73678,				1.02700,				0.98134
  5,		1240.00500,		1253.71306,		1281.48703,				1.02215,				0.98576
  6,		1257.29915,		1268.57302,		1283.00314,				1.01138,				0.98693
  7,		1271.90784,		1276.39595,		1284.16671,				1.00609,				0.98782
  8,		1275.64991,		1278.35516,		1284.82905,				1.00506,				0.98833
  9,		1277.45481,		1280.00938,		1288.27958,				1.00646,				0.99098
 10,		1278.80017,		1280.99131,		1288.27958,				1.00569,				0.99098
 11,		1279.22881,		1281.30077,		1288.27958,				1.00545,				0.99098
 12,		1279.93171,		1281.99333,		1288.51050,				1.00508,				0.99116
 13,		1280.46313,		1282.41770,		1288.51050,				1.00475,				0.99116
 14,		1281.09860,		1282.81127,		1288.51050,				1.00444,				0.99116
 15,		1281.44942,		1283.12319,		1288.64986,				1.00431,				0.99127
 16,		1281.70233,		1283.37894,		1288.64986,				1.00411,				0.99127
 17,		1281.95667,		1283.65933,		1289.20468,				1.00432,				0.99170
 18,		1282.25876,		1284.01388,		1291.12531,				1.00554,				0.99317
 19,		1282.60014,		1284.24664,		1291.12531,				1.00536,				0.99317
 20,		1283.00222,		1284.70502,		1291.12531,				1.00500,				0.99317
 21,		1283.41182,		1285.07208,		1291.12531,				1.00471,				0.99317
 22,		1283.76406,		1285.37927,		1291.37173,				1.00466,				0.99336
 23,		1284.08058,		1285.68514,		1291.37173,				1.00442,				0.99336
 24,		1284.31994,		1285.93424,		1293.40619,				1.00581,				0.99493
 25,		1284.46100,		1286.04746,		1293.40619,				1.00572,				0.99493
 26,		1284.58514,		1286.17979,		1293.40619,				1.00562,				0.99493
 27,		1284.70069,		1286.29797,		1293.40619,				1.00553,				0.99493
 28,		1284.84547,		1286.42720,		1293.40619,				1.00543,				0.99493
 29,		1284.94719,		1286.54732,		1293.40619,				1.00533,				0.99493
 30,		1285.11445,		1286.70341,		1293.40619,				1.00521,				0.99493
 31,		1285.22996,		1286.83548,		1293.40619,				1.00511,				0.99493
 32,		1285.38898,		1286.94752,		1293.40619,				1.00502,				0.99493
 33,		1285.50500,		1287.03605,		1293.40619,				1.00495,				0.99493
 34,		1285.57590,		1287.15555,		1293.40619,				1.00486,				0.99493
 35,		1285.68396,		1287.22940,		1293.40619,				1.00480,				0.99493
 36,		1285.78377,		1287.33302,		1294.12291,				1.00527,				0.99548
 37,		1286.07989,		1287.65880,		1295.21433,				1.00587,				0.99632
 38,		1286.42289,		1288.04145,		1295.21433,				1.00557,				0.99632
 39,		1286.54595,		1288.18165,		1295.21433,				1.00546,				0.99632
 40,		1286.93502,		1288.52310,		1295.21433,				1.00519,				0.99632
 41,		1287.27996,		1288.89077,		1295.21433,				1.00491,				0.99632
 42,		1287.62709,		1289.23893,		1295.21433,				1.00463,				0.99632
 43,		1288.03744,		1289.56176,		1295.21433,				1.00438,				0.99632
 44,		1288.24027,		1289.78655,		1295.21433,				1.00421,				0.99632
 45,		1288.43925,		1290.06901,		1298.30157,				1.00638,				0.99869
 46,		1288.65730,		1290.30180,		1298.30157,				1.00620,				0.99869
 47,		1288.92307,		1290.57372,		1298.30157,				1.00599,				0.99869
 48,		1289.12907,		1290.77474,		1298.30157,				1.00583,				0.99869
 49,		1289.30981,		1290.93235,		1298.30157,				1.00571,				0.99869
 50,		1289.46074,		1291.06535,		1298.30157,				1.00560,				0.99869
 51,		1289.64662,		1291.23583,		1298.30157,				1.00547,				0.99869
 52,		1289.83195,		1291.38530,		1298.30157,				1.00536,				0.99869
 53,		1290.00108,		1291.54489,		1298.30157,				1.00523,				0.99869
 54,		1290.15334,		1291.67094,		1298.30157,				1.00513,				0.99869
 55,		1290.28561,		1291.81342,		1298.30157,				1.00502,				0.99869
 56,		1290.43377,		1291.94976,		1298.84170,				1.00533,				0.99911
 57,		1290.58448,		1292.08682,		1298.84170,				1.00523,				0.99911
 58,		1290.77408,		1292.22508,		1298.84170,				1.00512,				0.99911
 59,		1290.92143,		1292.39652,		1298.84170,				1.00499,				0.99911
 60,		1291.01474,		1292.48723,		1298.84170,				1.00492,				0.99911
 61,		1291.10714,		1292.59681,		1298.84170,				1.00483,				0.99911
 62,		1291.24100,		1292.73947,		1299.73053,				1.00541,				0.99979
 63,		1291.37735,		1292.89155,		1299.73053,				1.00529,				0.99979
 64,		1291.45268,		1292.94174,		1299.73053,				1.00525,				0.99979
 65,		1291.52639,		1293.06234,		1299.73053,				1.00516,				0.99979
 66,		1291.64608,		1293.19180,		1299.73053,				1.00506,				0.99979
 67,		1291.73932,		1293.29236,		1299.73053,				1.00498,				0.99979
 68,		1291.86748,		1293.40471,		1299.73053,				1.00489,				0.99979
 69,		1291.97008,		1293.49836,		1299.73053,				1.00482,				0.99979
 70,		1292.08873,		1293.58113,		1299.73053,				1.00475,				0.99979
 71,		1292.19115,		1293.66913,		1299.73053,				1.00469,				0.99979
 72,		1292.29684,		1293.74891,		1299.73053,				1.00462,				0.99979
 73,		1292.37758,		1293.81716,		1299.73053,				1.00457,				0.99979
 74,		1292.46773,		1293.90163,		1299.73053,				1.00450,				0.99979
 75,		1292.54772,		1294.01227,		1299.73053,				1.00442,				0.99979
 76,		1292.61036,		1294.07207,		1299.73053,				1.00437,				0.99979
 77,		1292.70617,		1294.15267,		1299.73053,				1.00431,				0.99979
 78,		1292.79057,		1294.20301,		1299.73053,				1.00427,				0.99979
 79,		1292.83917,		1294.24698,		1299.73053,				1.00424,				0.99979
 80,		1292.93571,		1294.33616,		1299.73053,				1.00417,				0.99979
 81,		1293.01572,		1294.41591,		1299.73053,				1.00411,				0.99979
 82,		1293.08058,		1294.48903,		1299.73053,				1.00405,				0.99979
 83,		1293.13283,		1294.52087,		1299.73053,				1.00402,				0.99979
 84,		1293.18740,		1294.59239,		1299.73053,				1.00397,				0.99979
 85,		1293.25913,		1294.67072,		1299.82272,				1.00398,				0.99986
 86,		1293.32776,		1294.72200,		1299.82272,				1.00394,				0.99986
 87,		1293.40072,		1294.79296,		1299.82272,				1.00388,				0.99986
 88,		1293.45393,		1294.85016,		1299.82272,				1.00384,				0.99986
 89,		1293.52877,		1294.88760,		1299.82272,				1.00381,				0.99986
 90,		1293.61295,		1294.92469,		1299.82272,				1.00378,				0.99986
 91,		1293.66782,		1294.98009,		1299.82272,				1.00374,				0.99986
 92,		1293.70084,		1295.00714,		1299.82272,				1.00372,				0.99986
 93,		1293.72390,		1295.04480,		1299.82272,				1.00369,				0.99986
 94,		1293.75702,		1295.11568,		1299.82272,				1.00363,				0.99986
 95,		1293.80591,		1295.15780,		1299.82272,				1.00360,				0.99986
 96,		1293.84176,		1295.19234,		1299.82272,				1.00358,				0.99986
 97,		1293.85916,		1295.21416,		1299.82272,				1.00356,				0.99986
 98,		1293.87825,		1295.23723,		1299.82272,				1.00354,				0.99986
 99,		1293.93832,		1295.29306,		1299.82272,				1.00350,				0.99986
100,		1293.96769,		1295.33879,		1299.82272,				1.00346,				0.99986
101,		1294.00600,		1295.37752,		1299.82272,				1.00343,				0.99986
102,		1294.03137,		1295.41642,		1299.82272,				1.00340,				0.99986
103,		1294.05555,		1295.44591,		1299.82272,				1.00338,				0.99986
104,		1294.06585,		1295.47303,		1299.82272,				1.00336,				0.99986
105,		1294.10189,		1295.49230,		1299.82272,				1.00334,				0.99986
106,		1294.13084,		1295.51461,		1299.82272,				1.00333,				0.99986
107,		1294.18004,		1295.54529,		1299.82272,				1.00330,				0.99986
108,		1294.20196,		1295.57636,		1299.82272,				1.00328,				0.99986
109,		1294.23128,		1295.61492,		1299.82272,				1.00325,				0.99986
110,		1294.25204,		1295.63331,		1299.82272,				1.00323,				0.99986
111,		1294.29670,		1295.65969,		1299.82272,				1.00321,				0.99986
112,		1294.33416,		1295.68972,		1299.82272,				1.00319,				0.99986
113,		1294.36199,		1295.70835,		1299.82272,				1.00318,				0.99986
114,		1294.39559,		1295.72771,		1299.82272,				1.00316,				0.99986
115,		1294.43950,		1295.75172,		1299.82272,				1.00314,				0.99986
116,		1294.46999,		1295.76435,		1299.82272,				1.00313,				0.99986
117,		1294.49719,		1295.79456,		1299.82272,				1.00311,				0.99986
118,		1294.52521,		1295.80602,		1299.82272,				1.00310,				0.99986
119,		1294.56520,		1295.84511,		1299.82272,				1.00307,				0.99986
120,		1294.58617,		1295.86294,		1299.82272,				1.00306,				0.99986
121,		1294.62769,		1295.88675,		1299.82272,				1.00304,				0.99986
122,		1294.66022,		1295.91638,		1299.82272,				1.00301,				0.99986
123,		1294.68766,		1295.93933,		1299.82272,				1.00300,				0.99986
124,		1294.72268,		1295.97302,		1299.82272,				1.00297,				0.99986
125,		1294.75562,		1295.98781,		1299.82272,				1.00296,				0.99986
126,		1294.77271,		1296.00293,		1299.82272,				1.00295,				0.99986
127,		1294.79041,		1296.01109,		1299.82272,				1.00294,				0.99986
128,		1294.82459,		1296.04078,		1299.82272,				1.00292,				0.99986
129,		1294.84075,		1296.05173,		1299.82272,				1.00291,				0.99986
130,		1294.86099,		1296.06517,		1299.82272,				1.00290,				0.99986
131,		1294.88235,		1296.08157,		1299.82272,				1.00289,				0.99986
132,		1294.92361,		1296.12624,		1299.82272,				1.00285,				0.99986
133,		1294.95524,		1296.16993,		1299.82272,				1.00282,				0.99986
134,		1294.96070,		1296.17612,		1299.82272,				1.00281,				0.99986
135,		1294.96591,		1296.18718,		1299.82272,				1.00280,				0.99986
136,		1294.98018,		1296.19550,		1299.82272,				1.00280,				0.99986
137,		1294.99010,		1296.20354,		1299.82272,				1.00279,				0.99986
138,		1295.00377,		1296.21776,		1299.82272,				1.00278,				0.99986
139,		1295.01189,		1296.22972,		1299.82272,				1.00277,				0.99986
140,		1295.02567,		1296.25288,		1299.82272,				1.00275,				0.99986
141,		1295.03424,		1296.25650,		1299.82272,				1.00275,				0.99986
142,		1295.04759,		1296.27820,		1299.82272,				1.00273,				0.99986
143,		1295.05912,		1296.29223,		1299.82272,				1.00272,				0.99986
144,		1295.08337,		1296.30636,		1299.82272,				1.00271,				0.99986
145,		1295.10828,		1296.33867,		1299.82272,				1.00269,				0.99986
146,		1295.13014,		1296.35663,		1299.82272,				1.00267,				0.99986
147,		1295.16698,		1296.37502,		1299.82272,				1.00266,				0.99986
148,		1295.17399,		1296.38586,		1299.82272,				1.00265,				0.99986
149,		1295.17644,		1296.39532,		1299.82272,				1.00264,				0.99986
150,		1295.17994,		1296.39986,		1299.82272,				1.00264,				0.99986
151,		1295.20375,		1296.41109,		1299.82272,				1.00263,				0.99986
152,		1295.21433,		1296.41813,		1299.82272,				1.00263,				0.99986
153,		1295.22942,		1296.44946,		1299.82272,				1.00260,				0.99986
154,		1295.25616,		1296.47223,		1299.82272,				1.00258,				0.99986
155,		1295.27017,		1296.49535,		1299.82272,				1.00257,				0.99986
156,		1295.28976,		1296.51300,		1299.82272,				1.00255,				0.99986
157,		1295.30902,		1296.53054,		1299.82272,				1.00254,				0.99986
158,		1295.32092,		1296.54005,		1299.82272,				1.00253,				0.99986
159,		1295.32919,		1296.54482,		1299.82272,				1.00253,				0.99986
160,		1295.36044,		1296.56363,		1299.99798,				1.00265,				1.00000
161,		1295.41192,		1296.61598,		1299.99798,				1.00261,				1.00000
162,		1295.43448,		1296.65241,		1299.99798,				1.00258,				1.00000
163,		1295.45823,		1296.66516,		1299.99798,				1.00257,				1.00000
164,		1295.47705,		1296.67965,		1299.99798,				1.00256,				1.00000
165,		1295.49664,		1296.69662,		1299.99798,				1.00255,				1.00000
166,		1295.53677,		1296.73933,		1299.99798,				1.00251,				1.00000
167,		1295.58495,		1296.77954,		1299.99798,				1.00248,				1.00000
168,		1295.61851,		1296.81346,		1299.99798,				1.00246,				1.00000
169,		1295.65309,		1296.84357,		1299.99798,				1.00243,				1.00000
170,		1295.70319,		1296.88633,		1299.99798,				1.00240,				1.00000
171,		1295.75668,		1296.92062,		1299.99798,				1.00237,				1.00000
172,		1295.80911,		1296.94271,		1299.99798,				1.00236,				1.00000
173,		1295.83810,		1296.97195,		1299.99798,				1.00233,				1.00000
174,		1295.87275,		1296.99471,		1299.99798,				1.00232,				1.00000
175,		1295.88887,		1297.02113,		1299.99798,				1.00230,				1.00000
176,		1295.95004,		1297.08516,		1299.99798,				1.00225,				1.00000
177,		1295.97762,		1297.11767,		1299.99798,				1.00222,				1.00000
178,		1296.01407,		1297.13577,		1299.99798,				1.00221,				1.00000
179,		1296.03862,		1297.16996,		1299.99798,				1.00218,				1.00000
180,		1296.04740,		1297.17486,		1299.99798,				1.00218,				1.00000
181,		1296.06968,		1297.20083,		1299.99798,				1.00216,				1.00000
182,		1296.08032,		1297.20399,		1299.99798,				1.00215,				1.00000
183,		1296.11050,		1297.22751,		1299.99798,				1.00214,				1.00000
184,		1296.14156,		1297.26734,		1299.99798,				1.00210,				1.00000
185,		1296.15742,		1297.29596,		1299.99798,				1.00208,				1.00000
186,		1296.18929,		1297.33011,		1299.99798,				1.00206,				1.00000
187,		1296.20123,		1297.35142,		1299.99798,				1.00204,				1.00000
188,		1296.21991,		1297.39469,		1299.99798,				1.00201,				1.00000
189,		1296.24544,		1297.41467,		1299.99798,				1.00199,				1.00000
190,		1296.28071,		1297.44988,		1299.99798,				1.00196,				1.00000
191,		1296.30302,		1297.46825,		1299.99798,				1.00195,				1.00000
192,		1296.32640,		1297.49247,		1299.99798,				1.00193,				1.00000
193,		1296.35885,		1297.51562,		1299.99798,				1.00191,				1.00000
194,		1296.38045,		1297.55427,		1299.99798,				1.00188,				1.00000
195,		1296.39198,		1297.57276,		1299.99798,				1.00187,				1.00000
196,		1296.41009,		1297.60357,		1299.99798,				1.00185,				1.00000
197,		1296.46015,		1297.63736,		1299.99798,				1.00182,				1.00000
198,		1296.48347,		1297.66597,		1299.99798,				1.00180,				1.00000
199,		1296.50531,		1297.68551,		1299.99798,				1.00178,				1.00000
200,		1296.53274,		1297.71239,		1299.99798,				1.00176,				1.00000
201,		1296.55496,		1297.74424,		1299.99798,				1.00174,				1.00000
202,		1296.57126,		1297.74938,		1299.99798,				1.00173,				1.00000
203,		1296.60707,		1297.78892,		1299.99798,				1.00170,				1.00000
204,		1296.68837,		1297.83597,		1299.99798,				1.00167,				1.00000
205,		1296.70377,		1297.85366,		1299.99798,				1.00165,				1.00000
206,		1296.72550,		1297.86328,		1299.99798,				1.00164,				1.00000
207,		1296.74297,		1297.88122,		1299.99798,				1.00163,				1.00000
208,		1296.78732,		1297.90345,		1299.99798,				1.00161,				1.00000
209,		1296.81356,		1297.91874,		1299.99798,				1.00160,				1.00000
210,		1296.83280,		1297.93262,		1299.99798,				1.00159,				1.00000
211,		1296.86600,		1297.94959,		1299.99798,				1.00158,				1.00000
212,		1296.87240,		1297.96028,		1299.99798,				1.00157,				1.00000
213,		1296.89069,		1297.96794,		1299.99798,				1.00156,				1.00000
214,		1296.92510,		1297.98504,		1299.99798,				1.00155,				1.00000
215,		1296.94970,		1297.99671,		1299.99798,				1.00154,				1.00000
216,		1296.96597,		1298.01264,		1299.99798,				1.00153,				1.00000
217,		1296.99081,		1298.03546,		1299.99798,				1.00151,				1.00000
218,		1297.02184,		1298.05594,		1299.99798,				1.00150,				1.00000
219,		1297.04912,		1298.07739,		1299.99798,				1.00148,				1.00000
220,		1297.06273,		1298.09408,		1299.99798,				1.00147,				1.00000
221,		1297.08152,		1298.11143,		1299.99798,				1.00145,				1.00000
222,		1297.09179,		1298.12026,		1299.99798,				1.00145,				1.00000
223,		1297.11006,		1298.15037,		1299.99798,				1.00142,				1.00000
224,		1297.12689,		1298.16448,		1299.99798,				1.00141,				1.00000
225,		1297.14242,		1298.17650,		1299.99798,				1.00140,				1.00000
226,		1297.15372,		1298.18165,		1299.99798,				1.00140,				1.00000
227,		1297.18097,		1298.19936,		1299.99798,				1.00139,				1.00000
228,		1297.21699,		1298.21551,		1299.99798,				1.00137,				1.00000
229,		1297.22743,		1298.22203,		1299.99798,				1.00137,				1.00000
230,		1297.25494,		1298.23871,		1299.99798,				1.00136,				1.00000
231,		1297.27704,		1298.26668,		1299.99798,				1.00133,				1.00000
232,		1297.28614,		1298.27683,		1299.99798,				1.00133,				1.00000
233,		1297.29953,		1298.28313,		1299.99798,				1.00132,				1.00000
234,		1297.30768,		1298.30116,		1299.99798,				1.00131,				1.00000
235,		1297.33816,		1298.31762,		1299.99798,				1.00129,				1.00000
236,		1297.35898,		1298.33885,		1299.99798,				1.00128,				1.00000
237,		1297.36781,		1298.34163,		1299.99798,				1.00128,				1.00000
238,		1297.39316,		1298.36349,		1299.99798,				1.00126,				1.00000
239,		1297.40345,		1298.38015,		1299.99798,				1.00125,				1.00000
240,		1297.42336,		1298.39279,		1299.99798,				1.00124,				1.00000
241,		1297.43709,		1298.39945,		1299.99798,				1.00123,				1.00000
242,		1297.45307,		1298.40855,		1299.99798,				1.00122,				1.00000
243,		1297.47079,		1298.42403,		1299.99798,				1.00121,				1.00000
244,		1297.48335,		1298.44393,		1299.99798,				1.00120,				1.00000
245,		1297.49517,		1298.45711,		1299.99798,				1.00119,				1.00000
246,		1297.51481,		1298.46783,		1299.99798,				1.00118,				1.00000
247,		1297.54695,		1298.49679,		1299.99798,				1.00116,				1.00000
248,		1297.55151,		1298.49906,		1299.99798,				1.00115,				1.00000
249,		1297.56198,		1298.51003,		1299.99798,				1.00115,				1.00000
250,		1297.56824,		1298.51219,		1299.99798,				1.00114,				1.00000
251,		1297.58428,		1298.53829,		1299.99798,				1.00112,				1.00000
252,		1297.60861,		1298.56046,		1299.99798,				1.00111,				1.00000
253,		1297.63426,		1298.57819,		1299.99798,				1.00109,				1.00000
254,		1297.63865,		1298.58482,		1299.99798,				1.00109,				1.00000
255,		1297.64283,		1298.59030,		1299.99798,				1.00108,				1.00000
256,		1297.65910,		1298.60356,		1299.99798,				1.00107,				1.00000
257,		1297.69552,		1298.61660,		1299.99798,				1.00106,				1.00000
258,		1297.71196,		1298.63435,		1299.99798,				1.00105,				1.00000
259,		1297.72423,		1298.64082,		1299.99798,				1.00105,				1.00000
260,		1297.72871,		1298.64672,		1299.99798,				1.00104,				1.00000
261,		1297.74031,		1298.65803,		1299.99798,				1.00103,				1.00000
262,		1297.74943,		1298.66432,		1299.99798,				1.00103,				1.00000
263,		1297.75261,		1298.67089,		1299.99798,				1.00102,				1.00000
264,		1297.75854,		1298.68160,		1299.99798,				1.00101,				1.00000
265,		1297.76993,		1298.69283,		1299.99798,				1.00100,				1.00000
266,		1297.80172,		1298.70785,		1299.99798,				1.00099,				1.00000
267,		1297.83010,		1298.71853,		1299.99798,				1.00099,				1.00000
268,		1297.87115,		1298.72765,		1299.99798,				1.00098,				1.00000
269,		1297.89592,		1298.73540,		1299.99798,				1.00097,				1.00000
270,		1297.90174,		1298.74559,		1299.99798,				1.00096,				1.00000
271,		1297.92568,		1298.75299,		1299.99798,				1.00096,				1.00000
272,		1297.94217,		1298.76061,		1299.99798,				1.00095,				1.00000
273,		1297.94543,		1298.76724,		1299.99798,				1.00095,				1.00000
274,		1297.96354,		1298.77462,		1299.99798,				1.00094,				1.00000
275,		1297.97027,		1298.78222,		1299.99798,				1.00094,				1.00000
276,		1297.97843,		1298.78514,		1299.99798,				1.00093,				1.00000
277,		1297.99502,		1298.79726,		1299.99798,				1.00092,				1.00000
278,		1297.99956,		1298.80478,		1299.99798,				1.00092,				1.00000
279,		1298.00518,		1298.81684,		1299.99798,				1.00091,				1.00000
280,		1298.02010,		1298.82414,		1299.99798,				1.00090,				1.00000
281,		1298.02884,		1298.82888,		1299.99798,				1.00090,				1.00000
282,		1298.03908,		1298.83558,		1299.99798,				1.00089,				1.00000
283,		1298.04799,		1298.84390,		1299.99798,				1.00089,				1.00000
284,		1298.05502,		1298.84517,		1299.99798,				1.00089,				1.00000
285,		1298.05759,		1298.84821,		1299.99798,				1.00089,				1.00000
286,		1298.06106,		1298.85281,		1299.99798,				1.00088,				1.00000
287,		1298.06612,		1298.85799,		1299.99798,				1.00088,				1.00000
288,		1298.06990,		1298.86355,		1299.99798,				1.00087,				1.00000
289,		1298.08531,		1298.87275,		1299.99798,				1.00087,				1.00000
290,		1298.09693,		1298.88364,		1299.99798,				1.00086,				1.00000
291,		1298.10768,		1298.89359,		1299.99798,				1.00085,				1.00000
292,		1298.11571,		1298.89658,		1299.99798,				1.00085,				1.00000
293,		1298.12238,		1298.90876,		1299.99798,				1.00084,				1.00000
294,		1298.13415,		1298.91662,		1299.99798,				1.00083,				1.00000
295,		1298.16246,		1298.93437,		1299.99798,				1.00082,				1.00000
296,		1298.17191,		1298.94260,		1299.99798,				1.00081,				1.00000
297,		1298.17966,		1298.95259,		1299.99798,				1.00080,				1.00000
298,		1298.18871,		1298.97043,		1299.99798,				1.00079,				1.00000
299,		1298.21534,		1298.97798,		1299.99798,				1.00079,				1.00000
300,		1298.23639,		1298.98459,		1299.99798,				1.00078,				1.00000
301,		1298.24155,		1298.99090,		1299.99798,				1.00078,				1.00000
302,		1298.25968,		1299.00051,		1299.99798,				1.00077,				1.00000
303,		1298.28470,		1299.01318,		1299.99798,				1.00076,				1.00000
304,		1298.28994,		1299.02040,		1299.99798,				1.00075,				1.00000
305,		1298.29828,		1299.02464,		1299.99798,				1.00075,				1.00000
306,		1298.30898,		1299.02817,		1299.99798,				1.00075,				1.00000
307,		1298.35636,		1299.04065,		1299.99798,				1.00074,				1.00000
308,		1298.36678,		1299.04862,		1299.99798,				1.00073,				1.00000
309,		1298.37208,		1299.05429,		1299.99798,				1.00073,				1.00000
310,		1298.37954,		1299.06145,		1299.99798,				1.00072,				1.00000
311,		1298.38771,		1299.07203,		1299.99798,				1.00071,				1.00000
312,		1298.39772,		1299.08493,		1299.99798,				1.00070,				1.00000
313,		1298.39941,		1299.09113,		1299.99798,				1.00070,				1.00000
314,		1298.41063,		1299.10535,		1299.99798,				1.00069,				1.00000
315,		1298.41655,		1299.11290,		1299.99798,				1.00068,				1.00000
316,		1298.42217,		1299.12100,		1299.99798,				1.00068,				1.00000
317,		1298.42611,		1299.12423,		1299.99798,				1.00067,				1.00000
318,		1298.43181,		1299.12982,		1299.99798,				1.00067,				1.00000
319,		1298.43748,		1299.13524,		1299.99798,				1.00066,				1.00000
320,		1298.46020,		1299.14779,		1299.99798,				1.00065,				1.00000
321,		1298.46842,		1299.15480,		1299.99798,				1.00065,				1.00000
322,		1298.46939,		1299.15533,		1299.99798,				1.00065,				1.00000
323,		1298.47309,		1299.15803,		1299.99798,				1.00065,				1.00000
324,		1298.47689,		1299.16202,		1299.99798,				1.00064,				1.00000
325,		1298.47842,		1299.16620,		1299.99798,				1.00064,				1.00000
326,		1298.47981,		1299.16780,		1299.99798,				1.00064,				1.00000
327,		1298.48771,		1299.17672,		1299.99798,				1.00063,				1.00000
328,		1298.49649,		1299.18718,		1299.99798,				1.00062,				1.00000
329,		1298.50816,		1299.19288,		1299.99798,				1.00062,				1.00000
330,		1298.51049,		1299.19312,		1299.99798,				1.00062,				1.00000
331,		1298.51143,		1299.19502,		1299.99798,				1.00062,				1.00000
332,		1298.51474,		1299.20065,		1299.99798,				1.00061,				1.00000
333,		1298.53186,		1299.20696,		1299.99798,				1.00061,				1.00000
334,		1298.54321,		1299.21164,		1299.99798,				1.00061,				1.00000
335,		1298.54992,		1299.21743,		1299.99798,				1.00060,				1.00000
336,		1298.56262,		1299.22422,		1299.99798,				1.00060,				1.00000
337,		1298.57087,		1299.23122,		1299.99798,				1.00059,				1.00000
338,		1298.58424,		1299.23631,		1299.99798,				1.00059,				1.00000
339,		1298.61120,		1299.25133,		1299.99798,				1.00057,				1.00000
340,		1298.63228,		1299.26224,		1299.99798,				1.00057,				1.00000
341,		1298.63739,		1299.26523,		1299.99798,				1.00056,				1.00000
342,		1298.64299,		1299.27189,		1299.99798,				1.00056,				1.00000
343,		1298.64974,		1299.27728,		1299.99798,				1.00055,				1.00000
344,		1298.66184,		1299.28310,		1299.99798,				1.00055,				1.00000
345,		1298.66810,		1299.28646,		1299.99798,				1.00055,				1.00000
346,		1298.67518,		1299.29083,		1299.99798,				1.00054,				1.00000
347,		1298.68847,		1299.29386,		1299.99798,				1.00054,				1.00000
348,		1298.69934,		1299.30142,		1299.99798,				1.00054,				1.00000
349,		1298.69934,		1299.30142,		1299.99798,				1.00054,				1.00000
350,		1298.70139,		1299.30290,		1299.99798,				1.00053,				1.00000
351,		1298.70594,		1299.30788,		1299.99798,				1.00053,				1.00000
352,		1298.71940,		1299.31372,		1299.99798,				1.00053,				1.00000
353,		1298.73250,		1299.32067,		1299.99798,				1.00052,				1.00000
354,		1298.73709,		1299.32738,		1299.99798,				1.00052,				1.00000
355,		1298.74367,		1299.33220,		1299.99798,				1.00051,				1.00000
356,		1298.74777,		1299.33640,		1299.99798,				1.00051,				1.00000
357,		1298.75487,		1299.34321,		1299.99798,				1.00050,				1.00000
358,		1298.76068,		1299.34877,		1299.99798,				1.00050,				1.00000
359,		1298.76199,		1299.35122,		1299.99798,				1.00050,				1.00000
360,		1298.77350,		1299.35682,		1299.99798,				1.00049,				1.00000
361,		1298.78080,		1299.36030,		1299.99798,				1.00049,				1.00000
362,		1298.78720,		1299.36469,		1299.99798,				1.00049,				1.00000
363,		1298.79112,		1299.36689,		1299.99798,				1.00049,				1.00000
364,		1298.79764,		1299.37016,		1299.99798,				1.00048,				1.00000
365,		1298.79837,		1299.37164,		1299.99798,				1.00048,				1.00000
366,		1298.80609,		1299.37428,		1299.99798,				1.00048,				1.00000
367,		1298.81326,		1299.37769,		1299.99798,				1.00048,				1.00000
368,		1298.82073,		1299.38413,		1299.99798,				1.00047,				1.00000
369,		1298.82697,		1299.38715,		1299.99798,				1.00047,				1.00000
370,		1298.83108,		1299.39066,		1299.99798,				1.00047,				1.00000
371,		1298.83269,		1299.39304,		1299.99798,				1.00047,				1.00000
372,		1298.83831,		1299.39851,		1299.99798,				1.00046,				1.00000
373,		1298.86000,		1299.41246,		1299.99798,				1.00045,				1.00000
374,		1298.86618,		1299.41642,		1299.99798,				1.00045,				1.00000
375,		1298.87780,		1299.42050,		1299.99798,				1.00044,				1.00000
376,		1298.88117,		1299.42389,		1299.99798,				1.00044,				1.00000
377,		1298.89087,		1299.43202,		1299.99798,				1.00044,				1.00000
378,		1298.89355,		1299.43404,		1299.99798,				1.00043,				1.00000
379,		1298.89754,		1299.43771,		1299.99798,				1.00043,				1.00000
380,		1298.90224,		1299.44033,		1299.99798,				1.00043,				1.00000
381,		1298.90413,		1299.44393,		1299.99798,				1.00043,				1.00000
382,		1298.91125,		1299.44885,		1299.99798,				1.00042,				1.00000
383,		1298.92551,		1299.45482,		1299.99798,				1.00042,				1.00000
384,		1298.93503,		1299.45625,		1299.99798,				1.00042,				1.00000
385,		1298.94604,		1299.46428,		1299.99798,				1.00041,				1.00000
386,		1298.96251,		1299.47009,		1299.99798,				1.00041,				1.00000
387,		1298.97813,		1299.47684,		1299.99798,				1.00040,				1.00000
388,		1298.98152,		1299.47947,		1299.99798,				1.00040,				1.00000
389,		1298.98463,		1299.48331,		1299.99798,				1.00040,				1.00000
390,		1298.99049,		1299.48538,		1299.99798,				1.00039,				1.00000
391,		1299.00391,		1299.49150,		1299.99798,				1.00039,				1.00000
392,		1299.00903,		1299.49442,		1299.99798,				1.00039,				1.00000
393,		1299.02219,		1299.49869,		1299.99798,				1.00038,				1.00000
394,		1299.02780,		1299.50094,		1299.99798,				1.00038,				1.00000
395,		1299.03859,		1299.50485,		1299.99798,				1.00038,				1.00000
396,		1299.03983,		1299.50658,		1299.99798,				1.00038,				1.00000
397,		1299.04749,		1299.50852,		1299.99798,				1.00038,				1.00000
398,		1299.05361,		1299.51092,		1299.99798,				1.00037,				1.00000
399,		1299.06586,		1299.51448,		1299.99798,				1.00037,				1.00000
400,		1299.06678,		1299.51663,		1299.99798,				1.00037,				1.00000
401,		1299.07814,		1299.51839,		1299.99798,				1.00037,				1.00000
402,		1299.07924,		1299.52154,		1299.99798,				1.00037,				1.00000
403,		1299.08303,		1299.52216,		1299.99798,				1.00037,				1.00000
404,		1299.09121,		1299.52607,		1299.99798,				1.00036,				1.00000
405,		1299.09606,		1299.52982,		1299.99798,				1.00036,				1.00000
406,		1299.09764,		1299.53228,		1299.99798,				1.00036,				1.00000
407,		1299.10627,		1299.53455,		1299.99798,				1.00036,				1.00000
408,		1299.11920,		1299.54019,		1299.99798,				1.00035,				1.00000
409,		1299.12040,		1299.54256,		1299.99798,				1.00035,				1.00000
410,		1299.12606,		1299.54559,		1299.99798,				1.00035,				1.00000
411,		1299.13116,		1299.54888,		1299.99798,				1.00035,				1.00000
412,		1299.14107,		1299.55356,		1299.99798,				1.00034,				1.00000
413,		1299.14793,		1299.55953,		1299.99798,				1.00034,				1.00000
414,		1299.15420,		1299.56465,		1299.99798,				1.00033,				1.00000
415,		1299.15803,		1299.56505,		1299.99798,				1.00033,				1.00000
416,		1299.15862,		1299.56810,		1299.99798,				1.00033,				1.00000
417,		1299.16031,		1299.57165,		1299.99798,				1.00033,				1.00000
418,		1299.16472,		1299.57501,		1299.99798,				1.00033,				1.00000
419,		1299.16551,		1299.57606,		1299.99798,				1.00032,				1.00000
420,		1299.16662,		1299.57708,		1299.99798,				1.00032,				1.00000
421,		1299.17579,		1299.58158,		1299.99798,				1.00032,				1.00000
422,		1299.17636,		1299.58347,		1299.99798,				1.00032,				1.00000
423,		1299.18382,		1299.58614,		1299.99798,				1.00032,				1.00000
424,		1299.19660,		1299.59064,		1299.99798,				1.00031,				1.00000
425,		1299.19907,		1299.59391,		1299.99798,				1.00031,				1.00000
426,		1299.19976,		1299.59542,		1299.99798,				1.00031,				1.00000
427,		1299.20125,		1299.59631,		1299.99798,				1.00031,				1.00000
428,		1299.20465,		1299.60181,		1299.99798,				1.00030,				1.00000
429,		1299.20636,		1299.60454,		1299.99798,				1.00030,				1.00000
430,		1299.22529,		1299.61429,		1299.99798,				1.00030,				1.00000
431,		1299.22529,		1299.61429,		1299.99798,				1.00030,				1.00000
432,		1299.23458,		1299.61665,		1299.99798,				1.00029,				1.00000
433,		1299.24373,		1299.62006,		1299.99798,				1.00029,				1.00000
434,		1299.25236,		1299.62175,		1299.99798,				1.00029,				1.00000
435,		1299.25868,		1299.62430,		1299.99798,				1.00029,				1.00000
436,		1299.26127,		1299.62488,		1299.99798,				1.00029,				1.00000
437,		1299.26860,		1299.62542,		1299.99798,				1.00029,				1.00000
438,		1299.27519,		1299.62843,		1299.99798,				1.00028,				1.00000
439,		1299.27751,		1299.63260,		1299.99798,				1.00028,				1.00000
440,		1299.27869,		1299.63310,		1299.99798,				1.00028,				1.00000
441,		1299.28462,		1299.63438,		1299.99798,				1.00028,				1.00000
442,		1299.29064,		1299.63834,		1299.99798,				1.00028,				1.00000
443,		1299.30623,		1299.64328,		1299.99798,				1.00027,				1.00000
444,		1299.30786,		1299.64700,		1299.99798,				1.00027,				1.00000
445,		1299.31279,		1299.65057,		1299.99798,				1.00027,				1.00000
446,		1299.32338,		1299.65960,		1299.99798,				1.00026,				1.00000
447,		1299.33601,		1299.66271,		1299.99798,				1.00026,				1.00000
448,		1299.33656,		1299.66291,		1299.99798,				1.00026,				1.00000
449,		1299.33904,		1299.66386,		1299.99798,				1.00026,				1.00000
450,		1299.34035,		1299.66466,		1299.99798,				1.00026,				1.00000
451,		1299.34196,		1299.66622,		1299.99798,				1.00026,				1.00000
452,		1299.35006,		1299.66871,		1299.99798,				1.00025,				1.00000
453,		1299.35025,		1299.66901,		1299.99798,				1.00025,				1.00000
454,		1299.35158,		1299.67069,		1299.99798,				1.00025,				1.00000
455,		1299.35695,		1299.67411,		1299.99798,				1.00025,				1.00000
456,		1299.35836,		1299.67509,		1299.99798,				1.00025,				1.00000
457,		1299.36060,		1299.67636,		1299.99798,				1.00025,				1.00000
458,		1299.36219,		1299.67714,		1299.99798,				1.00025,				1.00000
459,		1299.36428,		1299.67849,		1299.99798,				1.00025,				1.00000
460,		1299.36785,		1299.67969,		1299.99798,				1.00024,				1.00000
461,		1299.37427,		1299.68390,		1299.99798,				1.00024,				1.00000
462,		1299.38143,		1299.68699,		1299.99798,				1.00024,				1.00000
463,		1299.38348,		1299.68864,		1299.99798,				1.00024,				1.00000
464,		1299.38863,		1299.69191,		1299.99798,				1.00024,				1.00000
465,		1299.38904,		1299.69345,		1299.99798,				1.00023,				1.00000
466,		1299.39930,		1299.69523,		1299.99798,				1.00023,				1.00000
467,		1299.40746,		1299.69744,		1299.99798,				1.00023,				1.00000
468,		1299.41328,		1299.69931,		1299.99798,				1.00023,				1.00000
469,		1299.41641,		1299.70189,		1299.99798,				1.00023,				1.00000
470,		1299.41813,		1299.70399,		1299.99798,				1.00023,				1.00000
471,		1299.42334,		1299.70613,		1299.99798,				1.00022,				1.00000
472,		1299.42835,		1299.70883,		1299.99798,				1.00022,				1.00000
473,		1299.43628,		1299.71227,		1299.99798,				1.00022,				1.00000
474,		1299.43778,		1299.71338,		1299.99798,				1.00022,				1.00000
475,		1299.43815,		1299.71417,		1299.99798,				1.00022,				1.00000
476,		1299.43841,		1299.71489,		1299.99798,				1.00022,				1.00000
477,		1299.44357,		1299.71550,		1299.99798,				1.00022,				1.00000
478,		1299.44406,		1299.71636,		1299.99798,				1.00022,				1.00000
479,		1299.45016,		1299.71758,		1299.99798,				1.00022,				1.00000
480,		1299.45191,		1299.71837,		1299.99798,				1.00022,				1.00000
481,		1299.45191,		1299.71837,		1299.99798,				1.00022,				1.00000
482,		1299.45528,		1299.71945,		1299.99798,				1.00021,				1.00000
483,		1299.45792,		1299.72080,		1299.99798,				1.00021,				1.00000
484,		1299.45936,		1299.72173,		1299.99798,				1.00021,				1.00000
485,		1299.46316,		1299.72538,		1299.99798,				1.00021,				1.00000
486,		1299.46889,		1299.72783,		1299.99798,				1.00021,				1.00000
487,		1299.47100,		1299.72952,		1299.99798,				1.00021,				1.00000
488,		1299.47181,		1299.73035,		1299.99798,				1.00021,				1.00000
489,		1299.47765,		1299.73307,		1299.99798,				1.00020,				1.00000
490,		1299.47953,		1299.73375,		1299.99798,				1.00020,				1.00000
491,		1299.48444,		1299.73609,		1299.99798,				1.00020,				1.00000
492,		1299.48602,		1299.73638,		1299.99798,				1.00020,				1.00000
493,		1299.48626,		1299.73641,		1299.99798,				1.00020,				1.00000
494,		1299.49129,		1299.73765,		1299.99798,				1.00020,				1.00000
495,		1299.49622,		1299.73965,		1299.99798,				1.00020,				1.00000
496,		1299.49889,		1299.73999,		1299.99798,				1.00020,				1.00000
497,		1299.49945,		1299.74113,		1299.99798,				1.00020,				1.00000
498,		1299.50120,		1299.74186,		1299.99798,				1.00020,				1.00000
499,		1299.50289,		1299.74471,		1299.99798,				1.00019,				1.00000
500,		1299.50645,		1299.74804,		1299.99798,				1.00019,				1.00000
501,		1299.50645,		1299.74804,		1299.99798,				1.00019,				1.00000
502,		1299.50698,		1299.74901,		1299.99798,				1.00019,				1.00000
503,		1299.51102,		1299.75241,		1299.99798,				1.00019,				1.00000
504,		1299.51195,		1299.75410,		1299.99798,				1.00019,				1.00000
505,		1299.51523,		1299.75643,		1299.99798,				1.00019,				1.00000
506,		1299.51523,		1299.75643,		1299.99798,				1.00019,				1.00000
507,		1299.51944,		1299.75814,		1299.99798,				1.00018,				1.00000
508,		1299.52455,		1299.76030,		1299.99798,				1.00018,				1.00000
509,		1299.52473,		1299.76068,		1299.99798,				1.00018,				1.00000
510,		1299.52591,		1299.76129,		1299.99798,				1.00018,				1.00000
511,		1299.53104,		1299.76373,		1299.99798,				1.00018,				1.00000
512,		1299.53270,		1299.76477,		1299.99798,				1.00018,				1.00000
513,		1299.53346,		1299.76482,		1299.99798,				1.00018,				1.00000
514,		1299.53707,		1299.76737,		1299.99798,				1.00018,				1.00000
515,		1299.53904,		1299.76806,		1299.99798,				1.00018,				1.00000
516,		1299.54029,		1299.76849,		1299.99798,				1.00018,				1.00000
517,		1299.54029,		1299.76849,		1299.99798,				1.00018,				1.00000
518,		1299.54543,		1299.76917,		1299.99798,				1.00018,				1.00000
519,		1299.54799,		1299.76981,		1299.99798,				1.00018,				1.00000
520,		1299.55411,		1299.77200,		1299.99798,				1.00017,				1.00000
521,		1299.55476,		1299.77251,		1299.99798,				1.00017,				1.00000
522,		1299.55970,		1299.77538,		1299.99798,				1.00017,				1.00000
523,		1299.56097,		1299.77599,		1299.99798,				1.00017,				1.00000
524,		1299.56346,		1299.77727,		1299.99798,				1.00017,				1.00000
525,		1299.56346,		1299.77727,		1299.99798,				1.00017,				1.00000
526,		1299.56676,		1299.77877,		1299.99798,				1.00017,				1.00000
527,		1299.56815,		1299.77990,		1299.99798,				1.00017,				1.00000
528,		1299.57052,		1299.78148,		1299.99798,				1.00017,				1.00000
529,		1299.57080,		1299.78227,		1299.99798,				1.00017,				1.00000
530,		1299.58704,		1299.78597,		1299.99798,				1.00016,				1.00000
531,		1299.58892,		1299.78689,		1299.99798,				1.00016,				1.00000
532,		1299.58916,		1299.78754,		1299.99798,				1.00016,				1.00000
533,		1299.59059,		1299.78836,		1299.99798,				1.00016,				1.00000
534,		1299.59140,		1299.78873,		1299.99798,				1.00016,				1.00000
535,		1299.59168,		1299.78951,		1299.99798,				1.00016,				1.00000
536,		1299.59485,		1299.79067,		1299.99798,				1.00016,				1.00000
537,		1299.59485,		1299.79067,		1299.99798,				1.00016,				1.00000
538,		1299.60084,		1299.79397,		1299.99798,				1.00016,				1.00000
539,		1299.60199,		1299.79479,		1299.99798,				1.00016,				1.00000
540,		1299.60295,		1299.79587,		1299.99798,				1.00016,				1.00000
541,		1299.60302,		1299.79644,		1299.99798,				1.00016,				1.00000
542,		1299.60805,		1299.79787,		1299.99798,				1.00015,				1.00000
543,		1299.60805,		1299.79787,		1299.99798,				1.00015,				1.00000
544,		1299.60852,		1299.79801,		1299.99798,				1.00015,				1.00000
545,		1299.60854,		1299.79870,		1299.99798,				1.00015,				1.00000
546,		1299.60937,		1299.79935,		1299.99798,				1.00015,				1.00000
547,		1299.61012,		1299.79973,		1299.99798,				1.00015,				1.00000
548,		1299.61149,		1299.80059,		1299.99798,				1.00015,				1.00000
549,		1299.61252,		1299.80136,		1299.99798,				1.00015,				1.00000
550,		1299.61355,		1299.80216,		1299.99798,				1.00015,				1.00000
551,		1299.61553,		1299.80353,		1299.99798,				1.00015,				1.00000
552,		1299.61757,		1299.80369,		1299.99798,				1.00015,				1.00000
553,		1299.61985,		1299.80501,		1299.99798,				1.00015,				1.00000
554,		1299.62227,		1299.80603,		1299.99798,				1.00015,				1.00000
555,		1299.62417,		1299.80684,		1299.99798,				1.00015,				1.00000
556,		1299.62508,		1299.80711,		1299.99798,				1.00015,				1.00000
557,		1299.62650,		1299.80849,		1299.99798,				1.00015,				1.00000
558,		1299.62650,		1299.80849,		1299.99798,				1.00015,				1.00000
559,		1299.62801,		1299.80959,		1299.99798,				1.00014,				1.00000
560,		1299.63144,		1299.81037,		1299.99798,				1.00014,				1.00000
561,		1299.63562,		1299.81305,		1299.99798,				1.00014,				1.00000
562,		1299.63562,		1299.81305,		1299.99798,				1.00014,				1.00000
563,		1299.63826,		1299.81409,		1299.99798,				1.00014,				1.00000
564,		1299.63882,		1299.81461,		1299.99798,				1.00014,				1.00000
565,		1299.64197,		1299.81559,		1299.99798,				1.00014,				1.00000
566,		1299.64221,		1299.81575,		1299.99798,				1.00014,				1.00000
567,		1299.64290,		1299.81644,		1299.99798,				1.00014,				1.00000
568,		1299.64298,		1299.81705,		1299.99798,				1.00014,				1.00000
569,		1299.64474,		1299.81720,		1299.99798,				1.00014,				1.00000
570,		1299.64490,		1299.81767,		1299.99798,				1.00014,				1.00000
571,		1299.64670,		1299.81901,		1299.99798,				1.00014,				1.00000
572,		1299.64721,		1299.82027,		1299.99798,				1.00014,				1.00000
573,		1299.64819,		1299.82119,		1299.99798,				1.00014,				1.00000
574,		1299.64863,		1299.82119,		1299.99798,				1.00014,				1.00000
575,		1299.65201,		1299.82237,		1299.99798,				1.00014,				1.00000
576,		1299.65208,		1299.82263,		1299.99798,				1.00013,				1.00000
577,		1299.65230,		1299.82334,		1299.99798,				1.00013,				1.00000
578,		1299.65433,		1299.82362,		1299.99798,				1.00013,				1.00000
579,		1299.65634,		1299.82402,		1299.99798,				1.00013,				1.00000
580,		1299.65703,		1299.82441,		1299.99798,				1.00013,				1.00000
581,		1299.65881,		1299.82446,		1299.99798,				1.00013,				1.00000
582,		1299.65919,		1299.82554,		1299.99798,				1.00013,				1.00000
583,		1299.65971,		1299.82590,		1299.99798,				1.00013,				1.00000
584,		1299.66204,		1299.82653,		1299.99798,				1.00013,				1.00000
585,		1299.66241,		1299.82671,		1299.99798,				1.00013,				1.00000
586,		1299.66264,		1299.82710,		1299.99798,				1.00013,				1.00000
587,		1299.66281,		1299.82713,		1299.99798,				1.00013,				1.00000
588,		1299.66283,		1299.82763,		1299.99798,				1.00013,				1.00000
589,		1299.66283,		1299.82763,		1299.99798,				1.00013,				1.00000
590,		1299.66347,		1299.82806,		1299.99798,				1.00013,				1.00000
591,		1299.66491,		1299.82845,		1299.99798,				1.00013,				1.00000
592,		1299.66735,		1299.82854,		1299.99798,				1.00013,				1.00000
593,		1299.66735,		1299.82854,		1299.99798,				1.00013,				1.00000
594,		1299.66827,		1299.82875,		1299.99798,				1.00013,				1.00000
595,		1299.66857,		1299.82877,		1299.99798,				1.00013,				1.00000
596,		1299.67217,		1299.83134,		1299.99798,				1.00013,				1.00000
597,		1299.67318,		1299.83308,		1299.99798,				1.00013,				1.00000
598,		1299.67480,		1299.83365,		1299.99798,				1.00013,				1.00000
599,		1299.67848,		1299.83557,		1299.99798,				1.00012,				1.00000
600,		1299.67848,		1299.83557,		1299.99798,				1.00012,				1.00000
601,		1299.68189,		1299.83647,		1299.99798,				1.00012,				1.00000
602,		1299.68204,		1299.83736,		1299.99798,				1.00012,				1.00000
603,		1299.68338,		1299.83835,		1299.99798,				1.00012,				1.00000
604,		1299.68629,		1299.83930,		1299.99798,				1.00012,				1.00000
605,		1299.68831,		1299.84016,		1299.99798,				1.00012,				1.00000
606,		1299.68831,		1299.84016,		1299.99798,				1.00012,				1.00000
607,		1299.68963,		1299.84048,		1299.99798,				1.00012,				1.00000
608,		1299.68963,		1299.84048,		1299.99798,				1.00012,				1.00000
609,		1299.69066,		1299.84141,		1299.99798,				1.00012,				1.00000
610,		1299.69384,		1299.84295,		1299.99798,				1.00012,				1.00000
611,		1299.69440,		1299.84351,		1299.99798,				1.00012,				1.00000
612,		1299.69473,		1299.84379,		1299.99798,				1.00012,				1.00000
613,		1299.69482,		1299.84380,		1299.99798,				1.00012,				1.00000
614,		1299.69590,		1299.84507,		1299.99798,				1.00012,				1.00000
615,		1299.69618,		1299.84545,		1299.99798,				1.00012,				1.00000
616,		1299.69713,		1299.84573,		1299.99798,				1.00012,				1.00000
617,		1299.69773,		1299.84597,		1299.99798,				1.00012,				1.00000
618,		1299.69773,		1299.84597,		1299.99798,				1.00012,				1.00000
619,		1299.69905,		1299.84755,		1299.99798,				1.00012,				1.00000
620,		1299.70103,		1299.84799,		1299.99798,				1.00012,				1.00000
621,		1299.70131,		1299.84887,		1299.99798,				1.00011,				1.00000
622,		1299.70315,		1299.84971,		1299.99798,				1.00011,				1.00000
623,		1299.70315,		1299.84971,		1299.99798,				1.00011,				1.00000
624,		1299.70355,		1299.85044,		1299.99798,				1.00011,				1.00000
625,		1299.70863,		1299.85131,		1299.99798,				1.00011,				1.00000
626,		1299.70875,		1299.85172,		1299.99798,				1.00011,				1.00000
627,		1299.70990,		1299.85215,		1299.99798,				1.00011,				1.00000
628,		1299.71130,		1299.85263,		1299.99798,				1.00011,				1.00000
629,		1299.71158,		1299.85325,		1299.99798,				1.00011,				1.00000
630,		1299.71158,		1299.85325,		1299.99798,				1.00011,				1.00000
631,		1299.71158,		1299.85325,		1299.99798,				1.00011,				1.00000
632,		1299.71254,		1299.85334,		1299.99798,				1.00011,				1.00000
633,		1299.71370,		1299.85357,		1299.99798,				1.00011,				1.00000
634,		1299.71506,		1299.85399,		1299.99798,				1.00011,				1.00000
635,		1299.71521,		1299.85403,		1299.99798,				1.00011,				1.00000
636,		1299.71521,		1299.85403,		1299.99798,				1.00011,				1.00000
637,		1299.71521,		1299.85430,		1299.99798,				1.00011,				1.00000
638,		1299.71561,		1299.85444,		1299.99798,				1.00011,				1.00000
639,		1299.71561,		1299.85444,		1299.99798,				1.00011,				1.00000
640,		1299.71608,		1299.85521,		1299.99798,				1.00011,				1.00000
641,		1299.72167,		1299.85634,		1299.99798,				1.00011,				1.00000
642,		1299.72167,		1299.85634,		1299.99798,				1.00011,				1.00000
643,		1299.72167,		1299.85634,		1299.99798,				1.00011,				1.00000
644,		1299.72270,		1299.85677,		1299.99798,				1.00011,				1.00000
645,		1299.72298,		1299.85727,		1299.99798,				1.00011,				1.00000
646,		1299.72376,		1299.85789,		1299.99798,				1.00011,				1.00000
647,		1299.72413,		1299.85880,		1299.99798,				1.00011,				1.00000
648,		1299.72429,		1299.85882,		1299.99798,				1.00011,				1.00000
649,		1299.72429,		1299.85882,		1299.99798,				1.00011,				1.00000
650,		1299.72463,		1299.85924,		1299.99798,				1.00011,				1.00000
651,		1299.72559,		1299.85987,		1299.99798,				1.00011,				1.00000
652,		1299.72608,		1299.86057,		1299.99798,				1.00011,				1.00000
653,		1299.72608,		1299.86057,		1299.99798,				1.00011,				1.00000
654,		1299.72680,		1299.86121,		1299.99798,				1.00011,				1.00000
655,		1299.72743,		1299.86160,		1299.99798,				1.00010,				1.00000
656,		1299.72969,		1299.86241,		1299.99798,				1.00010,				1.00000
657,		1299.73053,		1299.86293,		1299.99798,				1.00010,				1.00000
658,		1299.73183,		1299.86328,		1299.99798,				1.00010,				1.00000
659,		1299.73183,		1299.86328,		1299.99798,				1.00010,				1.00000
660,		1299.73183,		1299.86328,		1299.99798,				1.00010,				1.00000
661,		1299.73677,		1299.86495,		1299.99989,				1.00010,				1.00000
662,		1299.73910,		1299.86590,		1299.99989,				1.00010,				1.00000
663,		1299.74099,		1299.86687,		1299.99989,				1.00010,				1.00000
664,		1299.74158,		1299.86736,		1299.99989,				1.00010,				1.00000
665,		1299.74437,		1299.86921,		1299.99989,				1.00010,				1.00000
666,		1299.74714,		1299.87013,		1299.99989,				1.00010,				1.00000
667,		1299.74755,		1299.87057,		1299.99989,				1.00010,				1.00000
668,		1299.74773,		1299.87093,		1299.99989,				1.00010,				1.00000
669,		1299.75211,		1299.87301,		1299.99989,				1.00010,				1.00000
670,		1299.75586,		1299.87457,		1299.99989,				1.00010,				1.00000
671,		1299.76130,		1299.87629,		1299.99989,				1.00010,				1.00000
672,		1299.76390,		1299.87787,		1299.99989,				1.00009,				1.00000
673,		1299.76840,		1299.87883,		1299.99989,				1.00009,				1.00000
674,		1299.76923,		1299.88045,		1299.99989,				1.00009,				1.00000
675,		1299.76997,		1299.88105,		1299.99989,				1.00009,				1.00000
676,		1299.77430,		1299.88279,		1299.99989,				1.00009,				1.00000
677,		1299.77536,		1299.88321,		1299.99989,				1.00009,				1.00000
678,		1299.77739,		1299.88463,		1299.99989,				1.00009,				1.00000
679,		1299.77922,		1299.88632,		1299.99989,				1.00009,				1.00000
680,		1299.78192,		1299.88804,		1299.99989,				1.00009,				1.00000
681,		1299.78376,		1299.88897,		1299.99989,				1.00009,				1.00000
682,		1299.78503,		1299.88999,		1299.99989,				1.00008,				1.00000
683,		1299.78622,		1299.89087,		1299.99989,				1.00008,				1.00000
684,		1299.78808,		1299.89171,		1299.99989,				1.00008,				1.00000
685,		1299.78853,		1299.89209,		1299.99989,				1.00008,				1.00000
686,		1299.78953,		1299.89348,		1299.99989,				1.00008,				1.00000
687,		1299.79118,		1299.89435,		1299.99989,				1.00008,				1.00000
688,		1299.79376,		1299.89567,		1299.99989,				1.00008,				1.00000
689,		1299.79630,		1299.89656,		1299.99989,				1.00008,				1.00000
690,		1299.79722,		1299.89707,		1299.99989,				1.00008,				1.00000
691,		1299.79846,		1299.89796,		1299.99989,				1.00008,				1.00000
692,		1299.80306,		1299.89913,		1299.99989,				1.00008,				1.00000
693,		1299.80626,		1299.90109,		1299.99989,				1.00008,				1.00000
694,		1299.80756,		1299.90184,		1299.99989,				1.00008,				1.00000
695,		1299.80901,		1299.90339,		1299.99989,				1.00007,				1.00000
696,		1299.81069,		1299.90411,		1299.99989,				1.00007,				1.00000
697,		1299.81150,		1299.90495,		1299.99989,				1.00007,				1.00000
698,		1299.81230,		1299.90507,		1299.99989,				1.00007,				1.00000
699,		1299.81405,		1299.90614,		1299.99989,				1.00007,				1.00000
700,		1299.81520,		1299.90666,		1299.99989,				1.00007,				1.00000
701,		1299.81818,		1299.90822,		1299.99989,				1.00007,				1.00000
702,		1299.81856,		1299.90873,		1299.99989,				1.00007,				1.00000
703,		1299.82206,		1299.90962,		1299.99989,				1.00007,				1.00000
704,		1299.82404,		1299.91059,		1299.99989,				1.00007,				1.00000
705,		1299.82530,		1299.91144,		1299.99989,				1.00007,				1.00000
706,		1299.82592,		1299.91177,		1299.99989,				1.00007,				1.00000
707,		1299.82669,		1299.91223,		1299.99989,				1.00007,				1.00000
708,		1299.82733,		1299.91273,		1299.99989,				1.00007,				1.00000
709,		1299.82818,		1299.91339,		1299.99989,				1.00007,				1.00000
710,		1299.83064,		1299.91421,		1299.99989,				1.00007,				1.00000
711,		1299.83210,		1299.91530,		1299.99989,				1.00007,				1.00000
712,		1299.83226,		1299.91560,		1299.99989,				1.00006,				1.00000
713,		1299.83453,		1299.91685,		1299.99989,				1.00006,				1.00000
714,		1299.83612,		1299.91788,		1299.99989,				1.00006,				1.00000
715,		1299.83612,		1299.91788,		1299.99989,				1.00006,				1.00000
716,		1299.83742,		1299.91835,		1299.99989,				1.00006,				1.00000
717,		1299.83770,		1299.91836,		1299.99989,				1.00006,				1.00000
718,		1299.83921,		1299.91902,		1299.99989,				1.00006,				1.00000
719,		1299.83996,		1299.91929,		1299.99989,				1.00006,				1.00000
720,		1299.84147,		1299.92019,		1299.99989,				1.00006,				1.00000
721,		1299.84352,		1299.92108,		1299.99989,				1.00006,				1.00000
722,		1299.84550,		1299.92164,		1299.99989,				1.00006,				1.00000
723,		1299.84599,		1299.92190,		1299.99989,				1.00006,				1.00000
724,		1299.84599,		1299.92190,		1299.99989,				1.00006,				1.00000
725,		1299.84712,		1299.92272,		1299.99989,				1.00006,				1.00000
726,		1299.84902,		1299.92314,		1299.99989,				1.00006,				1.00000
727,		1299.85016,		1299.92398,		1299.99989,				1.00006,				1.00000
728,		1299.85057,		1299.92423,		1299.99989,				1.00006,				1.00000
729,		1299.85217,		1299.92495,		1299.99989,				1.00006,				1.00000
730,		1299.85407,		1299.92522,		1299.99989,				1.00006,				1.00000
731,		1299.85443,		1299.92593,		1299.99989,				1.00006,				1.00000
732,		1299.85445,		1299.92596,		1299.99989,				1.00006,				1.00000
733,		1299.85466,		1299.92625,		1299.99989,				1.00006,				1.00000
734,		1299.85537,		1299.92659,		1299.99989,				1.00006,				1.00000
735,		1299.85659,		1299.92706,		1299.99989,				1.00006,				1.00000
736,		1299.85703,		1299.92751,		1299.99989,				1.00006,				1.00000
737,		1299.86037,		1299.92899,		1299.99989,				1.00005,				1.00000
738,		1299.86150,		1299.92930,		1299.99989,				1.00005,				1.00000
739,		1299.86160,		1299.92934,		1299.99989,				1.00005,				1.00000
740,		1299.86202,		1299.92964,		1299.99989,				1.00005,				1.00000
741,		1299.86265,		1299.93034,		1299.99989,				1.00005,				1.00000
742,		1299.86382,		1299.93086,		1299.99989,				1.00005,				1.00000
743,		1299.86641,		1299.93166,		1299.99989,				1.00005,				1.00000
744,		1299.86713,		1299.93213,		1299.99989,				1.00005,				1.00000
745,		1299.86714,		1299.93223,		1299.99989,				1.00005,				1.00000
746,		1299.86873,		1299.93255,		1299.99989,				1.00005,				1.00000
747,		1299.86953,		1299.93308,		1299.99989,				1.00005,				1.00000
748,		1299.87024,		1299.93340,		1299.99991,				1.00005,				1.00000
749,		1299.87230,		1299.93373,		1299.99991,				1.00005,				1.00000
750,		1299.87296,		1299.93423,		1299.99991,				1.00005,				1.00000
751,		1299.87492,		1299.93461,		1299.99991,				1.00005,				1.00000
752,		1299.87492,		1299.93461,		1299.99991,				1.00005,				1.00000
753,		1299.87597,		1299.93496,		1299.99991,				1.00005,				1.00000
754,		1299.87597,		1299.93496,		1299.99991,				1.00005,				1.00000
755,		1299.87628,		1299.93546,		1299.99991,				1.00005,				1.00000
756,		1299.87630,		1299.93557,		1299.99991,				1.00005,				1.00000
757,		1299.87813,		1299.93598,		1299.99991,				1.00005,				1.00000
758,		1299.87868,		1299.93648,		1299.99991,				1.00005,				1.00000
759,		1299.87868,		1299.93666,		1299.99991,				1.00005,				1.00000
760,		1299.87896,		1299.93689,		1299.99991,				1.00005,				1.00000
761,		1299.87978,		1299.93716,		1299.99991,				1.00005,				1.00000
762,		1299.88007,		1299.93756,		1299.99991,				1.00005,				1.00000
763,		1299.88092,		1299.93783,		1299.99991,				1.00005,				1.00000
764,		1299.88151,		1299.93834,		1299.99991,				1.00005,				1.00000
765,		1299.88165,		1299.93837,		1299.99991,				1.00005,				1.00000
766,		1299.88173,		1299.93854,		1299.99991,				1.00005,				1.00000
767,		1299.88219,		1299.93864,		1299.99991,				1.00005,				1.00000
768,		1299.88269,		1299.93906,		1299.99991,				1.00005,				1.00000
769,		1299.88290,		1299.93917,		1299.99991,				1.00005,				1.00000
770,		1299.88370,		1299.93943,		1299.99991,				1.00005,				1.00000
771,		1299.88370,		1299.93943,		1299.99991,				1.00005,				1.00000
772,		1299.88371,		1299.93950,		1299.99991,				1.00005,				1.00000
773,		1299.88371,		1299.93950,		1299.99991,				1.00005,				1.00000
774,		1299.88377,		1299.93953,		1299.99991,				1.00005,				1.00000
775,		1299.88430,		1299.93985,		1299.99991,				1.00005,				1.00000
776,		1299.88443,		1299.93996,		1299.99991,				1.00005,				1.00000
777,		1299.88471,		1299.94024,		1299.99991,				1.00005,				1.00000
778,		1299.88484,		1299.94034,		1299.99991,				1.00005,				1.00000
779,		1299.88567,		1299.94077,		1299.99991,				1.00005,				1.00000
780,		1299.88651,		1299.94107,		1299.99991,				1.00005,				1.00000
781,		1299.88655,		1299.94109,		1299.99991,				1.00005,				1.00000
782,		1299.88673,		1299.94114,		1299.99991,				1.00005,				1.00000
783,		1299.88772,		1299.94126,		1299.99991,				1.00005,				1.00000
784,		1299.88790,		1299.94158,		1299.99991,				1.00004,				1.00000
785,		1299.88804,		1299.94186,		1299.99991,				1.00004,				1.00000
786,		1299.88895,		1299.94230,		1299.99991,				1.00004,				1.00000
787,		1299.88906,		1299.94233,		1299.99991,				1.00004,				1.00000
788,		1299.88910,		1299.94265,		1299.99991,				1.00004,				1.00000
789,		1299.89028,		1299.94326,		1299.99991,				1.00004,				1.00000
790,		1299.89068,		1299.94374,		1299.99991,				1.00004,				1.00000
791,		1299.89094,		1299.94395,		1299.99991,				1.00004,				1.00000
792,		1299.89136,		1299.94402,		1299.99991,				1.00004,				1.00000
793,		1299.89159,		1299.94422,		1299.99991,				1.00004,				1.00000
794,		1299.89260,		1299.94423,		1299.99991,				1.00004,				1.00000
795,		1299.89324,		1299.94447,		1299.99991,				1.00004,				1.00000
796,		1299.89405,		1299.94486,		1299.99991,				1.00004,				1.00000
797,		1299.89429,		1299.94486,		1299.99991,				1.00004,				1.00000
798,		1299.89434,		1299.94493,		1299.99991,				1.00004,				1.00000
799,		1299.89446,		1299.94509,		1299.99991,				1.00004,				1.00000
800,		1299.89457,		1299.94536,		1299.99991,				1.00004,				1.00000
801,		1299.89476,		1299.94560,		1299.99991,				1.00004,				1.00000
802,		1299.89484,		1299.94580,		1299.99991,				1.00004,				1.00000
803,		1299.89484,		1299.94580,		1299.99991,				1.00004,				1.00000
804,		1299.89487,		1299.94590,		1299.99991,				1.00004,				1.00000
805,		1299.89503,		1299.94590,		1299.99991,				1.00004,				1.00000
806,		1299.89503,		1299.94590,		1299.99991,				1.00004,				1.00000
807,		1299.89529,		1299.94612,		1299.99991,				1.00004,				1.00000
808,		1299.89529,		1299.94612,		1299.99991,				1.00004,				1.00000
809,		1299.89560,		1299.94634,		1299.99991,				1.00004,				1.00000
810,		1299.89596,		1299.94675,		1299.99991,				1.00004,				1.00000
811,		1299.89672,		1299.94718,		1299.99991,				1.00004,				1.00000
812,		1299.89716,		1299.94757,		1299.99991,				1.00004,				1.00000
813,		1299.89755,		1299.94773,		1299.99991,				1.00004,				1.00000
814,		1299.89778,		1299.94806,		1299.99991,				1.00004,				1.00000
815,		1299.89791,		1299.94819,		1299.99991,				1.00004,				1.00000
816,		1299.89791,		1299.94819,		1299.99991,				1.00004,				1.00000
817,		1299.89795,		1299.94820,		1299.99991,				1.00004,				1.00000
818,		1299.89800,		1299.94839,		1299.99991,				1.00004,				1.00000
819,		1299.89801,		1299.94856,		1299.99991,				1.00004,				1.00000
820,		1299.89923,		1299.94866,		1299.99991,				1.00004,				1.00000
821,		1299.89956,		1299.94901,		1299.99991,				1.00004,				1.00000
822,		1299.90009,		1299.94922,		1299.99991,				1.00004,				1.00000
823,		1299.90052,		1299.94972,		1299.99991,				1.00004,				1.00000
824,		1299.90088,		1299.94987,		1299.99991,				1.00004,				1.00000
825,		1299.90102,		1299.95002,		1299.99991,				1.00004,				1.00000
826,		1299.90122,		1299.95039,		1299.99991,				1.00004,				1.00000
827,		1299.90198,		1299.95082,		1299.99991,				1.00004,				1.00000
828,		1299.90255,		1299.95120,		1299.99991,				1.00004,				1.00000
829,		1299.90302,		1299.95143,		1299.99991,				1.00004,				1.00000
830,		1299.90360,		1299.95149,		1299.99991,				1.00004,				1.00000
831,		1299.90461,		1299.95177,		1299.99991,				1.00004,				1.00000
832,		1299.90468,		1299.95194,		1299.99991,				1.00004,				1.00000
833,		1299.90485,		1299.95217,		1299.99991,				1.00004,				1.00000
834,		1299.90523,		1299.95224,		1299.99991,				1.00004,				1.00000
835,		1299.90523,		1299.95224,		1299.99991,				1.00004,				1.00000
836,		1299.90563,		1299.95253,		1299.99991,				1.00004,				1.00000
837,		1299.90643,		1299.95291,		1299.99991,				1.00004,				1.00000
838,		1299.90653,		1299.95307,		1299.99991,				1.00004,				1.00000
839,		1299.90694,		1299.95320,		1299.99991,				1.00004,				1.00000
840,		1299.90712,		1299.95328,		1299.99991,				1.00004,				1.00000
841,		1299.90722,		1299.95353,		1299.99991,				1.00004,				1.00000
842,		1299.90743,		1299.95366,		1299.99991,				1.00004,				1.00000
843,		1299.90796,		1299.95396,		1299.99991,				1.00004,				1.00000
844,		1299.90796,		1299.95396,		1299.99991,				1.00004,				1.00000
845,		1299.90796,		1299.95396,		1299.99991,				1.00004,				1.00000
846,		1299.90880,		1299.95431,		1299.99991,				1.00004,				1.00000
847,		1299.90920,		1299.95447,		1299.99991,				1.00003,				1.00000
848,		1299.90921,		1299.95463,		1299.99991,				1.00003,				1.00000
849,		1299.90950,		1299.95467,		1299.99991,				1.00003,				1.00000
850,		1299.90955,		1299.95484,		1299.99991,				1.00003,				1.00000
851,		1299.90955,		1299.95484,		1299.99991,				1.00003,				1.00000
852,		1299.90978,		1299.95514,		1299.99991,				1.00003,				1.00000
853,		1299.90978,		1299.95514,		1299.99991,				1.00003,				1.00000
854,		1299.91000,		1299.95516,		1299.99991,				1.00003,				1.00000
855,		1299.91000,		1299.95516,		1299.99991,				1.00003,				1.00000
856,		1299.91033,		1299.95536,		1299.99991,				1.00003,				1.00000
857,		1299.91074,		1299.95563,		1299.99991,				1.00003,				1.00000
858,		1299.91074,		1299.95563,		1299.99991,				1.00003,				1.00000
859,		1299.91091,		1299.95576,		1299.99991,				1.00003,				1.00000
860,		1299.91091,		1299.95576,		1299.99991,				1.00003,				1.00000
861,		1299.91091,		1299.95576,		1299.99991,				1.00003,				1.00000
862,		1299.91106,		1299.95605,		1299.99991,				1.00003,				1.00000
863,		1299.91169,		1299.95649,		1299.99991,				1.00003,				1.00000
864,		1299.91265,		1299.95685,		1299.99991,				1.00003,				1.00000
865,		1299.91265,		1299.95685,		1299.99991,				1.00003,				1.00000
866,		1299.91305,		1299.95719,		1299.99991,				1.00003,				1.00000
867,		1299.91305,		1299.95719,		1299.99991,				1.00003,				1.00000
868,		1299.91305,		1299.95719,		1299.99991,				1.00003,				1.00000
869,		1299.91337,		1299.95724,		1299.99991,				1.00003,				1.00000
870,		1299.91393,		1299.95734,		1299.99991,				1.00003,				1.00000
871,		1299.91399,		1299.95742,		1299.99991,				1.00003,				1.00000
872,		1299.91429,		1299.95761,		1299.99991,				1.00003,				1.00000
873,		1299.91506,		1299.95809,		1299.99991,				1.00003,				1.00000
874,		1299.91594,		1299.95832,		1299.99991,				1.00003,				1.00000
875,		1299.91638,		1299.95872,		1299.99991,				1.00003,				1.00000
876,		1299.91638,		1299.95872,		1299.99991,				1.00003,				1.00000
877,		1299.91655,		1299.95875,		1299.99991,				1.00003,				1.00000
878,		1299.91663,		1299.95879,		1299.99991,				1.00003,				1.00000
879,		1299.91665,		1299.95880,		1299.99991,				1.00003,				1.00000
880,		1299.91671,		1299.95888,		1299.99991,				1.00003,				1.00000
881,		1299.91702,		1299.95891,		1299.99991,				1.00003,				1.00000
882,		1299.91708,		1299.95902,		1299.99991,				1.00003,				1.00000
883,		1299.91716,		1299.95913,		1299.99991,				1.00003,				1.00000
884,		1299.91767,		1299.95939,		1299.99991,				1.00003,				1.00000
885,		1299.91778,		1299.95944,		1299.99991,				1.00003,				1.00000
886,		1299.91794,		1299.95946,		1299.99991,				1.00003,				1.00000
887,		1299.91802,		1299.95953,		1299.99991,				1.00003,				1.00000
888,		1299.91808,		1299.95962,		1299.99991,				1.00003,				1.00000
889,		1299.91808,		1299.95962,		1299.99991,				1.00003,				1.00000
890,		1299.91808,		1299.95962,		1299.99991,				1.00003,				1.00000
891,		1299.91923,		1299.95969,		1299.99991,				1.00003,				1.00000
892,		1299.92005,		1299.96013,		1299.99991,				1.00003,				1.00000
893,		1299.92023,		1299.96015,		1299.99991,				1.00003,				1.00000
894,		1299.92032,		1299.96025,		1299.99991,				1.00003,				1.00000
895,		1299.92099,		1299.96042,		1299.99991,				1.00003,				1.00000
896,		1299.92128,		1299.96052,		1299.99991,				1.00003,				1.00000
897,		1299.92128,		1299.96052,		1299.99991,				1.00003,				1.00000
898,		1299.92128,		1299.96052,		1299.99991,				1.00003,				1.00000
899,		1299.92128,		1299.96061,		1299.99991,				1.00003,				1.00000
900,		1299.92198,		1299.96086,		1299.99991,				1.00003,				1.00000
901,		1299.92198,		1299.96086,		1299.99991,				1.00003,				1.00000
902,		1299.92198,		1299.96086,		1299.99991,				1.00003,				1.00000
903,		1299.92219,		1299.96115,		1299.99991,				1.00003,				1.00000
904,		1299.92253,		1299.96123,		1299.99991,				1.00003,				1.00000
905,		1299.92310,		1299.96161,		1299.99991,				1.00003,				1.00000
906,		1299.92364,		1299.96207,		1299.99991,				1.00003,				1.00000
907,		1299.92385,		1299.96230,		1299.99991,				1.00003,				1.00000
908,		1299.92389,		1299.96238,		1299.99991,				1.00003,				1.00000
909,		1299.92402,		1299.96249,		1299.99991,				1.00003,				1.00000
910,		1299.92448,		1299.96267,		1299.99991,				1.00003,				1.00000
911,		1299.92488,		1299.96271,		1299.99991,				1.00003,				1.00000
912,		1299.92488,		1299.96271,		1299.99991,				1.00003,				1.00000
913,		1299.92488,		1299.96271,		1299.99991,				1.00003,				1.00000
914,		1299.92548,		1299.96289,		1299.99991,				1.00003,				1.00000
915,		1299.92548,		1299.96289,		1299.99991,				1.00003,				1.00000
916,		1299.92548,		1299.96289,		1299.99991,				1.00003,				1.00000
917,		1299.92551,		1299.96292,		1299.99991,				1.00003,				1.00000
918,		1299.92551,		1299.96292,		1299.99991,				1.00003,				1.00000
919,		1299.92590,		1299.96338,		1299.99991,				1.00003,				1.00000
920,		1299.92613,		1299.96350,		1299.99991,				1.00003,				1.00000
921,		1299.92617,		1299.96364,		1299.99991,				1.00003,				1.00000
922,		1299.92655,		1299.96378,		1299.99991,				1.00003,				1.00000
923,		1299.92662,		1299.96383,		1299.99991,				1.00003,				1.00000
924,		1299.92713,		1299.96408,		1299.99991,				1.00003,				1.00000
925,		1299.92737,		1299.96428,		1299.99991,				1.00003,				1.00000
926,		1299.92749,		1299.96436,		1299.99991,				1.00003,				1.00000
927,		1299.92749,		1299.96436,		1299.99991,				1.00003,				1.00000
928,		1299.92778,		1299.96450,		1299.99991,				1.00003,				1.00000
929,		1299.92781,		1299.96461,		1299.99991,				1.00003,				1.00000
930,		1299.92792,		1299.96475,		1299.99991,				1.00003,				1.00000
931,		1299.92801,		1299.96494,		1299.99991,				1.00003,				1.00000
932,		1299.92804,		1299.96510,		1299.99991,				1.00003,				1.00000
933,		1299.92921,		1299.96516,		1299.99991,				1.00003,				1.00000
934,		1299.92942,		1299.96540,		1299.99991,				1.00003,				1.00000
935,		1299.92949,		1299.96552,		1299.99991,				1.00003,				1.00000
936,		1299.92949,		1299.96552,		1299.99991,				1.00003,				1.00000
937,		1299.93001,		1299.96579,		1299.99991,				1.00003,				1.00000
938,		1299.93039,		1299.96583,		1299.99991,				1.00003,				1.00000
939,		1299.93039,		1299.96583,		1299.99991,				1.00003,				1.00000
940,		1299.93039,		1299.96583,		1299.99991,				1.00003,				1.00000
941,		1299.93051,		1299.96592,		1299.99991,				1.00003,				1.00000
942,		1299.93074,		1299.96624,		1299.99991,				1.00003,				1.00000
943,		1299.93093,		1299.96634,		1299.99991,				1.00003,				1.00000
944,		1299.93139,		1299.96647,		1299.99991,				1.00003,				1.00000
945,		1299.93140,		1299.96661,		1299.99991,				1.00003,				1.00000
946,		1299.93140,		1299.96670,		1299.99991,				1.00003,				1.00000
947,		1299.93148,		1299.96676,		1299.99991,				1.00003,				1.00000
948,		1299.93159,		1299.96685,		1299.99991,				1.00003,				1.00000
949,		1299.93159,		1299.96697,		1299.99991,				1.00003,				1.00000
950,		1299.93159,		1299.96697,		1299.99991,				1.00003,				1.00000
951,		1299.93162,		1299.96701,		1299.99991,				1.00003,				1.00000
952,		1299.93183,		1299.96711,		1299.99991,				1.00003,				1.00000
953,		1299.93208,		1299.96741,		1299.99991,				1.00003,				1.00000
954,		1299.93208,		1299.96741,		1299.99991,				1.00003,				1.00000
955,		1299.93245,		1299.96742,		1299.99991,				1.00002,				1.00000
956,		1299.93302,		1299.96757,		1299.99991,				1.00002,				1.00000
957,		1299.93302,		1299.96757,		1299.99991,				1.00002,				1.00000
958,		1299.93314,		1299.96765,		1299.99991,				1.00002,				1.00000
959,		1299.93314,		1299.96765,		1299.99991,				1.00002,				1.00000
960,		1299.93339,		1299.96771,		1299.99991,				1.00002,				1.00000
961,		1299.93352,		1299.96778,		1299.99991,				1.00002,				1.00000
962,		1299.93359,		1299.96784,		1299.99991,				1.00002,				1.00000
963,		1299.93380,		1299.96808,		1299.99991,				1.00002,				1.00000
964,		1299.93415,		1299.96825,		1299.99991,				1.00002,				1.00000
965,		1299.93415,		1299.96825,		1299.99991,				1.00002,				1.00000
966,		1299.93417,		1299.96830,		1299.99991,				1.00002,				1.00000
967,		1299.93417,		1299.96830,		1299.99991,				1.00002,				1.00000
968,		1299.93445,		1299.96870,		1299.99991,				1.00002,				1.00000
969,		1299.93453,		1299.96882,		1299.99991,				1.00002,				1.00000
970,		1299.93461,		1299.96893,		1299.99991,				1.00002,				1.00000
971,		1299.93504,		1299.96914,		1299.99991,				1.00002,				1.00000
972,		1299.93530,		1299.96925,		1299.99991,				1.00002,				1.00000
973,		1299.93530,		1299.96925,		1299.99991,				1.00002,				1.00000
974,		1299.93572,		1299.96956,		1299.99991,				1.00002,				1.00000
975,		1299.93589,		1299.96960,		1299.99991,				1.00002,				1.00000
976,		1299.93593,		1299.96963,		1299.99991,				1.00002,				1.00000
977,		1299.93593,		1299.96963,		1299.99991,				1.00002,				1.00000
978,		1299.93608,		1299.96976,		1299.99991,				1.00002,				1.00000
979,		1299.93648,		1299.96999,		1299.99991,				1.00002,				1.00000
980,		1299.93678,		1299.97012,		1299.99991,				1.00002,				1.00000
981,		1299.93710,		1299.97019,		1299.99991,				1.00002,				1.00000
982,		1299.93721,		1299.97036,		1299.99991,				1.00002,				1.00000
983,		1299.93767,		1299.97056,		1299.99991,				1.00002,				1.00000
984,		1299.93823,		1299.97072,		1299.99991,				1.00002,				1.00000
985,		1299.93823,		1299.97072,		1299.99991,				1.00002,				1.00000
986,		1299.93850,		1299.97074,		1299.99991,				1.00002,				1.00000
987,		1299.93864,		1299.97090,		1299.99991,				1.00002,				1.00000
988,		1299.93910,		1299.97100,		1299.99991,				1.00002,				1.00000
989,		1299.93910,		1299.97100,		1299.99991,				1.00002,				1.00000
990,		1299.93934,		1299.97113,		1299.99991,				1.00002,				1.00000
991,		1299.93934,		1299.97113,		1299.99991,				1.00002,				1.00000
992,		1299.93934,		1299.97113,		1299.99991,				1.00002,				1.00000
993,		1299.93934,		1299.97113,		1299.99991,				1.00002,				1.00000
994,		1299.93953,		1299.97116,		1299.99991,				1.00002,				1.00000
995,		1299.93977,		1299.97124,		1299.99991,				1.00002,				1.00000
996,		1299.93977,		1299.97124,		1299.99991,				1.00002,				1.00000
997,		1299.93977,		1299.97124,		1299.99991,				1.00002,				1.00000
998,		1299.93977,		1299.97124,		1299.99991,				1.00002,				1.00000
999,		1299.93983,		1299.97132,		1299.99991,				1.00002,				1.00000
