RANDOM_SEED, 1698995365
GEN,		MIN,			AVE,			MAX,
0,		50.41,		252.93,		493.43,
1,		50.41,		216.50,		274.99,
2,		50.41,		168.90,		228.67,
3,		50.41,		131.43,		165.96,
4,		38.28,		100.46,		140.45,
5,		29.52,		59.53,		87.21,
6,		18.13,		40.26,		52.10,
7,		16.20,		30.61,		36.79,
8,		16.20,		25.74,		30.11,
9,		16.20,		23.51,		26.34,
10,		14.57,		22.55,		24.82,
11,		8.57,		19.66,		22.99,
12,		8.43,		18.23,		21.61,
13,		7.74,		16.33,		19.05,
14,		4.42,		14.23,		17.06,
15,		1.23,		11.72,		14.82,
16,		0.21,		9.66,		12.59,
17,		0.21,		8.46,		10.84,
18,		0.21,		7.81,		10.00,
19,		0.21,		7.24,		9.29,
20,		0.21,		6.79,		8.68,
21,		0.21,		6.43,		8.28,
22,		0.21,		6.17,		7.97,
23,		0.21,		5.89,		7.68,
24,		0.21,		5.68,		7.44,
25,		0.04,		5.52,		7.17,
26,		0.04,		5.31,		6.96,
27,		0.04,		5.20,		6.79,
28,		0.04,		5.05,		6.60,
29,		0.04,		4.94,		6.51,
30,		0.04,		4.84,		6.34,
31,		0.04,		4.75,		6.24,
32,		0.04,		4.65,		6.12,
33,		0.04,		4.57,		6.05,
34,		0.04,		4.44,		5.89,
35,		0.04,		4.32,		5.76,
36,		0.04,		4.25,		5.68,
37,		0.04,		4.15,		5.55,
38,		0.04,		4.09,		5.47,
39,		0.04,		4.03,		5.38,
40,		0.04,		4.01,		5.36,
41,		0.04,		3.95,		5.30,
42,		0.04,		3.91,		5.25,
43,		0.04,		3.71,		5.10,
44,		0.04,		3.67,		5.03,
45,		0.04,		3.59,		4.93,
46,		0.04,		3.55,		4.88,
47,		0.04,		3.49,		4.78,
48,		0.04,		3.45,		4.70,
49,		0.04,		3.41,		4.66,
50,		0.04,		3.38,		4.64,
51,		0.04,		3.30,		4.57,
52,		0.04,		3.26,		4.51,
53,		0.04,		3.21,		4.46,
54,		0.04,		3.16,		4.42,
55,		0.04,		3.12,		4.38,
56,		0.04,		3.02,		4.26,
57,		0.04,		2.99,		4.23,
58,		0.04,		2.95,		4.17,
59,		0.04,		2.87,		4.09,
60,		0.04,		2.79,		4.02,
61,		0.04,		2.74,		3.98,
62,		0.04,		2.69,		3.94,
63,		0.04,		2.61,		3.86,
64,		0.04,		2.56,		3.80,
65,		0.04,		2.50,		3.72,
66,		0.04,		2.45,		3.65,
67,		0.04,		2.38,		3.58,
68,		0.04,		2.35,		3.56,
69,		0.04,		2.29,		3.47,
70,		0.04,		2.26,		3.45,
71,		0.04,		2.21,		3.42,
72,		0.04,		2.16,		3.34,
73,		0.04,		2.12,		3.27,
74,		0.04,		2.07,		3.20,
75,		0.04,		2.03,		3.16,
76,		0.02,		2.00,		3.13,
77,		0.02,		1.95,		3.10,
78,		0.02,		1.92,		3.03,
79,		0.02,		1.89,		2.98,
80,		0.01,		1.84,		2.93,
81,		0.01,		1.81,		2.89,
82,		0.01,		1.76,		2.85,
83,		0.01,		1.72,		2.81,
84,		0.01,		1.67,		2.76,
85,		0.01,		1.61,		2.67,
86,		0.01,		1.58,		2.60,
87,		0.01,		1.52,		2.53,
88,		0.01,		1.47,		2.49,
89,		0.01,		1.43,		2.43,
90,		0.01,		1.40,		2.38,
91,		0.01,		1.35,		2.33,
92,		0.01,		1.32,		2.30,
93,		0.01,		1.30,		2.24,
94,		0.01,		1.27,		2.19,
95,		0.01,		1.23,		2.12,
96,		0.01,		1.20,		2.07,
97,		0.01,		1.17,		2.03,
98,		0.01,		1.14,		1.98,
99,		0.01,		1.12,		1.94,
100,		0.01,		1.08,		1.90,
101,		0.01,		1.06,		1.87,
102,		0.01,		1.04,		1.85,
103,		0.01,		1.02,		1.83,
104,		0.01,		0.99,		1.81,
105,		0.01,		0.97,		1.79,
106,		0.01,		0.93,		1.73,
107,		0.01,		0.91,		1.69,
108,		0.01,		0.90,		1.66,
109,		0.01,		0.89,		1.63,
110,		0.01,		0.87,		1.60,
111,		0.01,		0.86,		1.56,
112,		0.01,		0.83,		1.54,
113,		0.01,		0.82,		1.53,
114,		0.01,		0.80,		1.51,
115,		0.01,		0.78,		1.47,
116,		0.01,		0.77,		1.45,
117,		0.01,		0.76,		1.43,
118,		0.01,		0.75,		1.41,
119,		0.01,		0.73,		1.37,
120,		0.01,		0.71,		1.34,
121,		0.01,		0.70,		1.32,
122,		0.01,		0.69,		1.29,
123,		0.01,		0.67,		1.27,
124,		0.01,		0.66,		1.23,
125,		0.01,		0.64,		1.19,
126,		0.01,		0.63,		1.17,
127,		0.01,		0.62,		1.16,
128,		0.01,		0.60,		1.13,
129,		0.01,		0.59,		1.10,
130,		0.01,		0.58,		1.08,
131,		0.01,		0.57,		1.07,
132,		0.01,		0.56,		1.05,
133,		0.01,		0.56,		1.04,
134,		0.01,		0.55,		1.02,
135,		0.01,		0.55,		1.02,
136,		0.01,		0.53,		1.01,
137,		0.01,		0.53,		0.99,
138,		0.01,		0.52,		0.98,
139,		0.01,		0.51,		0.96,
140,		0.01,		0.50,		0.96,
141,		0.01,		0.50,		0.95,
142,		0.01,		0.49,		0.93,
143,		0.01,		0.49,		0.92,
144,		0.01,		0.48,		0.91,
145,		0.01,		0.47,		0.89,
146,		0.01,		0.47,		0.87,
147,		0.01,		0.46,		0.86,
148,		0.01,		0.46,		0.86,
149,		0.01,		0.46,		0.85,
150,		0.01,		0.45,		0.85,
151,		0.01,		0.44,		0.83,
152,		0.01,		0.44,		0.83,
153,		0.01,		0.44,		0.83,
154,		0.01,		0.44,		0.83,
155,		0.01,		0.44,		0.82,
156,		0.01,		0.43,		0.82,
157,		0.01,		0.42,		0.80,
158,		0.01,		0.42,		0.79,
159,		0.01,		0.42,		0.79,
160,		0.01,		0.41,		0.78,
161,		0.01,		0.41,		0.77,
162,		0.00,		0.40,		0.75,
163,		0.00,		0.39,		0.74,
164,		0.00,		0.39,		0.73,
165,		0.00,		0.38,		0.72,
166,		0.00,		0.38,		0.72,
167,		0.00,		0.37,		0.71,
168,		0.00,		0.37,		0.70,
169,		0.00,		0.36,		0.68,
170,		0.00,		0.35,		0.67,
171,		0.00,		0.35,		0.66,
172,		0.00,		0.34,		0.64,
173,		0.00,		0.33,		0.64,
174,		0.00,		0.33,		0.63,
175,		0.00,		0.32,		0.62,
176,		0.00,		0.32,		0.62,
177,		0.00,		0.32,		0.62,
178,		0.00,		0.31,		0.60,
179,		0.00,		0.31,		0.59,
180,		0.00,		0.31,		0.58,
181,		0.00,		0.30,		0.58,
182,		0.00,		0.30,		0.58,
183,		0.00,		0.30,		0.57,
184,		0.00,		0.30,		0.56,
185,		0.00,		0.29,		0.56,
186,		0.00,		0.29,		0.55,
187,		0.00,		0.28,		0.54,
188,		0.00,		0.28,		0.53,
189,		0.00,		0.28,		0.53,
190,		0.00,		0.28,		0.52,
191,		0.00,		0.27,		0.52,
192,		0.00,		0.27,		0.52,
193,		0.00,		0.27,		0.51,
194,		0.00,		0.26,		0.51,
195,		0.00,		0.26,		0.50,
196,		0.00,		0.25,		0.49,
197,		0.00,		0.25,		0.47,
198,		0.00,		0.24,		0.46,
199,		0.00,		0.24,		0.45,
200,		0.00,		0.23,		0.45,
201,		0.00,		0.23,		0.44,
202,		0.00,		0.23,		0.44,
203,		0.00,		0.22,		0.43,
204,		0.00,		0.22,		0.43,
205,		0.00,		0.21,		0.42,
206,		0.00,		0.21,		0.40,
207,		0.00,		0.20,		0.40,
208,		0.00,		0.20,		0.39,
209,		0.00,		0.20,		0.38,
210,		0.00,		0.20,		0.38,
211,		0.00,		0.19,		0.37,
212,		0.00,		0.19,		0.37,
213,		0.00,		0.19,		0.37,
214,		0.00,		0.19,		0.37,
215,		0.00,		0.19,		0.36,
216,		0.00,		0.18,		0.36,
217,		0.00,		0.18,		0.36,
218,		0.00,		0.18,		0.36,
219,		0.00,		0.18,		0.36,
220,		0.00,		0.18,		0.36,
221,		0.00,		0.18,		0.35,
222,		0.00,		0.18,		0.35,
223,		0.00,		0.18,		0.35,
224,		0.00,		0.17,		0.35,
225,		0.00,		0.17,		0.35,
226,		0.00,		0.17,		0.34,
227,		0.00,		0.17,		0.34,
228,		0.00,		0.17,		0.33,
229,		0.00,		0.17,		0.33,
230,		0.00,		0.17,		0.33,
231,		0.00,		0.17,		0.33,
232,		0.00,		0.16,		0.33,
233,		0.00,		0.16,		0.32,
234,		0.00,		0.16,		0.32,
235,		0.00,		0.16,		0.31,
236,		0.00,		0.16,		0.31,
237,		0.00,		0.16,		0.31,
238,		0.00,		0.15,		0.31,
239,		0.00,		0.15,		0.31,
240,		0.00,		0.15,		0.30,
241,		0.00,		0.15,		0.30,
242,		0.00,		0.15,		0.30,
243,		0.00,		0.15,		0.30,
244,		0.00,		0.15,		0.29,
245,		0.00,		0.15,		0.29,
246,		0.00,		0.14,		0.29,
247,		0.00,		0.14,		0.29,
248,		0.00,		0.14,		0.29,
249,		0.00,		0.14,		0.28,
250,		0.00,		0.14,		0.28,
251,		0.00,		0.14,		0.28,
252,		0.00,		0.14,		0.28,
253,		0.00,		0.14,		0.27,
254,		0.00,		0.13,		0.27,
255,		0.00,		0.13,		0.27,
256,		0.00,		0.13,		0.27,
257,		0.00,		0.13,		0.27,
258,		0.00,		0.13,		0.26,
259,		0.00,		0.13,		0.26,
260,		0.00,		0.13,		0.26,
261,		0.00,		0.13,		0.26,
262,		0.00,		0.13,		0.26,
263,		0.00,		0.13,		0.25,
264,		0.00,		0.13,		0.25,
265,		0.00,		0.12,		0.24,
266,		0.00,		0.12,		0.24,
267,		0.00,		0.12,		0.23,
268,		0.00,		0.12,		0.23,
269,		0.00,		0.12,		0.23,
270,		0.00,		0.12,		0.23,
271,		0.00,		0.12,		0.23,
272,		0.00,		0.12,		0.23,
273,		0.00,		0.12,		0.22,
274,		0.00,		0.12,		0.22,
275,		0.00,		0.12,		0.22,
276,		0.00,		0.11,		0.22,
277,		0.00,		0.11,		0.21,
278,		0.00,		0.11,		0.21,
279,		0.00,		0.11,		0.21,
280,		0.00,		0.11,		0.21,
281,		0.00,		0.11,		0.21,
282,		0.00,		0.11,		0.21,
283,		0.00,		0.11,		0.21,
284,		0.00,		0.11,		0.21,
285,		0.00,		0.11,		0.20,
286,		0.00,		0.10,		0.20,
287,		0.00,		0.10,		0.20,
288,		0.00,		0.10,		0.20,
289,		0.00,		0.10,		0.20,
290,		0.00,		0.10,		0.20,
291,		0.00,		0.10,		0.20,
292,		0.00,		0.10,		0.19,
293,		0.00,		0.10,		0.19,
294,		0.00,		0.10,		0.19,
295,		0.00,		0.10,		0.19,
296,		0.00,		0.10,		0.19,
297,		0.00,		0.10,		0.19,
298,		0.00,		0.10,		0.19,
299,		0.00,		0.10,		0.19,
300,		0.00,		0.10,		0.19,
301,		0.00,		0.09,		0.18,
302,		0.00,		0.09,		0.18,
303,		0.00,		0.09,		0.18,
304,		0.00,		0.09,		0.18,
305,		0.00,		0.09,		0.18,
306,		0.00,		0.09,		0.18,
307,		0.00,		0.09,		0.18,
308,		0.00,		0.09,		0.17,
309,		0.00,		0.09,		0.17,
310,		0.00,		0.09,		0.17,
311,		0.00,		0.09,		0.17,
312,		0.00,		0.09,		0.17,
313,		0.00,		0.09,		0.17,
314,		0.00,		0.09,		0.17,
315,		0.00,		0.09,		0.17,
316,		0.00,		0.08,		0.17,
317,		0.00,		0.08,		0.17,
318,		0.00,		0.08,		0.17,
319,		0.00,		0.08,		0.17,
320,		0.00,		0.08,		0.16,
321,		0.00,		0.08,		0.16,
322,		0.00,		0.08,		0.16,
323,		0.00,		0.08,		0.16,
324,		0.00,		0.08,		0.16,
325,		0.00,		0.08,		0.16,
326,		0.00,		0.08,		0.16,
327,		0.00,		0.08,		0.16,
328,		0.00,		0.08,		0.16,
329,		0.00,		0.08,		0.16,
330,		0.00,		0.08,		0.15,
331,		0.00,		0.08,		0.15,
332,		0.00,		0.08,		0.15,
333,		0.00,		0.08,		0.15,
334,		0.00,		0.08,		0.15,
335,		0.00,		0.08,		0.15,
336,		0.00,		0.08,		0.15,
337,		0.00,		0.08,		0.15,
338,		0.00,		0.08,		0.15,
339,		0.00,		0.08,		0.15,
340,		0.00,		0.08,		0.15,
341,		0.00,		0.08,		0.15,
342,		0.00,		0.07,		0.15,
343,		0.00,		0.07,		0.15,
344,		0.00,		0.07,		0.15,
345,		0.00,		0.07,		0.15,
346,		0.00,		0.07,		0.14,
347,		0.00,		0.07,		0.14,
348,		0.00,		0.07,		0.14,
349,		0.00,		0.07,		0.14,
350,		0.00,		0.07,		0.14,
351,		0.00,		0.07,		0.14,
352,		0.00,		0.07,		0.14,
353,		0.00,		0.07,		0.14,
354,		0.00,		0.07,		0.14,
355,		0.00,		0.07,		0.14,
356,		0.00,		0.07,		0.14,
357,		0.00,		0.07,		0.14,
358,		0.00,		0.07,		0.14,
359,		0.00,		0.07,		0.14,
360,		0.00,		0.07,		0.14,
361,		0.00,		0.07,		0.14,
362,		0.00,		0.07,		0.14,
363,		0.00,		0.07,		0.14,
364,		0.00,		0.07,		0.14,
365,		0.00,		0.07,		0.14,
366,		0.00,		0.07,		0.13,
367,		0.00,		0.07,		0.13,
368,		0.00,		0.07,		0.13,
369,		0.00,		0.06,		0.13,
370,		0.00,		0.06,		0.13,
371,		0.00,		0.06,		0.13,
372,		0.00,		0.06,		0.13,
373,		0.00,		0.06,		0.13,
374,		0.00,		0.06,		0.13,
375,		0.00,		0.06,		0.13,
376,		0.00,		0.06,		0.13,
377,		0.00,		0.06,		0.12,
378,		0.00,		0.06,		0.12,
379,		0.00,		0.06,		0.12,
380,		0.00,		0.06,		0.12,
381,		0.00,		0.06,		0.12,
382,		0.00,		0.06,		0.12,
383,		0.00,		0.06,		0.12,
384,		0.00,		0.06,		0.12,
385,		0.00,		0.06,		0.12,
386,		0.00,		0.06,		0.12,
387,		0.00,		0.06,		0.12,
388,		0.00,		0.06,		0.12,
389,		0.00,		0.06,		0.12,
390,		0.00,		0.06,		0.12,
391,		0.00,		0.06,		0.12,
392,		0.00,		0.06,		0.12,
393,		0.00,		0.06,		0.12,
394,		0.00,		0.06,		0.12,
395,		0.00,		0.06,		0.12,
396,		0.00,		0.06,		0.12,
397,		0.00,		0.06,		0.12,
398,		0.00,		0.06,		0.12,
399,		0.00,		0.06,		0.12,
400,		0.00,		0.06,		0.12,
401,		0.00,		0.06,		0.12,
402,		0.00,		0.06,		0.11,
403,		0.00,		0.06,		0.11,
404,		0.00,		0.06,		0.11,
405,		0.00,		0.06,		0.11,
406,		0.00,		0.06,		0.11,
407,		0.00,		0.06,		0.11,
408,		0.00,		0.06,		0.11,
409,		0.00,		0.06,		0.11,
410,		0.00,		0.05,		0.11,
411,		0.00,		0.05,		0.11,
412,		0.00,		0.05,		0.11,
413,		0.00,		0.05,		0.11,
414,		0.00,		0.05,		0.11,
415,		0.00,		0.05,		0.11,
416,		0.00,		0.05,		0.11,
417,		0.00,		0.05,		0.11,
418,		0.00,		0.05,		0.11,
419,		0.00,		0.05,		0.11,
420,		0.00,		0.05,		0.11,
421,		0.00,		0.05,		0.11,
422,		0.00,		0.05,		0.10,
423,		0.00,		0.05,		0.10,
424,		0.00,		0.05,		0.10,
425,		0.00,		0.05,		0.10,
426,		0.00,		0.05,		0.10,
427,		0.00,		0.05,		0.10,
428,		0.00,		0.05,		0.10,
429,		0.00,		0.05,		0.10,
430,		0.00,		0.05,		0.10,
431,		0.00,		0.05,		0.10,
432,		0.00,		0.05,		0.10,
433,		0.00,		0.05,		0.10,
434,		0.00,		0.05,		0.10,
435,		0.00,		0.05,		0.10,
436,		0.00,		0.05,		0.10,
437,		0.00,		0.05,		0.10,
438,		0.00,		0.05,		0.10,
439,		0.00,		0.05,		0.10,
440,		0.00,		0.05,		0.10,
441,		0.00,		0.05,		0.10,
442,		0.00,		0.05,		0.10,
443,		0.00,		0.05,		0.10,
444,		0.00,		0.05,		0.10,
445,		0.00,		0.05,		0.10,
446,		0.00,		0.05,		0.10,
447,		0.00,		0.05,		0.10,
448,		0.00,		0.05,		0.10,
449,		0.00,		0.05,		0.09,
450,		0.00,		0.05,		0.09,
451,		0.00,		0.05,		0.09,
452,		0.00,		0.05,		0.09,
453,		0.00,		0.05,		0.09,
454,		0.00,		0.05,		0.09,
455,		0.00,		0.05,		0.09,
456,		0.00,		0.05,		0.09,
457,		0.00,		0.05,		0.09,
458,		0.00,		0.04,		0.09,
459,		0.00,		0.04,		0.09,
460,		0.00,		0.04,		0.09,
461,		0.00,		0.04,		0.09,
462,		0.00,		0.04,		0.09,
463,		0.00,		0.04,		0.09,
464,		0.00,		0.04,		0.09,
465,		0.00,		0.04,		0.09,
466,		0.00,		0.04,		0.09,
467,		0.00,		0.04,		0.09,
468,		0.00,		0.04,		0.09,
469,		0.00,		0.04,		0.09,
470,		0.00,		0.04,		0.09,
471,		0.00,		0.04,		0.09,
472,		0.00,		0.04,		0.09,
473,		0.00,		0.04,		0.09,
474,		0.00,		0.04,		0.09,
475,		0.00,		0.04,		0.09,
476,		0.00,		0.04,		0.09,
477,		0.00,		0.04,		0.08,
478,		0.00,		0.04,		0.08,
479,		0.00,		0.04,		0.08,
480,		0.00,		0.04,		0.08,
481,		0.00,		0.04,		0.08,
482,		0.00,		0.04,		0.08,
483,		0.00,		0.04,		0.08,
484,		0.00,		0.04,		0.08,
485,		0.00,		0.04,		0.08,
486,		0.00,		0.04,		0.08,
487,		0.00,		0.04,		0.08,
488,		0.00,		0.04,		0.08,
489,		0.00,		0.04,		0.08,
490,		0.00,		0.04,		0.08,
491,		0.00,		0.04,		0.08,
492,		0.00,		0.04,		0.08,
493,		0.00,		0.04,		0.08,
494,		0.00,		0.04,		0.08,
495,		0.00,		0.04,		0.08,
496,		0.00,		0.04,		0.08,
497,		0.00,		0.04,		0.08,
498,		0.00,		0.04,		0.08,
499,		0.00,		0.04,		0.08,
500,		0.00,		0.04,		0.08,
501,		0.00,		0.04,		0.08,
502,		0.00,		0.04,		0.08,
503,		0.00,		0.04,		0.08,
504,		0.00,		0.04,		0.08,
505,		0.00,		0.04,		0.08,
506,		0.00,		0.04,		0.08,
507,		0.00,		0.04,		0.08,
508,		0.00,		0.04,		0.08,
509,		0.00,		0.04,		0.08,
510,		0.00,		0.04,		0.08,
511,		0.00,		0.04,		0.08,
512,		0.00,		0.04,		0.08,
513,		0.00,		0.04,		0.08,
514,		0.00,		0.04,		0.08,
515,		0.00,		0.04,		0.08,
516,		0.00,		0.04,		0.08,
517,		0.00,		0.04,		0.08,
518,		0.00,		0.04,		0.07,
519,		0.00,		0.04,		0.07,
520,		0.00,		0.04,		0.07,
521,		0.00,		0.04,		0.07,
522,		0.00,		0.04,		0.07,
523,		0.00,		0.04,		0.07,
524,		0.00,		0.04,		0.07,
525,		0.00,		0.04,		0.07,
526,		0.00,		0.04,		0.07,
527,		0.00,		0.04,		0.07,
528,		0.00,		0.04,		0.07,
529,		0.00,		0.04,		0.07,
530,		0.00,		0.04,		0.07,
531,		0.00,		0.04,		0.07,
532,		0.00,		0.04,		0.07,
533,		0.00,		0.04,		0.07,
534,		0.00,		0.04,		0.07,
535,		0.00,		0.04,		0.07,
536,		0.00,		0.04,		0.07,
537,		0.00,		0.04,		0.07,
538,		0.00,		0.03,		0.07,
539,		0.00,		0.03,		0.07,
540,		0.00,		0.03,		0.07,
541,		0.00,		0.03,		0.07,
542,		0.00,		0.03,		0.07,
543,		0.00,		0.03,		0.07,
544,		0.00,		0.03,		0.07,
545,		0.00,		0.03,		0.07,
546,		0.00,		0.03,		0.07,
547,		0.00,		0.03,		0.07,
548,		0.00,		0.03,		0.07,
549,		0.00,		0.03,		0.07,
550,		0.00,		0.03,		0.07,
551,		0.00,		0.03,		0.07,
552,		0.00,		0.03,		0.07,
553,		0.00,		0.03,		0.07,
554,		0.00,		0.03,		0.07,
555,		0.00,		0.03,		0.07,
556,		0.00,		0.03,		0.07,
557,		0.00,		0.03,		0.07,
558,		0.00,		0.03,		0.07,
559,		0.00,		0.03,		0.07,
560,		0.00,		0.03,		0.07,
561,		0.00,		0.03,		0.07,
562,		0.00,		0.03,		0.07,
563,		0.00,		0.03,		0.06,
564,		0.00,		0.03,		0.06,
565,		0.00,		0.03,		0.06,
566,		0.00,		0.03,		0.06,
567,		0.00,		0.03,		0.06,
568,		0.00,		0.03,		0.06,
569,		0.00,		0.03,		0.06,
570,		0.00,		0.03,		0.06,
571,		0.00,		0.03,		0.06,
572,		0.00,		0.03,		0.06,
573,		0.00,		0.03,		0.06,
574,		0.00,		0.03,		0.06,
575,		0.00,		0.03,		0.06,
576,		0.00,		0.03,		0.06,
577,		0.00,		0.03,		0.06,
578,		0.00,		0.03,		0.06,
579,		0.00,		0.03,		0.06,
580,		0.00,		0.03,		0.06,
581,		0.00,		0.03,		0.06,
582,		0.00,		0.03,		0.06,
583,		0.00,		0.03,		0.06,
584,		0.00,		0.03,		0.06,
585,		0.00,		0.03,		0.06,
586,		0.00,		0.03,		0.06,
587,		0.00,		0.03,		0.06,
588,		0.00,		0.03,		0.06,
589,		0.00,		0.03,		0.06,
590,		0.00,		0.03,		0.06,
591,		0.00,		0.03,		0.06,
592,		0.00,		0.03,		0.06,
593,		0.00,		0.03,		0.06,
594,		0.00,		0.03,		0.06,
595,		0.00,		0.03,		0.06,
596,		0.00,		0.03,		0.06,
597,		0.00,		0.03,		0.06,
598,		0.00,		0.03,		0.06,
599,		0.00,		0.03,		0.06,
600,		0.00,		0.03,		0.06,
601,		0.00,		0.03,		0.06,
602,		0.00,		0.03,		0.06,
603,		0.00,		0.03,		0.06,
604,		0.00,		0.03,		0.06,
605,		0.00,		0.03,		0.06,
606,		0.00,		0.03,		0.06,
607,		0.00,		0.03,		0.06,
608,		0.00,		0.03,		0.06,
609,		0.00,		0.03,		0.06,
610,		0.00,		0.03,		0.06,
611,		0.00,		0.03,		0.06,
612,		0.00,		0.03,		0.06,
613,		0.00,		0.03,		0.06,
614,		0.00,		0.03,		0.06,
615,		0.00,		0.03,		0.06,
616,		0.00,		0.03,		0.06,
617,		0.00,		0.03,		0.06,
618,		0.00,		0.03,		0.06,
619,		0.00,		0.03,		0.06,
620,		0.00,		0.03,		0.06,
621,		0.00,		0.03,		0.06,
622,		0.00,		0.03,		0.06,
623,		0.00,		0.03,		0.06,
624,		0.00,		0.03,		0.06,
625,		0.00,		0.03,		0.06,
626,		0.00,		0.03,		0.06,
627,		0.00,		0.03,		0.06,
628,		0.00,		0.03,		0.06,
629,		0.00,		0.03,		0.06,
630,		0.00,		0.03,		0.06,
631,		0.00,		0.03,		0.06,
632,		0.00,		0.03,		0.06,
633,		0.00,		0.03,		0.06,
634,		0.00,		0.03,		0.06,
635,		0.00,		0.03,		0.06,
636,		0.00,		0.03,		0.06,
637,		0.00,		0.03,		0.05,
638,		0.00,		0.03,		0.05,
639,		0.00,		0.03,		0.05,
640,		0.00,		0.03,		0.05,
641,		0.00,		0.03,		0.05,
642,		0.00,		0.03,		0.05,
643,		0.00,		0.03,		0.05,
644,		0.00,		0.03,		0.05,
645,		0.00,		0.03,		0.05,
646,		0.00,		0.03,		0.05,
647,		0.00,		0.03,		0.05,
648,		0.00,		0.03,		0.05,
649,		0.00,		0.03,		0.05,
650,		0.00,		0.03,		0.05,
651,		0.00,		0.03,		0.05,
652,		0.00,		0.03,		0.05,
653,		0.00,		0.03,		0.05,
654,		0.00,		0.03,		0.05,
655,		0.00,		0.03,		0.05,
656,		0.00,		0.03,		0.05,
657,		0.00,		0.03,		0.05,
658,		0.00,		0.03,		0.05,
659,		0.00,		0.03,		0.05,
660,		0.00,		0.03,		0.05,
661,		0.00,		0.03,		0.05,
662,		0.00,		0.03,		0.05,
663,		0.00,		0.03,		0.05,
664,		0.00,		0.03,		0.05,
665,		0.00,		0.03,		0.05,
666,		0.00,		0.03,		0.05,
667,		0.00,		0.03,		0.05,
668,		0.00,		0.03,		0.05,
669,		0.00,		0.03,		0.05,
670,		0.00,		0.03,		0.05,
671,		0.00,		0.03,		0.05,
672,		0.00,		0.03,		0.05,
673,		0.00,		0.03,		0.05,
674,		0.00,		0.03,		0.05,
675,		0.00,		0.03,		0.05,
676,		0.00,		0.03,		0.05,
677,		0.00,		0.03,		0.05,
678,		0.00,		0.03,		0.05,
679,		0.00,		0.03,		0.05,
680,		0.00,		0.03,		0.05,
681,		0.00,		0.03,		0.05,
682,		0.00,		0.03,		0.05,
683,		0.00,		0.03,		0.05,
684,		0.00,		0.03,		0.05,
685,		0.00,		0.03,		0.05,
686,		0.00,		0.03,		0.05,
687,		0.00,		0.02,		0.05,
688,		0.00,		0.02,		0.05,
689,		0.00,		0.02,		0.05,
690,		0.00,		0.02,		0.05,
691,		0.00,		0.02,		0.05,
692,		0.00,		0.02,		0.05,
693,		0.00,		0.02,		0.05,
694,		0.00,		0.02,		0.05,
695,		0.00,		0.02,		0.05,
696,		0.00,		0.02,		0.05,
697,		0.00,		0.02,		0.05,
698,		0.00,		0.02,		0.05,
699,		0.00,		0.02,		0.05,
700,		0.00,		0.02,		0.05,
701,		0.00,		0.02,		0.05,
702,		0.00,		0.02,		0.05,
703,		0.00,		0.02,		0.05,
704,		0.00,		0.02,		0.05,
705,		0.00,		0.02,		0.05,
706,		0.00,		0.02,		0.05,
707,		0.00,		0.02,		0.05,
708,		0.00,		0.02,		0.05,
709,		0.00,		0.02,		0.05,
710,		0.00,		0.02,		0.05,
711,		0.00,		0.02,		0.05,
712,		0.00,		0.02,		0.05,
713,		0.00,		0.02,		0.05,
714,		0.00,		0.02,		0.05,
715,		0.00,		0.02,		0.05,
716,		0.00,		0.02,		0.05,
717,		0.00,		0.02,		0.05,
718,		0.00,		0.02,		0.05,
719,		0.00,		0.02,		0.05,
720,		0.00,		0.02,		0.05,
721,		0.00,		0.02,		0.05,
722,		0.00,		0.02,		0.05,
723,		0.00,		0.02,		0.05,
724,		0.00,		0.02,		0.05,
725,		0.00,		0.02,		0.05,
726,		0.00,		0.02,		0.04,
727,		0.00,		0.02,		0.04,
728,		0.00,		0.02,		0.04,
729,		0.00,		0.02,		0.04,
730,		0.00,		0.02,		0.04,
731,		0.00,		0.02,		0.04,
732,		0.00,		0.02,		0.04,
733,		0.00,		0.02,		0.04,
734,		0.00,		0.02,		0.04,
735,		0.00,		0.02,		0.04,
736,		0.00,		0.02,		0.04,
737,		0.00,		0.02,		0.04,
738,		0.00,		0.02,		0.04,
739,		0.00,		0.02,		0.04,
740,		0.00,		0.02,		0.04,
741,		0.00,		0.02,		0.04,
742,		0.00,		0.02,		0.04,
743,		0.00,		0.02,		0.04,
744,		0.00,		0.02,		0.04,
745,		0.00,		0.02,		0.04,
746,		0.00,		0.02,		0.04,
747,		0.00,		0.02,		0.04,
748,		0.00,		0.02,		0.04,
749,		0.00,		0.02,		0.04,
750,		0.00,		0.02,		0.04,
751,		0.00,		0.02,		0.04,
752,		0.00,		0.02,		0.04,
753,		0.00,		0.02,		0.04,
754,		0.00,		0.02,		0.04,
755,		0.00,		0.02,		0.04,
756,		0.00,		0.02,		0.04,
757,		0.00,		0.02,		0.04,
758,		0.00,		0.02,		0.04,
759,		0.00,		0.02,		0.04,
760,		0.00,		0.02,		0.04,
761,		0.00,		0.02,		0.04,
762,		0.00,		0.02,		0.04,
763,		0.00,		0.02,		0.04,
764,		0.00,		0.02,		0.04,
765,		0.00,		0.02,		0.04,
766,		0.00,		0.02,		0.04,
767,		0.00,		0.02,		0.04,
768,		0.00,		0.02,		0.04,
769,		0.00,		0.02,		0.04,
770,		0.00,		0.02,		0.04,
771,		0.00,		0.02,		0.04,
772,		0.00,		0.02,		0.04,
773,		0.00,		0.02,		0.04,
774,		0.00,		0.02,		0.04,
775,		0.00,		0.02,		0.04,
776,		0.00,		0.02,		0.04,
777,		0.00,		0.02,		0.04,
778,		0.00,		0.02,		0.04,
779,		0.00,		0.02,		0.04,
780,		0.00,		0.02,		0.04,
781,		0.00,		0.02,		0.04,
782,		0.00,		0.02,		0.04,
783,		0.00,		0.02,		0.04,
784,		0.00,		0.02,		0.04,
785,		0.00,		0.02,		0.04,
786,		0.00,		0.02,		0.04,
787,		0.00,		0.02,		0.04,
788,		0.00,		0.02,		0.04,
789,		0.00,		0.02,		0.04,
790,		0.00,		0.02,		0.04,
791,		0.00,		0.02,		0.04,
792,		0.00,		0.02,		0.04,
793,		0.00,		0.02,		0.04,
794,		0.00,		0.02,		0.04,
795,		0.00,		0.02,		0.04,
796,		0.00,		0.02,		0.04,
797,		0.00,		0.02,		0.04,
798,		0.00,		0.02,		0.04,
799,		0.00,		0.02,		0.04,
800,		0.00,		0.02,		0.04,
801,		0.00,		0.02,		0.04,
802,		0.00,		0.02,		0.04,
803,		0.00,		0.02,		0.04,
804,		0.00,		0.02,		0.04,
805,		0.00,		0.02,		0.04,
806,		0.00,		0.02,		0.04,
807,		0.00,		0.02,		0.04,
808,		0.00,		0.02,		0.04,
809,		0.00,		0.02,		0.04,
810,		0.00,		0.02,		0.04,
811,		0.00,		0.02,		0.04,
812,		0.00,		0.02,		0.04,
813,		0.00,		0.02,		0.04,
814,		0.00,		0.02,		0.04,
815,		0.00,		0.02,		0.04,
816,		0.00,		0.02,		0.04,
817,		0.00,		0.02,		0.04,
818,		0.00,		0.02,		0.04,
819,		0.00,		0.02,		0.04,
820,		0.00,		0.02,		0.04,
821,		0.00,		0.02,		0.04,
822,		0.00,		0.02,		0.04,
823,		0.00,		0.02,		0.04,
824,		0.00,		0.02,		0.04,
825,		0.00,		0.02,		0.04,
826,		0.00,		0.02,		0.04,
827,		0.00,		0.02,		0.04,
828,		0.00,		0.02,		0.04,
829,		0.00,		0.02,		0.04,
830,		0.00,		0.02,		0.04,
831,		0.00,		0.02,		0.04,
832,		0.00,		0.02,		0.04,
833,		0.00,		0.02,		0.04,
834,		0.00,		0.02,		0.04,
835,		0.00,		0.02,		0.04,
836,		0.00,		0.02,		0.04,
837,		0.00,		0.02,		0.04,
838,		0.00,		0.02,		0.04,
839,		0.00,		0.02,		0.04,
840,		0.00,		0.02,		0.04,
841,		0.00,		0.02,		0.04,
842,		0.00,		0.02,		0.04,
843,		0.00,		0.02,		0.04,
844,		0.00,		0.02,		0.04,
845,		0.00,		0.02,		0.04,
846,		0.00,		0.02,		0.04,
847,		0.00,		0.02,		0.04,
848,		0.00,		0.02,		0.04,
849,		0.00,		0.02,		0.04,
850,		0.00,		0.02,		0.04,
851,		0.00,		0.02,		0.04,
852,		0.00,		0.02,		0.04,
853,		0.00,		0.02,		0.04,
854,		0.00,		0.02,		0.04,
855,		0.00,		0.02,		0.04,
856,		0.00,		0.02,		0.04,
857,		0.00,		0.02,		0.04,
858,		0.00,		0.02,		0.04,
859,		0.00,		0.02,		0.04,
860,		0.00,		0.02,		0.04,
861,		0.00,		0.02,		0.04,
862,		0.00,		0.02,		0.04,
863,		0.00,		0.02,		0.04,
864,		0.00,		0.02,		0.04,
865,		0.00,		0.02,		0.04,
866,		0.00,		0.02,		0.04,
867,		0.00,		0.02,		0.04,
868,		0.00,		0.02,		0.04,
869,		0.00,		0.02,		0.04,
870,		0.00,		0.02,		0.04,
871,		0.00,		0.02,		0.04,
872,		0.00,		0.02,		0.04,
873,		0.00,		0.02,		0.04,
874,		0.00,		0.02,		0.04,
875,		0.00,		0.02,		0.04,
876,		0.00,		0.02,		0.04,
877,		0.00,		0.02,		0.04,
878,		0.00,		0.02,		0.04,
879,		0.00,		0.02,		0.04,
880,		0.00,		0.02,		0.04,
881,		0.00,		0.02,		0.04,
882,		0.00,		0.02,		0.04,
883,		0.00,		0.02,		0.04,
884,		0.00,		0.02,		0.04,
885,		0.00,		0.02,		0.04,
886,		0.00,		0.02,		0.04,
887,		0.00,		0.02,		0.04,
888,		0.00,		0.02,		0.04,
889,		0.00,		0.02,		0.04,
890,		0.00,		0.02,		0.04,
891,		0.00,		0.02,		0.04,
892,		0.00,		0.02,		0.04,
893,		0.00,		0.02,		0.04,
894,		0.00,		0.02,		0.04,
895,		0.00,		0.02,		0.04,
896,		0.00,		0.02,		0.04,
897,		0.00,		0.02,		0.04,
898,		0.00,		0.02,		0.04,
899,		0.00,		0.02,		0.03,
900,		0.00,		0.02,		0.03,
901,		0.00,		0.02,		0.03,
902,		0.00,		0.02,		0.03,
903,		0.00,		0.02,		0.03,
904,		0.00,		0.02,		0.03,
905,		0.00,		0.02,		0.03,
906,		0.00,		0.02,		0.03,
907,		0.00,		0.02,		0.03,
908,		0.00,		0.02,		0.03,
909,		0.00,		0.02,		0.03,
910,		0.00,		0.02,		0.03,
911,		0.00,		0.02,		0.03,
912,		0.00,		0.02,		0.03,
913,		0.00,		0.02,		0.03,
914,		0.00,		0.02,		0.03,
915,		0.00,		0.02,		0.03,
916,		0.00,		0.02,		0.03,
917,		0.00,		0.02,		0.03,
918,		0.00,		0.02,		0.03,
919,		0.00,		0.02,		0.03,
920,		0.00,		0.02,		0.03,
921,		0.00,		0.02,		0.03,
922,		0.00,		0.02,		0.03,
923,		0.00,		0.02,		0.03,
924,		0.00,		0.02,		0.03,
925,		0.00,		0.02,		0.03,
926,		0.00,		0.02,		0.03,
927,		0.00,		0.02,		0.03,
928,		0.00,		0.02,		0.03,
929,		0.00,		0.02,		0.03,
930,		0.00,		0.02,		0.03,
931,		0.00,		0.02,		0.03,
932,		0.00,		0.02,		0.03,
933,		0.00,		0.02,		0.03,
934,		0.00,		0.02,		0.03,
935,		0.00,		0.02,		0.03,
936,		0.00,		0.02,		0.03,
937,		0.00,		0.02,		0.03,
938,		0.00,		0.02,		0.03,
939,		0.00,		0.02,		0.03,
940,		0.00,		0.02,		0.03,
941,		0.00,		0.02,		0.03,
942,		0.00,		0.02,		0.03,
943,		0.00,		0.02,		0.03,
944,		0.00,		0.02,		0.03,
945,		0.00,		0.02,		0.03,
946,		0.00,		0.02,		0.03,
947,		0.00,		0.02,		0.03,
948,		0.00,		0.02,		0.03,
949,		0.00,		0.02,		0.03,
950,		0.00,		0.02,		0.03,
951,		0.00,		0.02,		0.03,
952,		0.00,		0.02,		0.03,
953,		0.00,		0.02,		0.03,
954,		0.00,		0.02,		0.03,
955,		0.00,		0.02,		0.03,
956,		0.00,		0.02,		0.03,
957,		0.00,		0.02,		0.03,
958,		0.00,		0.02,		0.03,
959,		0.00,		0.02,		0.03,
960,		0.00,		0.02,		0.03,
961,		0.00,		0.02,		0.03,
962,		0.00,		0.02,		0.03,
963,		0.00,		0.02,		0.03,
964,		0.00,		0.02,		0.03,
965,		0.00,		0.02,		0.03,
966,		0.00,		0.02,		0.03,
967,		0.00,		0.02,		0.03,
968,		0.00,		0.02,		0.03,
969,		0.00,		0.02,		0.03,
970,		0.00,		0.02,		0.03,
971,		0.00,		0.02,		0.03,
972,		0.00,		0.02,		0.03,
973,		0.00,		0.02,		0.03,
974,		0.00,		0.02,		0.03,
975,		0.00,		0.02,		0.03,
976,		0.00,		0.02,		0.03,
977,		0.00,		0.02,		0.03,
978,		0.00,		0.02,		0.03,
979,		0.00,		0.02,		0.03,
980,		0.00,		0.02,		0.03,
981,		0.00,		0.02,		0.03,
982,		0.00,		0.02,		0.03,
983,		0.00,		0.02,		0.03,
984,		0.00,		0.02,		0.03,
985,		0.00,		0.02,		0.03,
986,		0.00,		0.02,		0.03,
987,		0.00,		0.02,		0.03,
988,		0.00,		0.02,		0.03,
989,		0.00,		0.02,		0.03,
990,		0.00,		0.02,		0.03,
991,		0.00,		0.02,		0.03,
992,		0.00,		0.02,		0.03,
993,		0.00,		0.02,		0.03,
994,		0.00,		0.02,		0.03,
995,		0.00,		0.02,		0.03,
996,		0.00,		0.02,		0.03,
997,		0.00,		0.02,		0.03,
998,		0.00,		0.02,		0.03,
999,		0.00,		0.02,		0.03,
