RANDOM_SEED, 1699001296
GEN,		MIN,			AVE,			MAX,
0,		91.44,		251.17,		505.40,
1,		91.44,		211.42,		270.05,
2,		64.43,		134.87,		186.12,
3,		47.91,		84.37,		110.42,
4,		39.96,		59.40,		72.08,
5,		32.03,		53.05,		62.38,
6,		26.37,		45.18,		50.50,
7,		26.37,		42.33,		46.84,
8,		26.37,		36.45,		42.26,
9,		24.35,		33.12,		36.40,
10,		21.09,		30.89,		33.76,
11,		18.95,		29.27,		32.14,
12,		18.95,		27.31,		30.01,
13,		18.95,		26.00,		28.47,
14,		18.95,		25.06,		27.29,
15,		18.53,		24.37,		26.47,
16,		17.52,		23.94,		25.84,
17,		17.51,		23.60,		25.50,
18,		12.14,		22.05,		24.39,
19,		12.04,		20.62,		23.13,
20,		7.48,		18.51,		21.66,
21,		6.29,		15.64,		19.06,
22,		4.44,		13.51,		16.30,
23,		4.44,		12.31,		14.60,
24,		3.04,		11.63,		13.74,
25,		3.04,		11.31,		13.32,
26,		3.04,		11.01,		12.94,
27,		3.04,		10.78,		12.61,
28,		3.04,		10.57,		12.35,
29,		3.04,		10.40,		12.14,
30,		3.04,		10.18,		11.98,
31,		3.04,		10.05,		11.81,
32,		3.04,		9.91,		11.66,
33,		3.04,		9.76,		11.48,
34,		1.82,		9.53,		11.27,
35,		1.82,		9.33,		10.96,
36,		1.82,		9.18,		10.79,
37,		1.82,		8.96,		10.54,
38,		1.82,		8.85,		10.41,
39,		1.82,		8.72,		10.27,
40,		1.82,		8.64,		10.15,
41,		1.82,		8.52,		10.03,
42,		1.82,		8.44,		9.94,
43,		1.82,		8.33,		9.83,
44,		1.82,		8.25,		9.75,
45,		1.82,		8.13,		9.60,
46,		1.82,		8.06,		9.50,
47,		1.82,		7.95,		9.40,
48,		1.82,		7.89,		9.28,
49,		1.82,		7.85,		9.19,
50,		1.82,		7.82,		9.14,
51,		1.82,		7.73,		9.08,
52,		1.82,		7.67,		8.99,
53,		1.82,		7.61,		8.92,
54,		1.82,		7.56,		8.86,
55,		1.82,		7.51,		8.81,
56,		0.09,		7.44,		8.73,
57,		0.09,		7.33,		8.61,
58,		0.09,		7.28,		8.57,
59,		0.09,		7.13,		8.47,
60,		0.09,		6.99,		8.36,
61,		0.09,		6.87,		8.24,
62,		0.09,		6.76,		8.12,
63,		0.09,		6.64,		8.01,
64,		0.09,		6.51,		7.91,
65,		0.09,		6.37,		7.78,
66,		0.09,		6.27,		7.70,
67,		0.09,		6.16,		7.56,
68,		0.09,		6.06,		7.46,
69,		0.09,		5.97,		7.36,
70,		0.09,		5.89,		7.30,
71,		0.09,		5.80,		7.23,
72,		0.09,		5.71,		7.14,
73,		0.09,		5.64,		7.05,
74,		0.09,		5.56,		6.96,
75,		0.07,		5.44,		6.92,
76,		0.07,		5.37,		6.81,
77,		0.07,		5.30,		6.73,
78,		0.07,		5.25,		6.65,
79,		0.07,		5.20,		6.56,
80,		0.07,		5.10,		6.45,
81,		0.07,		5.04,		6.38,
82,		0.07,		4.95,		6.33,
83,		0.07,		4.91,		6.29,
84,		0.07,		4.76,		6.16,
85,		0.07,		4.68,		6.09,
86,		0.07,		4.64,		6.05,
87,		0.07,		4.57,		5.97,
88,		0.07,		4.50,		5.88,
89,		0.07,		4.49,		5.86,
90,		0.07,		4.41,		5.79,
91,		0.07,		4.33,		5.74,
92,		0.07,		4.30,		5.72,
93,		0.07,		4.24,		5.68,
94,		0.07,		4.15,		5.61,
95,		0.07,		4.08,		5.53,
96,		0.07,		4.03,		5.47,
97,		0.07,		3.99,		5.42,
98,		0.07,		3.93,		5.35,
99,		0.07,		3.85,		5.31,
100,		0.07,		3.71,		5.21,
101,		0.07,		3.63,		5.17,
102,		0.07,		3.57,		5.10,
103,		0.07,		3.52,		5.05,
104,		0.02,		3.43,		4.95,
105,		0.02,		3.18,		4.70,
106,		0.01,		2.93,		4.44,
107,		0.01,		2.66,		4.11,
108,		0.01,		2.48,		3.94,
109,		0.01,		2.31,		3.75,
110,		0.01,		2.19,		3.59,
111,		0.01,		2.04,		3.41,
112,		0.01,		1.86,		3.16,
113,		0.01,		1.73,		3.03,
114,		0.00,		1.62,		2.88,
115,		0.00,		1.48,		2.69,
116,		0.00,		1.39,		2.51,
117,		0.00,		1.30,		2.36,
118,		0.00,		1.23,		2.21,
119,		0.00,		1.15,		2.08,
120,		0.00,		1.07,		1.98,
121,		0.00,		1.01,		1.90,
122,		0.00,		0.97,		1.83,
123,		0.00,		0.91,		1.74,
124,		0.00,		0.87,		1.67,
125,		0.00,		0.84,		1.64,
126,		0.00,		0.80,		1.56,
127,		0.00,		0.78,		1.53,
128,		0.00,		0.74,		1.47,
129,		0.00,		0.72,		1.41,
130,		0.00,		0.69,		1.35,
131,		0.00,		0.66,		1.28,
132,		0.00,		0.62,		1.19,
133,		0.00,		0.61,		1.16,
134,		0.00,		0.58,		1.12,
135,		0.00,		0.57,		1.10,
136,		0.00,		0.54,		1.06,
137,		0.00,		0.53,		1.05,
138,		0.00,		0.51,		1.01,
139,		0.00,		0.49,		0.97,
140,		0.00,		0.47,		0.92,
141,		0.00,		0.45,		0.90,
142,		0.00,		0.43,		0.86,
143,		0.00,		0.42,		0.80,
144,		0.00,		0.41,		0.77,
145,		0.00,		0.39,		0.76,
146,		0.00,		0.38,		0.74,
147,		0.00,		0.38,		0.73,
148,		0.00,		0.37,		0.71,
149,		0.00,		0.36,		0.70,
150,		0.00,		0.35,		0.68,
151,		0.00,		0.34,		0.67,
152,		0.00,		0.34,		0.66,
153,		0.00,		0.33,		0.64,
154,		0.00,		0.32,		0.63,
155,		0.00,		0.31,		0.61,
156,		0.00,		0.31,		0.60,
157,		0.00,		0.30,		0.59,
158,		0.00,		0.30,		0.58,
159,		0.00,		0.29,		0.58,
160,		0.00,		0.29,		0.56,
161,		0.00,		0.28,		0.55,
162,		0.00,		0.28,		0.55,
163,		0.00,		0.27,		0.54,
164,		0.00,		0.27,		0.53,
165,		0.00,		0.27,		0.52,
166,		0.00,		0.26,		0.51,
167,		0.00,		0.26,		0.50,
168,		0.00,		0.25,		0.49,
169,		0.00,		0.25,		0.48,
170,		0.00,		0.25,		0.48,
171,		0.00,		0.24,		0.47,
172,		0.00,		0.24,		0.46,
173,		0.00,		0.24,		0.46,
174,		0.00,		0.23,		0.46,
175,		0.00,		0.23,		0.46,
176,		0.00,		0.23,		0.45,
177,		0.00,		0.22,		0.45,
178,		0.00,		0.22,		0.44,
179,		0.00,		0.22,		0.44,
180,		0.00,		0.21,		0.43,
181,		0.00,		0.21,		0.43,
182,		0.00,		0.21,		0.42,
183,		0.00,		0.21,		0.41,
184,		0.00,		0.20,		0.40,
185,		0.00,		0.20,		0.39,
186,		0.00,		0.19,		0.38,
187,		0.00,		0.19,		0.38,
188,		0.00,		0.19,		0.37,
189,		0.00,		0.18,		0.37,
190,		0.00,		0.18,		0.37,
191,		0.00,		0.18,		0.36,
192,		0.00,		0.18,		0.36,
193,		0.00,		0.18,		0.35,
194,		0.00,		0.17,		0.35,
195,		0.00,		0.17,		0.34,
196,		0.00,		0.17,		0.34,
197,		0.00,		0.17,		0.34,
198,		0.00,		0.17,		0.34,
199,		0.00,		0.17,		0.33,
200,		0.00,		0.16,		0.33,
201,		0.00,		0.16,		0.33,
202,		0.00,		0.16,		0.33,
203,		0.00,		0.16,		0.33,
204,		0.00,		0.16,		0.32,
205,		0.00,		0.16,		0.32,
206,		0.00,		0.16,		0.31,
207,		0.00,		0.15,		0.31,
208,		0.00,		0.15,		0.31,
209,		0.00,		0.15,		0.31,
210,		0.00,		0.15,		0.30,
211,		0.00,		0.15,		0.30,
212,		0.00,		0.15,		0.30,
213,		0.00,		0.14,		0.30,
214,		0.00,		0.14,		0.29,
215,		0.00,		0.14,		0.29,
216,		0.00,		0.14,		0.29,
217,		0.00,		0.14,		0.28,
218,		0.00,		0.14,		0.28,
219,		0.00,		0.14,		0.28,
220,		0.00,		0.14,		0.28,
221,		0.00,		0.14,		0.28,
222,		0.00,		0.13,		0.28,
223,		0.00,		0.13,		0.27,
224,		0.00,		0.13,		0.26,
225,		0.00,		0.13,		0.26,
226,		0.00,		0.13,		0.26,
227,		0.00,		0.13,		0.26,
228,		0.00,		0.12,		0.25,
229,		0.00,		0.12,		0.25,
230,		0.00,		0.12,		0.25,
231,		0.00,		0.12,		0.25,
232,		0.00,		0.12,		0.25,
233,		0.00,		0.12,		0.24,
234,		0.00,		0.12,		0.24,
235,		0.00,		0.12,		0.24,
236,		0.00,		0.11,		0.24,
237,		0.00,		0.11,		0.24,
238,		0.00,		0.11,		0.24,
239,		0.00,		0.11,		0.23,
240,		0.00,		0.11,		0.23,
241,		0.00,		0.11,		0.22,
242,		0.00,		0.11,		0.22,
243,		0.00,		0.11,		0.22,
244,		0.00,		0.11,		0.22,
245,		0.00,		0.11,		0.21,
246,		0.00,		0.11,		0.21,
247,		0.00,		0.10,		0.21,
248,		0.00,		0.10,		0.21,
249,		0.00,		0.10,		0.20,
250,		0.00,		0.10,		0.20,
251,		0.00,		0.10,		0.20,
252,		0.00,		0.10,		0.20,
253,		0.00,		0.10,		0.20,
254,		0.00,		0.10,		0.20,
255,		0.00,		0.10,		0.20,
256,		0.00,		0.10,		0.19,
257,		0.00,		0.10,		0.19,
258,		0.00,		0.10,		0.19,
259,		0.00,		0.10,		0.19,
260,		0.00,		0.09,		0.19,
261,		0.00,		0.09,		0.19,
262,		0.00,		0.09,		0.19,
263,		0.00,		0.09,		0.19,
264,		0.00,		0.09,		0.18,
265,		0.00,		0.09,		0.18,
266,		0.00,		0.09,		0.18,
267,		0.00,		0.09,		0.18,
268,		0.00,		0.09,		0.18,
269,		0.00,		0.09,		0.18,
270,		0.00,		0.09,		0.18,
271,		0.00,		0.09,		0.18,
272,		0.00,		0.09,		0.17,
273,		0.00,		0.09,		0.17,
274,		0.00,		0.09,		0.17,
275,		0.00,		0.09,		0.17,
276,		0.00,		0.09,		0.17,
277,		0.00,		0.09,		0.17,
278,		0.00,		0.09,		0.17,
279,		0.00,		0.09,		0.17,
280,		0.00,		0.08,		0.17,
281,		0.00,		0.08,		0.17,
282,		0.00,		0.08,		0.17,
283,		0.00,		0.08,		0.17,
284,		0.00,		0.08,		0.17,
285,		0.00,		0.08,		0.17,
286,		0.00,		0.08,		0.16,
287,		0.00,		0.08,		0.16,
288,		0.00,		0.08,		0.16,
289,		0.00,		0.08,		0.16,
290,		0.00,		0.08,		0.16,
291,		0.00,		0.08,		0.16,
292,		0.00,		0.08,		0.16,
293,		0.00,		0.08,		0.16,
294,		0.00,		0.08,		0.15,
295,		0.00,		0.08,		0.15,
296,		0.00,		0.08,		0.15,
297,		0.00,		0.08,		0.15,
298,		0.00,		0.08,		0.15,
299,		0.00,		0.08,		0.15,
300,		0.00,		0.08,		0.15,
301,		0.00,		0.08,		0.15,
302,		0.00,		0.08,		0.15,
303,		0.00,		0.08,		0.15,
304,		0.00,		0.08,		0.15,
305,		0.00,		0.07,		0.15,
306,		0.00,		0.07,		0.15,
307,		0.00,		0.07,		0.15,
308,		0.00,		0.07,		0.15,
309,		0.00,		0.07,		0.14,
310,		0.00,		0.07,		0.14,
311,		0.00,		0.07,		0.14,
312,		0.00,		0.07,		0.14,
313,		0.00,		0.07,		0.14,
314,		0.00,		0.07,		0.14,
315,		0.00,		0.07,		0.14,
316,		0.00,		0.07,		0.14,
317,		0.00,		0.07,		0.14,
318,		0.00,		0.07,		0.14,
319,		0.00,		0.07,		0.14,
320,		0.00,		0.07,		0.14,
321,		0.00,		0.07,		0.14,
322,		0.00,		0.07,		0.14,
323,		0.00,		0.07,		0.14,
324,		0.00,		0.07,		0.13,
325,		0.00,		0.07,		0.13,
326,		0.00,		0.07,		0.13,
327,		0.00,		0.06,		0.13,
328,		0.00,		0.06,		0.13,
329,		0.00,		0.06,		0.13,
330,		0.00,		0.06,		0.13,
331,		0.00,		0.06,		0.13,
332,		0.00,		0.06,		0.13,
333,		0.00,		0.06,		0.13,
334,		0.00,		0.06,		0.13,
335,		0.00,		0.06,		0.13,
336,		0.00,		0.06,		0.13,
337,		0.00,		0.06,		0.13,
338,		0.00,		0.06,		0.13,
339,		0.00,		0.06,		0.12,
340,		0.00,		0.06,		0.12,
341,		0.00,		0.06,		0.12,
342,		0.00,		0.06,		0.12,
343,		0.00,		0.06,		0.12,
344,		0.00,		0.06,		0.12,
345,		0.00,		0.06,		0.12,
346,		0.00,		0.06,		0.12,
347,		0.00,		0.06,		0.12,
348,		0.00,		0.06,		0.12,
349,		0.00,		0.06,		0.12,
350,		0.00,		0.06,		0.12,
351,		0.00,		0.06,		0.12,
352,		0.00,		0.06,		0.12,
353,		0.00,		0.06,		0.12,
354,		0.00,		0.06,		0.12,
355,		0.00,		0.06,		0.12,
356,		0.00,		0.06,		0.12,
357,		0.00,		0.06,		0.12,
358,		0.00,		0.06,		0.12,
359,		0.00,		0.06,		0.12,
360,		0.00,		0.06,		0.12,
361,		0.00,		0.06,		0.12,
362,		0.00,		0.06,		0.11,
363,		0.00,		0.06,		0.11,
364,		0.00,		0.06,		0.11,
365,		0.00,		0.06,		0.11,
366,		0.00,		0.06,		0.11,
367,		0.00,		0.06,		0.11,
368,		0.00,		0.06,		0.11,
369,		0.00,		0.06,		0.11,
370,		0.00,		0.05,		0.11,
371,		0.00,		0.05,		0.11,
372,		0.00,		0.05,		0.11,
373,		0.00,		0.05,		0.11,
374,		0.00,		0.05,		0.11,
375,		0.00,		0.05,		0.11,
376,		0.00,		0.05,		0.11,
377,		0.00,		0.05,		0.11,
378,		0.00,		0.05,		0.11,
379,		0.00,		0.05,		0.11,
380,		0.00,		0.05,		0.11,
381,		0.00,		0.05,		0.11,
382,		0.00,		0.05,		0.11,
383,		0.00,		0.05,		0.11,
384,		0.00,		0.05,		0.11,
385,		0.00,		0.05,		0.11,
386,		0.00,		0.05,		0.10,
387,		0.00,		0.05,		0.10,
388,		0.00,		0.05,		0.10,
389,		0.00,		0.05,		0.10,
390,		0.00,		0.05,		0.10,
391,		0.00,		0.05,		0.10,
392,		0.00,		0.05,		0.10,
393,		0.00,		0.05,		0.10,
394,		0.00,		0.05,		0.10,
395,		0.00,		0.05,		0.10,
396,		0.00,		0.05,		0.10,
397,		0.00,		0.05,		0.10,
398,		0.00,		0.05,		0.10,
399,		0.00,		0.05,		0.10,
400,		0.00,		0.05,		0.10,
401,		0.00,		0.05,		0.10,
402,		0.00,		0.05,		0.10,
403,		0.00,		0.05,		0.10,
404,		0.00,		0.05,		0.10,
405,		0.00,		0.05,		0.10,
406,		0.00,		0.05,		0.10,
407,		0.00,		0.05,		0.10,
408,		0.00,		0.05,		0.10,
409,		0.00,		0.05,		0.10,
410,		0.00,		0.05,		0.10,
411,		0.00,		0.05,		0.10,
412,		0.00,		0.05,		0.10,
413,		0.00,		0.05,		0.10,
414,		0.00,		0.05,		0.10,
415,		0.00,		0.05,		0.10,
416,		0.00,		0.05,		0.10,
417,		0.00,		0.05,		0.10,
418,		0.00,		0.05,		0.10,
419,		0.00,		0.05,		0.10,
420,		0.00,		0.05,		0.10,
421,		0.00,		0.05,		0.10,
422,		0.00,		0.05,		0.09,
423,		0.00,		0.05,		0.09,
424,		0.00,		0.05,		0.09,
425,		0.00,		0.05,		0.09,
426,		0.00,		0.05,		0.09,
427,		0.00,		0.05,		0.09,
428,		0.00,		0.05,		0.09,
429,		0.00,		0.05,		0.09,
430,		0.00,		0.05,		0.09,
431,		0.00,		0.05,		0.09,
432,		0.00,		0.05,		0.09,
433,		0.00,		0.05,		0.09,
434,		0.00,		0.05,		0.09,
435,		0.00,		0.05,		0.09,
436,		0.00,		0.05,		0.09,
437,		0.00,		0.04,		0.09,
438,		0.00,		0.04,		0.09,
439,		0.00,		0.04,		0.09,
440,		0.00,		0.04,		0.09,
441,		0.00,		0.04,		0.09,
442,		0.00,		0.04,		0.09,
443,		0.00,		0.04,		0.09,
444,		0.00,		0.04,		0.09,
445,		0.00,		0.04,		0.09,
446,		0.00,		0.04,		0.08,
447,		0.00,		0.04,		0.08,
448,		0.00,		0.04,		0.08,
449,		0.00,		0.04,		0.08,
450,		0.00,		0.04,		0.08,
451,		0.00,		0.04,		0.08,
452,		0.00,		0.04,		0.08,
453,		0.00,		0.04,		0.08,
454,		0.00,		0.04,		0.08,
455,		0.00,		0.04,		0.08,
456,		0.00,		0.04,		0.08,
457,		0.00,		0.04,		0.08,
458,		0.00,		0.04,		0.08,
459,		0.00,		0.04,		0.08,
460,		0.00,		0.04,		0.08,
461,		0.00,		0.04,		0.08,
462,		0.00,		0.04,		0.08,
463,		0.00,		0.04,		0.08,
464,		0.00,		0.04,		0.08,
465,		0.00,		0.04,		0.08,
466,		0.00,		0.04,		0.08,
467,		0.00,		0.04,		0.08,
468,		0.00,		0.04,		0.08,
469,		0.00,		0.04,		0.08,
470,		0.00,		0.04,		0.08,
471,		0.00,		0.04,		0.08,
472,		0.00,		0.04,		0.08,
473,		0.00,		0.04,		0.08,
474,		0.00,		0.04,		0.08,
475,		0.00,		0.04,		0.08,
476,		0.00,		0.04,		0.08,
477,		0.00,		0.04,		0.08,
478,		0.00,		0.04,		0.08,
479,		0.00,		0.04,		0.08,
480,		0.00,		0.04,		0.08,
481,		0.00,		0.04,		0.08,
482,		0.00,		0.04,		0.08,
483,		0.00,		0.04,		0.08,
484,		0.00,		0.04,		0.07,
485,		0.00,		0.04,		0.07,
486,		0.00,		0.04,		0.07,
487,		0.00,		0.04,		0.07,
488,		0.00,		0.04,		0.07,
489,		0.00,		0.04,		0.07,
490,		0.00,		0.04,		0.07,
491,		0.00,		0.04,		0.07,
492,		0.00,		0.04,		0.07,
493,		0.00,		0.04,		0.07,
494,		0.00,		0.04,		0.07,
495,		0.00,		0.04,		0.07,
496,		0.00,		0.04,		0.07,
497,		0.00,		0.04,		0.07,
498,		0.00,		0.04,		0.07,
499,		0.00,		0.04,		0.07,
500,		0.00,		0.04,		0.07,
501,		0.00,		0.04,		0.07,
502,		0.00,		0.04,		0.07,
503,		0.00,		0.04,		0.07,
504,		0.00,		0.04,		0.07,
505,		0.00,		0.04,		0.07,
506,		0.00,		0.04,		0.07,
507,		0.00,		0.04,		0.07,
508,		0.00,		0.04,		0.07,
509,		0.00,		0.03,		0.07,
510,		0.00,		0.03,		0.07,
511,		0.00,		0.03,		0.07,
512,		0.00,		0.03,		0.07,
513,		0.00,		0.03,		0.07,
514,		0.00,		0.03,		0.07,
515,		0.00,		0.03,		0.07,
516,		0.00,		0.03,		0.07,
517,		0.00,		0.03,		0.07,
518,		0.00,		0.03,		0.07,
519,		0.00,		0.03,		0.07,
520,		0.00,		0.03,		0.07,
521,		0.00,		0.03,		0.07,
522,		0.00,		0.03,		0.07,
523,		0.00,		0.03,		0.07,
524,		0.00,		0.03,		0.07,
525,		0.00,		0.03,		0.07,
526,		0.00,		0.03,		0.07,
527,		0.00,		0.03,		0.07,
528,		0.00,		0.03,		0.07,
529,		0.00,		0.03,		0.07,
530,		0.00,		0.03,		0.06,
531,		0.00,		0.03,		0.06,
532,		0.00,		0.03,		0.06,
533,		0.00,		0.03,		0.06,
534,		0.00,		0.03,		0.06,
535,		0.00,		0.03,		0.06,
536,		0.00,		0.03,		0.06,
537,		0.00,		0.03,		0.06,
538,		0.00,		0.03,		0.06,
539,		0.00,		0.03,		0.06,
540,		0.00,		0.03,		0.06,
541,		0.00,		0.03,		0.06,
542,		0.00,		0.03,		0.06,
543,		0.00,		0.03,		0.06,
544,		0.00,		0.03,		0.06,
545,		0.00,		0.03,		0.06,
546,		0.00,		0.03,		0.06,
547,		0.00,		0.03,		0.06,
548,		0.00,		0.03,		0.06,
549,		0.00,		0.03,		0.06,
550,		0.00,		0.03,		0.06,
551,		0.00,		0.03,		0.06,
552,		0.00,		0.03,		0.06,
553,		0.00,		0.03,		0.06,
554,		0.00,		0.03,		0.06,
555,		0.00,		0.03,		0.06,
556,		0.00,		0.03,		0.06,
557,		0.00,		0.03,		0.06,
558,		0.00,		0.03,		0.06,
559,		0.00,		0.03,		0.06,
560,		0.00,		0.03,		0.06,
561,		0.00,		0.03,		0.06,
562,		0.00,		0.03,		0.06,
563,		0.00,		0.03,		0.06,
564,		0.00,		0.03,		0.06,
565,		0.00,		0.03,		0.06,
566,		0.00,		0.03,		0.06,
567,		0.00,		0.03,		0.06,
568,		0.00,		0.03,		0.06,
569,		0.00,		0.03,		0.06,
570,		0.00,		0.03,		0.06,
571,		0.00,		0.03,		0.06,
572,		0.00,		0.03,		0.06,
573,		0.00,		0.03,		0.06,
574,		0.00,		0.03,		0.06,
575,		0.00,		0.03,		0.06,
576,		0.00,		0.03,		0.06,
577,		0.00,		0.03,		0.06,
578,		0.00,		0.03,		0.06,
579,		0.00,		0.03,		0.05,
580,		0.00,		0.03,		0.05,
581,		0.00,		0.03,		0.05,
582,		0.00,		0.03,		0.05,
583,		0.00,		0.03,		0.05,
584,		0.00,		0.03,		0.05,
585,		0.00,		0.03,		0.05,
586,		0.00,		0.03,		0.05,
587,		0.00,		0.03,		0.05,
588,		0.00,		0.03,		0.05,
589,		0.00,		0.03,		0.05,
590,		0.00,		0.03,		0.05,
591,		0.00,		0.03,		0.05,
592,		0.00,		0.03,		0.05,
593,		0.00,		0.03,		0.05,
594,		0.00,		0.03,		0.05,
595,		0.00,		0.03,		0.05,
596,		0.00,		0.03,		0.05,
597,		0.00,		0.03,		0.05,
598,		0.00,		0.03,		0.05,
599,		0.00,		0.03,		0.05,
600,		0.00,		0.03,		0.05,
601,		0.00,		0.03,		0.05,
602,		0.00,		0.03,		0.05,
603,		0.00,		0.03,		0.05,
604,		0.00,		0.03,		0.05,
605,		0.00,		0.03,		0.05,
606,		0.00,		0.03,		0.05,
607,		0.00,		0.03,		0.05,
608,		0.00,		0.03,		0.05,
609,		0.00,		0.03,		0.05,
610,		0.00,		0.03,		0.05,
611,		0.00,		0.03,		0.05,
612,		0.00,		0.03,		0.05,
613,		0.00,		0.03,		0.05,
614,		0.00,		0.03,		0.05,
615,		0.00,		0.03,		0.05,
616,		0.00,		0.03,		0.05,
617,		0.00,		0.03,		0.05,
618,		0.00,		0.03,		0.05,
619,		0.00,		0.03,		0.05,
620,		0.00,		0.03,		0.05,
621,		0.00,		0.03,		0.05,
622,		0.00,		0.03,		0.05,
623,		0.00,		0.02,		0.05,
624,		0.00,		0.02,		0.05,
625,		0.00,		0.02,		0.05,
626,		0.00,		0.02,		0.05,
627,		0.00,		0.02,		0.05,
628,		0.00,		0.02,		0.05,
629,		0.00,		0.02,		0.05,
630,		0.00,		0.02,		0.05,
631,		0.00,		0.02,		0.05,
632,		0.00,		0.02,		0.05,
633,		0.00,		0.02,		0.05,
634,		0.00,		0.02,		0.05,
635,		0.00,		0.02,		0.05,
636,		0.00,		0.02,		0.05,
637,		0.00,		0.02,		0.05,
638,		0.00,		0.02,		0.05,
639,		0.00,		0.02,		0.05,
640,		0.00,		0.02,		0.05,
641,		0.00,		0.02,		0.05,
642,		0.00,		0.02,		0.05,
643,		0.00,		0.02,		0.05,
644,		0.00,		0.02,		0.05,
645,		0.00,		0.02,		0.05,
646,		0.00,		0.02,		0.05,
647,		0.00,		0.02,		0.05,
648,		0.00,		0.02,		0.05,
649,		0.00,		0.02,		0.05,
650,		0.00,		0.02,		0.05,
651,		0.00,		0.02,		0.05,
652,		0.00,		0.02,		0.05,
653,		0.00,		0.02,		0.05,
654,		0.00,		0.02,		0.05,
655,		0.00,		0.02,		0.05,
656,		0.00,		0.02,		0.05,
657,		0.00,		0.02,		0.05,
658,		0.00,		0.02,		0.05,
659,		0.00,		0.02,		0.05,
660,		0.00,		0.02,		0.05,
661,		0.00,		0.02,		0.04,
662,		0.00,		0.02,		0.04,
663,		0.00,		0.02,		0.04,
664,		0.00,		0.02,		0.04,
665,		0.00,		0.02,		0.04,
666,		0.00,		0.02,		0.04,
667,		0.00,		0.02,		0.04,
668,		0.00,		0.02,		0.04,
669,		0.00,		0.02,		0.04,
670,		0.00,		0.02,		0.04,
671,		0.00,		0.02,		0.04,
672,		0.00,		0.02,		0.04,
673,		0.00,		0.02,		0.04,
674,		0.00,		0.02,		0.04,
675,		0.00,		0.02,		0.04,
676,		0.00,		0.02,		0.04,
677,		0.00,		0.02,		0.04,
678,		0.00,		0.02,		0.04,
679,		0.00,		0.02,		0.04,
680,		0.00,		0.02,		0.04,
681,		0.00,		0.02,		0.04,
682,		0.00,		0.02,		0.04,
683,		0.00,		0.02,		0.04,
684,		0.00,		0.02,		0.04,
685,		0.00,		0.02,		0.04,
686,		0.00,		0.02,		0.04,
687,		0.00,		0.02,		0.04,
688,		0.00,		0.02,		0.04,
689,		0.00,		0.02,		0.04,
690,		0.00,		0.02,		0.04,
691,		0.00,		0.02,		0.04,
692,		0.00,		0.02,		0.04,
693,		0.00,		0.02,		0.04,
694,		0.00,		0.02,		0.04,
695,		0.00,		0.02,		0.04,
696,		0.00,		0.02,		0.04,
697,		0.00,		0.02,		0.04,
698,		0.00,		0.02,		0.04,
699,		0.00,		0.02,		0.04,
700,		0.00,		0.02,		0.04,
701,		0.00,		0.02,		0.04,
702,		0.00,		0.02,		0.04,
703,		0.00,		0.02,		0.04,
704,		0.00,		0.02,		0.04,
705,		0.00,		0.02,		0.04,
706,		0.00,		0.02,		0.04,
707,		0.00,		0.02,		0.04,
708,		0.00,		0.02,		0.04,
709,		0.00,		0.02,		0.04,
710,		0.00,		0.02,		0.04,
711,		0.00,		0.02,		0.04,
712,		0.00,		0.02,		0.04,
713,		0.00,		0.02,		0.04,
714,		0.00,		0.02,		0.04,
715,		0.00,		0.02,		0.04,
716,		0.00,		0.02,		0.04,
717,		0.00,		0.02,		0.04,
718,		0.00,		0.02,		0.04,
719,		0.00,		0.02,		0.04,
720,		0.00,		0.02,		0.04,
721,		0.00,		0.02,		0.04,
722,		0.00,		0.02,		0.04,
723,		0.00,		0.02,		0.04,
724,		0.00,		0.02,		0.04,
725,		0.00,		0.02,		0.04,
726,		0.00,		0.02,		0.04,
727,		0.00,		0.02,		0.04,
728,		0.00,		0.02,		0.04,
729,		0.00,		0.02,		0.04,
730,		0.00,		0.02,		0.04,
731,		0.00,		0.02,		0.04,
732,		0.00,		0.02,		0.04,
733,		0.00,		0.02,		0.04,
734,		0.00,		0.02,		0.04,
735,		0.00,		0.02,		0.04,
736,		0.00,		0.02,		0.04,
737,		0.00,		0.02,		0.04,
738,		0.00,		0.02,		0.04,
739,		0.00,		0.02,		0.04,
740,		0.00,		0.02,		0.04,
741,		0.00,		0.02,		0.04,
742,		0.00,		0.02,		0.04,
743,		0.00,		0.02,		0.04,
744,		0.00,		0.02,		0.04,
745,		0.00,		0.02,		0.04,
746,		0.00,		0.02,		0.04,
747,		0.00,		0.02,		0.04,
748,		0.00,		0.02,		0.04,
749,		0.00,		0.02,		0.04,
750,		0.00,		0.02,		0.04,
751,		0.00,		0.02,		0.04,
752,		0.00,		0.02,		0.04,
753,		0.00,		0.02,		0.04,
754,		0.00,		0.02,		0.04,
755,		0.00,		0.02,		0.04,
756,		0.00,		0.02,		0.04,
757,		0.00,		0.02,		0.04,
758,		0.00,		0.02,		0.04,
759,		0.00,		0.02,		0.04,
760,		0.00,		0.02,		0.04,
761,		0.00,		0.02,		0.04,
762,		0.00,		0.02,		0.04,
763,		0.00,		0.02,		0.04,
764,		0.00,		0.02,		0.04,
765,		0.00,		0.02,		0.04,
766,		0.00,		0.02,		0.04,
767,		0.00,		0.02,		0.04,
768,		0.00,		0.02,		0.04,
769,		0.00,		0.02,		0.04,
770,		0.00,		0.02,		0.04,
771,		0.00,		0.02,		0.04,
772,		0.00,		0.02,		0.04,
773,		0.00,		0.02,		0.04,
774,		0.00,		0.02,		0.04,
775,		0.00,		0.02,		0.04,
776,		0.00,		0.02,		0.03,
777,		0.00,		0.02,		0.03,
778,		0.00,		0.02,		0.03,
779,		0.00,		0.02,		0.03,
780,		0.00,		0.02,		0.03,
781,		0.00,		0.02,		0.03,
782,		0.00,		0.02,		0.03,
783,		0.00,		0.02,		0.03,
784,		0.00,		0.02,		0.03,
785,		0.00,		0.02,		0.03,
786,		0.00,		0.02,		0.03,
787,		0.00,		0.02,		0.03,
788,		0.00,		0.02,		0.03,
789,		0.00,		0.02,		0.03,
790,		0.00,		0.02,		0.03,
791,		0.00,		0.02,		0.03,
792,		0.00,		0.02,		0.03,
793,		0.00,		0.02,		0.03,
794,		0.00,		0.02,		0.03,
795,		0.00,		0.02,		0.03,
796,		0.00,		0.02,		0.03,
797,		0.00,		0.02,		0.03,
798,		0.00,		0.02,		0.03,
799,		0.00,		0.02,		0.03,
800,		0.00,		0.02,		0.03,
801,		0.00,		0.02,		0.03,
802,		0.00,		0.02,		0.03,
803,		0.00,		0.02,		0.03,
804,		0.00,		0.02,		0.03,
805,		0.00,		0.02,		0.03,
806,		0.00,		0.02,		0.03,
807,		0.00,		0.02,		0.03,
808,		0.00,		0.02,		0.03,
809,		0.00,		0.02,		0.03,
810,		0.00,		0.02,		0.03,
811,		0.00,		0.02,		0.03,
812,		0.00,		0.02,		0.03,
813,		0.00,		0.02,		0.03,
814,		0.00,		0.02,		0.03,
815,		0.00,		0.02,		0.03,
816,		0.00,		0.02,		0.03,
817,		0.00,		0.02,		0.03,
818,		0.00,		0.02,		0.03,
819,		0.00,		0.02,		0.03,
820,		0.00,		0.02,		0.03,
821,		0.00,		0.02,		0.03,
822,		0.00,		0.02,		0.03,
823,		0.00,		0.02,		0.03,
824,		0.00,		0.02,		0.03,
825,		0.00,		0.02,		0.03,
826,		0.00,		0.02,		0.03,
827,		0.00,		0.02,		0.03,
828,		0.00,		0.02,		0.03,
829,		0.00,		0.02,		0.03,
830,		0.00,		0.02,		0.03,
831,		0.00,		0.02,		0.03,
832,		0.00,		0.02,		0.03,
833,		0.00,		0.02,		0.03,
834,		0.00,		0.02,		0.03,
835,		0.00,		0.02,		0.03,
836,		0.00,		0.02,		0.03,
837,		0.00,		0.02,		0.03,
838,		0.00,		0.02,		0.03,
839,		0.00,		0.02,		0.03,
840,		0.00,		0.02,		0.03,
841,		0.00,		0.02,		0.03,
842,		0.00,		0.02,		0.03,
843,		0.00,		0.02,		0.03,
844,		0.00,		0.02,		0.03,
845,		0.00,		0.02,		0.03,
846,		0.00,		0.02,		0.03,
847,		0.00,		0.02,		0.03,
848,		0.00,		0.02,		0.03,
849,		0.00,		0.02,		0.03,
850,		0.00,		0.02,		0.03,
851,		0.00,		0.02,		0.03,
852,		0.00,		0.02,		0.03,
853,		0.00,		0.02,		0.03,
854,		0.00,		0.02,		0.03,
855,		0.00,		0.02,		0.03,
856,		0.00,		0.02,		0.03,
857,		0.00,		0.02,		0.03,
858,		0.00,		0.02,		0.03,
859,		0.00,		0.02,		0.03,
860,		0.00,		0.02,		0.03,
861,		0.00,		0.02,		0.03,
862,		0.00,		0.02,		0.03,
863,		0.00,		0.02,		0.03,
864,		0.00,		0.02,		0.03,
865,		0.00,		0.02,		0.03,
866,		0.00,		0.02,		0.03,
867,		0.00,		0.02,		0.03,
868,		0.00,		0.02,		0.03,
869,		0.00,		0.02,		0.03,
870,		0.00,		0.01,		0.03,
871,		0.00,		0.01,		0.03,
872,		0.00,		0.01,		0.03,
873,		0.00,		0.01,		0.03,
874,		0.00,		0.01,		0.03,
875,		0.00,		0.01,		0.03,
876,		0.00,		0.01,		0.03,
877,		0.00,		0.01,		0.03,
878,		0.00,		0.01,		0.03,
879,		0.00,		0.01,		0.03,
880,		0.00,		0.01,		0.03,
881,		0.00,		0.01,		0.03,
882,		0.00,		0.01,		0.03,
883,		0.00,		0.01,		0.03,
884,		0.00,		0.01,		0.03,
885,		0.00,		0.01,		0.03,
886,		0.00,		0.01,		0.03,
887,		0.00,		0.01,		0.03,
888,		0.00,		0.01,		0.03,
889,		0.00,		0.01,		0.03,
890,		0.00,		0.01,		0.03,
891,		0.00,		0.01,		0.03,
892,		0.00,		0.01,		0.03,
893,		0.00,		0.01,		0.03,
894,		0.00,		0.01,		0.03,
895,		0.00,		0.01,		0.03,
896,		0.00,		0.01,		0.03,
897,		0.00,		0.01,		0.03,
898,		0.00,		0.01,		0.03,
899,		0.00,		0.01,		0.03,
900,		0.00,		0.01,		0.03,
901,		0.00,		0.01,		0.03,
902,		0.00,		0.01,		0.03,
903,		0.00,		0.01,		0.03,
904,		0.00,		0.01,		0.03,
905,		0.00,		0.01,		0.03,
906,		0.00,		0.01,		0.03,
907,		0.00,		0.01,		0.03,
908,		0.00,		0.01,		0.03,
909,		0.00,		0.01,		0.03,
910,		0.00,		0.01,		0.03,
911,		0.00,		0.01,		0.03,
912,		0.00,		0.01,		0.03,
913,		0.00,		0.01,		0.03,
914,		0.00,		0.01,		0.03,
915,		0.00,		0.01,		0.03,
916,		0.00,		0.01,		0.03,
917,		0.00,		0.01,		0.03,
918,		0.00,		0.01,		0.03,
919,		0.00,		0.01,		0.03,
920,		0.00,		0.01,		0.03,
921,		0.00,		0.01,		0.03,
922,		0.00,		0.01,		0.03,
923,		0.00,		0.01,		0.03,
924,		0.00,		0.01,		0.03,
925,		0.00,		0.01,		0.03,
926,		0.00,		0.01,		0.03,
927,		0.00,		0.01,		0.03,
928,		0.00,		0.01,		0.03,
929,		0.00,		0.01,		0.03,
930,		0.00,		0.01,		0.03,
931,		0.00,		0.01,		0.03,
932,		0.00,		0.01,		0.03,
933,		0.00,		0.01,		0.03,
934,		0.00,		0.01,		0.03,
935,		0.00,		0.01,		0.03,
936,		0.00,		0.01,		0.03,
937,		0.00,		0.01,		0.03,
938,		0.00,		0.01,		0.03,
939,		0.00,		0.01,		0.03,
940,		0.00,		0.01,		0.03,
941,		0.00,		0.01,		0.03,
942,		0.00,		0.01,		0.03,
943,		0.00,		0.01,		0.03,
944,		0.00,		0.01,		0.03,
945,		0.00,		0.01,		0.03,
946,		0.00,		0.01,		0.03,
947,		0.00,		0.01,		0.03,
948,		0.00,		0.01,		0.03,
949,		0.00,		0.01,		0.03,
950,		0.00,		0.01,		0.03,
951,		0.00,		0.01,		0.03,
952,		0.00,		0.01,		0.03,
953,		0.00,		0.01,		0.03,
954,		0.00,		0.01,		0.03,
955,		0.00,		0.01,		0.03,
956,		0.00,		0.01,		0.03,
957,		0.00,		0.01,		0.03,
958,		0.00,		0.01,		0.03,
959,		0.00,		0.01,		0.03,
960,		0.00,		0.01,		0.03,
961,		0.00,		0.01,		0.03,
962,		0.00,		0.01,		0.03,
963,		0.00,		0.01,		0.03,
964,		0.00,		0.01,		0.03,
965,		0.00,		0.01,		0.03,
966,		0.00,		0.01,		0.03,
967,		0.00,		0.01,		0.03,
968,		0.00,		0.01,		0.03,
969,		0.00,		0.01,		0.02,
970,		0.00,		0.01,		0.02,
971,		0.00,		0.01,		0.02,
972,		0.00,		0.01,		0.02,
973,		0.00,		0.01,		0.02,
974,		0.00,		0.01,		0.02,
975,		0.00,		0.01,		0.02,
976,		0.00,		0.01,		0.02,
977,		0.00,		0.01,		0.02,
978,		0.00,		0.01,		0.02,
979,		0.00,		0.01,		0.02,
980,		0.00,		0.01,		0.02,
981,		0.00,		0.01,		0.02,
982,		0.00,		0.01,		0.02,
983,		0.00,		0.01,		0.02,
984,		0.00,		0.01,		0.02,
985,		0.00,		0.01,		0.02,
986,		0.00,		0.01,		0.02,
987,		0.00,		0.01,		0.02,
988,		0.00,		0.01,		0.02,
989,		0.00,		0.01,		0.02,
990,		0.00,		0.01,		0.02,
991,		0.00,		0.01,		0.02,
992,		0.00,		0.01,		0.02,
993,		0.00,		0.01,		0.02,
994,		0.00,		0.01,		0.02,
995,		0.00,		0.01,		0.02,
996,		0.00,		0.01,		0.02,
997,		0.00,		0.01,		0.02,
998,		0.00,		0.01,		0.02,
999,		0.00,		0.01,		0.02,
