RANDOM_SEED, 1698995925
GEN,		MIN,			AVE,			MAX,
0,		64.33,		254.53,		485.42,
1,		64.33,		190.85,		248.65,
2,		39.90,		110.86,		162.15,
3,		31.88,		84.96,		124.85,
4,		24.07,		56.24,		73.45,
5,		13.24,		32.28,		45.94,
6,		8.16,		22.36,		29.30,
7,		4.13,		16.38,		21.21,
8,		0.69,		12.12,		16.31,
9,		0.69,		9.68,		13.07,
10,		0.30,		7.94,		10.59,
11,		0.23,		6.93,		9.14,
12,		0.23,		6.15,		8.28,
13,		0.11,		5.65,		7.71,
14,		0.11,		5.24,		7.08,
15,		0.10,		4.89,		6.77,
16,		0.01,		4.63,		6.38,
17,		0.01,		4.42,		6.09,
18,		0.01,		4.21,		5.87,
19,		0.01,		4.05,		5.64,
20,		0.01,		3.89,		5.47,
21,		0.01,		3.75,		5.31,
22,		0.01,		3.65,		5.18,
23,		0.01,		3.51,		5.04,
24,		0.01,		3.41,		4.90,
25,		0.01,		3.35,		4.78,
26,		0.01,		3.25,		4.67,
27,		0.01,		3.19,		4.60,
28,		0.01,		3.11,		4.52,
29,		0.01,		3.04,		4.45,
30,		0.01,		2.98,		4.36,
31,		0.01,		2.92,		4.30,
32,		0.01,		2.86,		4.22,
33,		0.01,		2.81,		4.13,
34,		0.01,		2.74,		4.00,
35,		0.01,		2.68,		3.95,
36,		0.01,		2.64,		3.91,
37,		0.01,		2.56,		3.84,
38,		0.01,		2.52,		3.76,
39,		0.01,		2.48,		3.71,
40,		0.01,		2.47,		3.69,
41,		0.01,		2.44,		3.63,
42,		0.01,		2.41,		3.60,
43,		0.01,		2.37,		3.56,
44,		0.01,		2.35,		3.53,
45,		0.01,		2.31,		3.48,
46,		0.01,		2.28,		3.44,
47,		0.01,		2.23,		3.38,
48,		0.01,		2.20,		3.34,
49,		0.01,		2.18,		3.31,
50,		0.01,		2.17,		3.29,
51,		0.01,		2.12,		3.25,
52,		0.01,		2.09,		3.22,
53,		0.01,		2.07,		3.20,
54,		0.01,		2.05,		3.17,
55,		0.01,		2.02,		3.13,
56,		0.01,		1.99,		3.10,
57,		0.01,		1.97,		3.08,
58,		0.01,		1.95,		3.06,
59,		0.01,		1.93,		3.04,
60,		0.01,		1.91,		3.04,
61,		0.01,		1.89,		3.00,
62,		0.01,		1.87,		2.98,
63,		0.01,		1.85,		2.94,
64,		0.01,		1.83,		2.92,
65,		0.01,		1.81,		2.88,
66,		0.01,		1.79,		2.86,
67,		0.01,		1.77,		2.84,
68,		0.01,		1.74,		2.82,
69,		0.01,		1.74,		2.81,
70,		0.01,		1.72,		2.78,
71,		0.01,		1.69,		2.75,
72,		0.01,		1.68,		2.73,
73,		0.01,		1.66,		2.69,
74,		0.01,		1.65,		2.67,
75,		0.01,		1.63,		2.63,
76,		0.01,		1.62,		2.62,
77,		0.01,		1.60,		2.59,
78,		0.01,		1.60,		2.59,
79,		0.01,		1.59,		2.57,
80,		0.01,		1.57,		2.54,
81,		0.01,		1.55,		2.51,
82,		0.01,		1.53,		2.48,
83,		0.01,		1.52,		2.47,
84,		0.01,		1.50,		2.45,
85,		0.01,		1.48,		2.43,
86,		0.01,		1.47,		2.42,
87,		0.01,		1.45,		2.38,
88,		0.01,		1.43,		2.37,
89,		0.01,		1.42,		2.35,
90,		0.01,		1.41,		2.33,
91,		0.01,		1.40,		2.31,
92,		0.01,		1.40,		2.30,
93,		0.01,		1.39,		2.29,
94,		0.01,		1.37,		2.25,
95,		0.01,		1.36,		2.24,
96,		0.01,		1.35,		2.23,
97,		0.01,		1.34,		2.22,
98,		0.01,		1.33,		2.21,
99,		0.01,		1.32,		2.20,
100,		0.01,		1.30,		2.19,
101,		0.01,		1.29,		2.18,
102,		0.01,		1.29,		2.17,
103,		0.01,		1.27,		2.16,
104,		0.01,		1.27,		2.15,
105,		0.01,		1.26,		2.14,
106,		0.01,		1.25,		2.14,
107,		0.01,		1.25,		2.12,
108,		0.01,		1.24,		2.12,
109,		0.01,		1.23,		2.11,
110,		0.01,		1.22,		2.10,
111,		0.01,		1.22,		2.09,
112,		0.01,		1.21,		2.08,
113,		0.01,		1.20,		2.07,
114,		0.01,		1.20,		2.06,
115,		0.01,		1.19,		2.06,
116,		0.01,		1.19,		2.05,
117,		0.01,		1.18,		2.05,
118,		0.01,		1.17,		2.03,
119,		0.01,		1.16,		2.01,
120,		0.01,		1.15,		2.00,
121,		0.01,		1.15,		1.99,
122,		0.01,		1.13,		1.95,
123,		0.01,		1.13,		1.94,
124,		0.01,		1.12,		1.93,
125,		0.01,		1.11,		1.92,
126,		0.01,		1.11,		1.92,
127,		0.01,		1.11,		1.90,
128,		0.01,		1.09,		1.89,
129,		0.01,		1.08,		1.87,
130,		0.01,		1.07,		1.86,
131,		0.01,		1.06,		1.85,
132,		0.01,		1.06,		1.84,
133,		0.01,		1.04,		1.82,
134,		0.01,		1.04,		1.81,
135,		0.01,		1.03,		1.81,
136,		0.01,		1.03,		1.80,
137,		0.01,		1.02,		1.79,
138,		0.01,		1.01,		1.77,
139,		0.01,		1.01,		1.75,
140,		0.01,		1.00,		1.75,
141,		0.01,		1.00,		1.74,
142,		0.01,		0.99,		1.73,
143,		0.01,		0.98,		1.72,
144,		0.01,		0.98,		1.71,
145,		0.01,		0.97,		1.70,
146,		0.01,		0.97,		1.70,
147,		0.01,		0.96,		1.69,
148,		0.01,		0.96,		1.69,
149,		0.01,		0.96,		1.68,
150,		0.01,		0.95,		1.68,
151,		0.01,		0.95,		1.68,
152,		0.01,		0.95,		1.67,
153,		0.01,		0.94,		1.66,
154,		0.01,		0.93,		1.65,
155,		0.01,		0.92,		1.65,
156,		0.01,		0.91,		1.64,
157,		0.01,		0.91,		1.62,
158,		0.01,		0.90,		1.62,
159,		0.01,		0.90,		1.61,
160,		0.01,		0.89,		1.61,
161,		0.00,		0.88,		1.60,
162,		0.00,		0.88,		1.59,
163,		0.00,		0.88,		1.59,
164,		0.00,		0.87,		1.58,
165,		0.00,		0.87,		1.57,
166,		0.00,		0.87,		1.57,
167,		0.00,		0.86,		1.55,
168,		0.00,		0.86,		1.53,
169,		0.00,		0.85,		1.52,
170,		0.00,		0.85,		1.51,
171,		0.00,		0.84,		1.50,
172,		0.00,		0.84,		1.50,
173,		0.00,		0.84,		1.49,
174,		0.00,		0.83,		1.48,
175,		0.00,		0.83,		1.48,
176,		0.00,		0.82,		1.47,
177,		0.00,		0.82,		1.44,
178,		0.00,		0.81,		1.43,
179,		0.00,		0.81,		1.43,
180,		0.00,		0.81,		1.42,
181,		0.00,		0.81,		1.41,
182,		0.00,		0.80,		1.41,
183,		0.00,		0.80,		1.40,
184,		0.00,		0.79,		1.40,
185,		0.00,		0.79,		1.39,
186,		0.00,		0.79,		1.39,
187,		0.00,		0.79,		1.38,
188,		0.00,		0.78,		1.37,
189,		0.00,		0.78,		1.37,
190,		0.00,		0.77,		1.35,
191,		0.00,		0.77,		1.35,
192,		0.00,		0.77,		1.35,
193,		0.00,		0.77,		1.35,
194,		0.00,		0.76,		1.33,
195,		0.00,		0.76,		1.33,
196,		0.00,		0.76,		1.33,
197,		0.00,		0.75,		1.33,
198,		0.00,		0.75,		1.32,
199,		0.00,		0.75,		1.32,
200,		0.00,		0.75,		1.31,
201,		0.00,		0.74,		1.30,
202,		0.00,		0.74,		1.30,
203,		0.00,		0.74,		1.29,
204,		0.00,		0.73,		1.28,
205,		0.00,		0.73,		1.28,
206,		0.00,		0.72,		1.27,
207,		0.00,		0.72,		1.26,
208,		0.00,		0.72,		1.25,
209,		0.00,		0.71,		1.24,
210,		0.00,		0.71,		1.24,
211,		0.00,		0.71,		1.24,
212,		0.00,		0.71,		1.24,
213,		0.00,		0.71,		1.24,
214,		0.00,		0.71,		1.24,
215,		0.00,		0.71,		1.24,
216,		0.00,		0.70,		1.23,
217,		0.00,		0.70,		1.22,
218,		0.00,		0.69,		1.21,
219,		0.00,		0.68,		1.20,
220,		0.00,		0.68,		1.20,
221,		0.00,		0.68,		1.20,
222,		0.00,		0.68,		1.20,
223,		0.00,		0.67,		1.19,
224,		0.00,		0.67,		1.19,
225,		0.00,		0.67,		1.19,
226,		0.00,		0.66,		1.18,
227,		0.00,		0.66,		1.18,
228,		0.00,		0.66,		1.17,
229,		0.00,		0.66,		1.17,
230,		0.00,		0.66,		1.16,
231,		0.00,		0.65,		1.15,
232,		0.00,		0.65,		1.15,
233,		0.00,		0.65,		1.15,
234,		0.00,		0.65,		1.14,
235,		0.00,		0.65,		1.14,
236,		0.00,		0.64,		1.13,
237,		0.00,		0.64,		1.13,
238,		0.00,		0.63,		1.12,
239,		0.00,		0.63,		1.12,
240,		0.00,		0.63,		1.12,
241,		0.00,		0.63,		1.12,
242,		0.00,		0.63,		1.11,
243,		0.00,		0.62,		1.11,
244,		0.00,		0.62,		1.10,
245,		0.00,		0.62,		1.10,
246,		0.00,		0.62,		1.10,
247,		0.00,		0.62,		1.09,
248,		0.00,		0.61,		1.09,
249,		0.00,		0.61,		1.09,
250,		0.00,		0.61,		1.09,
251,		0.00,		0.61,		1.08,
252,		0.00,		0.61,		1.08,
253,		0.00,		0.61,		1.08,
254,		0.00,		0.60,		1.07,
255,		0.00,		0.60,		1.07,
256,		0.00,		0.60,		1.07,
257,		0.00,		0.60,		1.06,
258,		0.00,		0.59,		1.05,
259,		0.00,		0.59,		1.05,
260,		0.00,		0.59,		1.05,
261,		0.00,		0.59,		1.05,
262,		0.00,		0.59,		1.04,
263,		0.00,		0.59,		1.04,
264,		0.00,		0.58,		1.04,
265,		0.00,		0.58,		1.04,
266,		0.00,		0.57,		1.03,
267,		0.00,		0.57,		1.03,
268,		0.00,		0.57,		1.03,
269,		0.00,		0.57,		1.03,
270,		0.00,		0.57,		1.03,
271,		0.00,		0.57,		1.01,
272,		0.00,		0.56,		1.01,
273,		0.00,		0.56,		1.01,
274,		0.00,		0.56,		1.00,
275,		0.00,		0.56,		1.00,
276,		0.00,		0.56,		1.00,
277,		0.00,		0.56,		1.00,
278,		0.00,		0.56,		0.99,
279,		0.00,		0.55,		0.99,
280,		0.00,		0.55,		0.99,
281,		0.00,		0.55,		0.99,
282,		0.00,		0.55,		0.98,
283,		0.00,		0.55,		0.98,
284,		0.00,		0.55,		0.98,
285,		0.00,		0.55,		0.98,
286,		0.00,		0.55,		0.97,
287,		0.00,		0.54,		0.97,
288,		0.00,		0.54,		0.97,
289,		0.00,		0.54,		0.96,
290,		0.00,		0.54,		0.96,
291,		0.00,		0.53,		0.96,
292,		0.00,		0.53,		0.96,
293,		0.00,		0.53,		0.96,
294,		0.00,		0.53,		0.96,
295,		0.00,		0.53,		0.96,
296,		0.00,		0.52,		0.96,
297,		0.00,		0.52,		0.96,
298,		0.00,		0.52,		0.95,
299,		0.00,		0.52,		0.95,
300,		0.00,		0.52,		0.95,
301,		0.00,		0.52,		0.95,
302,		0.00,		0.52,		0.95,
303,		0.00,		0.51,		0.94,
304,		0.00,		0.51,		0.94,
305,		0.00,		0.51,		0.94,
306,		0.00,		0.50,		0.93,
307,		0.00,		0.50,		0.93,
308,		0.00,		0.50,		0.93,
309,		0.00,		0.50,		0.93,
310,		0.00,		0.49,		0.93,
311,		0.00,		0.49,		0.92,
312,		0.00,		0.49,		0.92,
313,		0.00,		0.49,		0.92,
314,		0.00,		0.48,		0.91,
315,		0.00,		0.48,		0.90,
316,		0.00,		0.48,		0.90,
317,		0.00,		0.48,		0.90,
318,		0.00,		0.47,		0.89,
319,		0.00,		0.47,		0.89,
320,		0.00,		0.47,		0.89,
321,		0.00,		0.47,		0.89,
322,		0.00,		0.47,		0.88,
323,		0.00,		0.47,		0.88,
324,		0.00,		0.47,		0.87,
325,		0.00,		0.46,		0.87,
326,		0.00,		0.46,		0.86,
327,		0.00,		0.46,		0.86,
328,		0.00,		0.46,		0.86,
329,		0.00,		0.46,		0.86,
330,		0.00,		0.45,		0.85,
331,		0.00,		0.45,		0.84,
332,		0.00,		0.45,		0.84,
333,		0.00,		0.45,		0.84,
334,		0.00,		0.45,		0.84,
335,		0.00,		0.45,		0.84,
336,		0.00,		0.45,		0.83,
337,		0.00,		0.45,		0.83,
338,		0.00,		0.45,		0.83,
339,		0.00,		0.44,		0.83,
340,		0.00,		0.44,		0.83,
341,		0.00,		0.44,		0.83,
342,		0.00,		0.43,		0.81,
343,		0.00,		0.43,		0.81,
344,		0.00,		0.43,		0.81,
345,		0.00,		0.43,		0.81,
346,		0.00,		0.43,		0.81,
347,		0.00,		0.43,		0.81,
348,		0.00,		0.43,		0.81,
349,		0.00,		0.43,		0.81,
350,		0.00,		0.43,		0.80,
351,		0.00,		0.43,		0.80,
352,		0.00,		0.42,		0.80,
353,		0.00,		0.42,		0.80,
354,		0.00,		0.42,		0.79,
355,		0.00,		0.42,		0.79,
356,		0.00,		0.42,		0.78,
357,		0.00,		0.42,		0.78,
358,		0.00,		0.42,		0.78,
359,		0.00,		0.42,		0.77,
360,		0.00,		0.41,		0.77,
361,		0.00,		0.41,		0.77,
362,		0.00,		0.41,		0.77,
363,		0.00,		0.41,		0.77,
364,		0.00,		0.41,		0.77,
365,		0.00,		0.41,		0.76,
366,		0.00,		0.41,		0.76,
367,		0.00,		0.41,		0.76,
368,		0.00,		0.40,		0.76,
369,		0.00,		0.40,		0.76,
370,		0.00,		0.40,		0.76,
371,		0.00,		0.40,		0.75,
372,		0.00,		0.40,		0.75,
373,		0.00,		0.40,		0.75,
374,		0.00,		0.40,		0.75,
375,		0.00,		0.40,		0.75,
376,		0.00,		0.40,		0.75,
377,		0.00,		0.40,		0.75,
378,		0.00,		0.40,		0.74,
379,		0.00,		0.40,		0.74,
380,		0.00,		0.40,		0.74,
381,		0.00,		0.40,		0.74,
382,		0.00,		0.40,		0.74,
383,		0.00,		0.39,		0.74,
384,		0.00,		0.39,		0.74,
385,		0.00,		0.39,		0.74,
386,		0.00,		0.39,		0.73,
387,		0.00,		0.39,		0.73,
388,		0.00,		0.39,		0.73,
389,		0.00,		0.39,		0.73,
390,		0.00,		0.39,		0.73,
391,		0.00,		0.39,		0.73,
392,		0.00,		0.39,		0.72,
393,		0.00,		0.39,		0.72,
394,		0.00,		0.39,		0.72,
395,		0.00,		0.39,		0.72,
396,		0.00,		0.38,		0.72,
397,		0.00,		0.38,		0.71,
398,		0.00,		0.38,		0.71,
399,		0.00,		0.38,		0.70,
400,		0.00,		0.38,		0.70,
401,		0.00,		0.38,		0.70,
402,		0.00,		0.38,		0.69,
403,		0.00,		0.37,		0.69,
404,		0.00,		0.37,		0.69,
405,		0.00,		0.37,		0.69,
406,		0.00,		0.37,		0.69,
407,		0.00,		0.37,		0.69,
408,		0.00,		0.37,		0.68,
409,		0.00,		0.37,		0.68,
410,		0.00,		0.37,		0.68,
411,		0.00,		0.37,		0.68,
412,		0.00,		0.37,		0.68,
413,		0.00,		0.37,		0.68,
414,		0.00,		0.36,		0.67,
415,		0.00,		0.36,		0.67,
416,		0.00,		0.36,		0.67,
417,		0.00,		0.36,		0.67,
418,		0.00,		0.36,		0.67,
419,		0.00,		0.36,		0.67,
420,		0.00,		0.36,		0.67,
421,		0.00,		0.36,		0.67,
422,		0.00,		0.35,		0.66,
423,		0.00,		0.35,		0.66,
424,		0.00,		0.35,		0.66,
425,		0.00,		0.35,		0.66,
426,		0.00,		0.35,		0.65,
427,		0.00,		0.35,		0.65,
428,		0.00,		0.35,		0.65,
429,		0.00,		0.35,		0.65,
430,		0.00,		0.35,		0.65,
431,		0.00,		0.35,		0.65,
432,		0.00,		0.35,		0.65,
433,		0.00,		0.35,		0.65,
434,		0.00,		0.34,		0.64,
435,		0.00,		0.34,		0.64,
436,		0.00,		0.34,		0.64,
437,		0.00,		0.34,		0.64,
438,		0.00,		0.34,		0.64,
439,		0.00,		0.34,		0.64,
440,		0.00,		0.34,		0.64,
441,		0.00,		0.34,		0.64,
442,		0.00,		0.33,		0.63,
443,		0.00,		0.33,		0.63,
444,		0.00,		0.33,		0.63,
445,		0.00,		0.33,		0.63,
446,		0.00,		0.33,		0.63,
447,		0.00,		0.33,		0.63,
448,		0.00,		0.33,		0.62,
449,		0.00,		0.33,		0.62,
450,		0.00,		0.33,		0.62,
451,		0.00,		0.32,		0.62,
452,		0.00,		0.32,		0.62,
453,		0.00,		0.32,		0.62,
454,		0.00,		0.32,		0.62,
455,		0.00,		0.32,		0.61,
456,		0.00,		0.32,		0.61,
457,		0.00,		0.32,		0.61,
458,		0.00,		0.32,		0.61,
459,		0.00,		0.32,		0.61,
460,		0.00,		0.32,		0.61,
461,		0.00,		0.32,		0.61,
462,		0.00,		0.32,		0.61,
463,		0.00,		0.31,		0.60,
464,		0.00,		0.31,		0.60,
465,		0.00,		0.31,		0.60,
466,		0.00,		0.31,		0.60,
467,		0.00,		0.31,		0.60,
468,		0.00,		0.31,		0.60,
469,		0.00,		0.31,		0.60,
470,		0.00,		0.31,		0.60,
471,		0.00,		0.31,		0.60,
472,		0.00,		0.31,		0.60,
473,		0.00,		0.31,		0.60,
474,		0.00,		0.31,		0.59,
475,		0.00,		0.31,		0.59,
476,		0.00,		0.31,		0.59,
477,		0.00,		0.31,		0.59,
478,		0.00,		0.30,		0.59,
479,		0.00,		0.30,		0.59,
480,		0.00,		0.30,		0.59,
481,		0.00,		0.30,		0.59,
482,		0.00,		0.30,		0.58,
483,		0.00,		0.30,		0.58,
484,		0.00,		0.30,		0.58,
485,		0.00,		0.30,		0.58,
486,		0.00,		0.30,		0.58,
487,		0.00,		0.30,		0.58,
488,		0.00,		0.30,		0.58,
489,		0.00,		0.30,		0.58,
490,		0.00,		0.29,		0.58,
491,		0.00,		0.29,		0.57,
492,		0.00,		0.29,		0.57,
493,		0.00,		0.29,		0.57,
494,		0.00,		0.29,		0.57,
495,		0.00,		0.29,		0.57,
496,		0.00,		0.29,		0.57,
497,		0.00,		0.29,		0.57,
498,		0.00,		0.29,		0.57,
499,		0.00,		0.29,		0.57,
500,		0.00,		0.29,		0.57,
501,		0.00,		0.29,		0.56,
502,		0.00,		0.29,		0.56,
503,		0.00,		0.29,		0.56,
504,		0.00,		0.29,		0.56,
505,		0.00,		0.29,		0.56,
506,		0.00,		0.28,		0.56,
507,		0.00,		0.28,		0.56,
508,		0.00,		0.28,		0.56,
509,		0.00,		0.28,		0.56,
510,		0.00,		0.28,		0.56,
511,		0.00,		0.28,		0.56,
512,		0.00,		0.28,		0.56,
513,		0.00,		0.28,		0.55,
514,		0.00,		0.28,		0.55,
515,		0.00,		0.28,		0.55,
516,		0.00,		0.28,		0.55,
517,		0.00,		0.28,		0.55,
518,		0.00,		0.28,		0.55,
519,		0.00,		0.28,		0.54,
520,		0.00,		0.27,		0.54,
521,		0.00,		0.27,		0.54,
522,		0.00,		0.27,		0.54,
523,		0.00,		0.27,		0.54,
524,		0.00,		0.27,		0.54,
525,		0.00,		0.27,		0.54,
526,		0.00,		0.27,		0.54,
527,		0.00,		0.27,		0.54,
528,		0.00,		0.27,		0.54,
529,		0.00,		0.27,		0.53,
530,		0.00,		0.27,		0.53,
531,		0.00,		0.27,		0.53,
532,		0.00,		0.27,		0.53,
533,		0.00,		0.27,		0.53,
534,		0.00,		0.26,		0.53,
535,		0.00,		0.26,		0.52,
536,		0.00,		0.26,		0.52,
537,		0.00,		0.26,		0.52,
538,		0.00,		0.26,		0.52,
539,		0.00,		0.26,		0.52,
540,		0.00,		0.26,		0.52,
541,		0.00,		0.26,		0.52,
542,		0.00,		0.26,		0.52,
543,		0.00,		0.26,		0.52,
544,		0.00,		0.26,		0.52,
545,		0.00,		0.25,		0.51,
546,		0.00,		0.25,		0.51,
547,		0.00,		0.25,		0.51,
548,		0.00,		0.25,		0.51,
549,		0.00,		0.25,		0.51,
550,		0.00,		0.25,		0.51,
551,		0.00,		0.25,		0.51,
552,		0.00,		0.25,		0.51,
553,		0.00,		0.25,		0.51,
554,		0.00,		0.25,		0.51,
555,		0.00,		0.25,		0.51,
556,		0.00,		0.25,		0.51,
557,		0.00,		0.25,		0.50,
558,		0.00,		0.25,		0.50,
559,		0.00,		0.25,		0.49,
560,		0.00,		0.25,		0.49,
561,		0.00,		0.25,		0.49,
562,		0.00,		0.24,		0.49,
563,		0.00,		0.24,		0.49,
564,		0.00,		0.24,		0.49,
565,		0.00,		0.24,		0.49,
566,		0.00,		0.24,		0.49,
567,		0.00,		0.24,		0.48,
568,		0.00,		0.24,		0.48,
569,		0.00,		0.24,		0.48,
570,		0.00,		0.24,		0.48,
571,		0.00,		0.24,		0.48,
572,		0.00,		0.24,		0.48,
573,		0.00,		0.24,		0.48,
574,		0.00,		0.24,		0.48,
575,		0.00,		0.24,		0.47,
576,		0.00,		0.24,		0.47,
577,		0.00,		0.24,		0.47,
578,		0.00,		0.24,		0.47,
579,		0.00,		0.24,		0.47,
580,		0.00,		0.24,		0.47,
581,		0.00,		0.24,		0.47,
582,		0.00,		0.24,		0.47,
583,		0.00,		0.23,		0.47,
584,		0.00,		0.23,		0.47,
585,		0.00,		0.23,		0.46,
586,		0.00,		0.23,		0.46,
587,		0.00,		0.23,		0.46,
588,		0.00,		0.23,		0.46,
589,		0.00,		0.23,		0.46,
590,		0.00,		0.23,		0.46,
591,		0.00,		0.23,		0.46,
592,		0.00,		0.23,		0.46,
593,		0.00,		0.23,		0.46,
594,		0.00,		0.23,		0.46,
595,		0.00,		0.23,		0.46,
596,		0.00,		0.23,		0.46,
597,		0.00,		0.23,		0.46,
598,		0.00,		0.23,		0.46,
599,		0.00,		0.23,		0.45,
600,		0.00,		0.23,		0.45,
601,		0.00,		0.23,		0.45,
602,		0.00,		0.23,		0.45,
603,		0.00,		0.23,		0.45,
604,		0.00,		0.23,		0.45,
605,		0.00,		0.23,		0.45,
606,		0.00,		0.23,		0.45,
607,		0.00,		0.23,		0.45,
608,		0.00,		0.23,		0.45,
609,		0.00,		0.23,		0.45,
610,		0.00,		0.23,		0.45,
611,		0.00,		0.23,		0.45,
612,		0.00,		0.22,		0.45,
613,		0.00,		0.22,		0.45,
614,		0.00,		0.22,		0.45,
615,		0.00,		0.22,		0.45,
616,		0.00,		0.22,		0.44,
617,		0.00,		0.22,		0.44,
618,		0.00,		0.22,		0.44,
619,		0.00,		0.22,		0.44,
620,		0.00,		0.22,		0.44,
621,		0.00,		0.22,		0.44,
622,		0.00,		0.22,		0.44,
623,		0.00,		0.22,		0.44,
624,		0.00,		0.22,		0.44,
625,		0.00,		0.22,		0.44,
626,		0.00,		0.22,		0.44,
627,		0.00,		0.22,		0.44,
628,		0.00,		0.22,		0.44,
629,		0.00,		0.22,		0.44,
630,		0.00,		0.22,		0.43,
631,		0.00,		0.22,		0.43,
632,		0.00,		0.22,		0.43,
633,		0.00,		0.22,		0.43,
634,		0.00,		0.22,		0.43,
635,		0.00,		0.22,		0.43,
636,		0.00,		0.21,		0.43,
637,		0.00,		0.21,		0.43,
638,		0.00,		0.21,		0.42,
639,		0.00,		0.21,		0.42,
640,		0.00,		0.21,		0.42,
641,		0.00,		0.21,		0.42,
642,		0.00,		0.21,		0.42,
643,		0.00,		0.21,		0.42,
644,		0.00,		0.21,		0.42,
645,		0.00,		0.21,		0.42,
646,		0.00,		0.21,		0.42,
647,		0.00,		0.21,		0.42,
648,		0.00,		0.21,		0.42,
649,		0.00,		0.21,		0.41,
650,		0.00,		0.21,		0.41,
651,		0.00,		0.21,		0.41,
652,		0.00,		0.21,		0.41,
653,		0.00,		0.21,		0.41,
654,		0.00,		0.21,		0.41,
655,		0.00,		0.21,		0.41,
656,		0.00,		0.21,		0.41,
657,		0.00,		0.21,		0.41,
658,		0.00,		0.21,		0.40,
659,		0.00,		0.21,		0.40,
660,		0.00,		0.21,		0.40,
661,		0.00,		0.21,		0.40,
662,		0.00,		0.21,		0.40,
663,		0.00,		0.21,		0.40,
664,		0.00,		0.21,		0.40,
665,		0.00,		0.21,		0.40,
666,		0.00,		0.20,		0.40,
667,		0.00,		0.20,		0.40,
668,		0.00,		0.20,		0.40,
669,		0.00,		0.20,		0.40,
670,		0.00,		0.20,		0.40,
671,		0.00,		0.20,		0.40,
672,		0.00,		0.20,		0.39,
673,		0.00,		0.20,		0.39,
674,		0.00,		0.20,		0.39,
675,		0.00,		0.20,		0.39,
676,		0.00,		0.20,		0.39,
677,		0.00,		0.20,		0.39,
678,		0.00,		0.20,		0.39,
679,		0.00,		0.20,		0.39,
680,		0.00,		0.20,		0.39,
681,		0.00,		0.20,		0.39,
682,		0.00,		0.20,		0.39,
683,		0.00,		0.20,		0.39,
684,		0.00,		0.20,		0.39,
685,		0.00,		0.20,		0.39,
686,		0.00,		0.20,		0.39,
687,		0.00,		0.20,		0.38,
688,		0.00,		0.20,		0.38,
689,		0.00,		0.20,		0.38,
690,		0.00,		0.19,		0.38,
691,		0.00,		0.19,		0.38,
692,		0.00,		0.19,		0.38,
693,		0.00,		0.19,		0.38,
694,		0.00,		0.19,		0.38,
695,		0.00,		0.19,		0.38,
696,		0.00,		0.19,		0.38,
697,		0.00,		0.19,		0.38,
698,		0.00,		0.19,		0.38,
699,		0.00,		0.19,		0.38,
700,		0.00,		0.19,		0.38,
701,		0.00,		0.19,		0.38,
702,		0.00,		0.19,		0.38,
703,		0.00,		0.19,		0.38,
704,		0.00,		0.19,		0.38,
705,		0.00,		0.19,		0.38,
706,		0.00,		0.19,		0.38,
707,		0.00,		0.19,		0.38,
708,		0.00,		0.19,		0.37,
709,		0.00,		0.19,		0.37,
710,		0.00,		0.19,		0.37,
711,		0.00,		0.19,		0.37,
712,		0.00,		0.19,		0.37,
713,		0.00,		0.19,		0.37,
714,		0.00,		0.19,		0.37,
715,		0.00,		0.19,		0.37,
716,		0.00,		0.18,		0.37,
717,		0.00,		0.18,		0.37,
718,		0.00,		0.18,		0.37,
719,		0.00,		0.18,		0.37,
720,		0.00,		0.18,		0.37,
721,		0.00,		0.18,		0.37,
722,		0.00,		0.18,		0.36,
723,		0.00,		0.18,		0.36,
724,		0.00,		0.18,		0.36,
725,		0.00,		0.18,		0.36,
726,		0.00,		0.18,		0.36,
727,		0.00,		0.18,		0.36,
728,		0.00,		0.18,		0.36,
729,		0.00,		0.18,		0.36,
730,		0.00,		0.18,		0.36,
731,		0.00,		0.18,		0.36,
732,		0.00,		0.18,		0.36,
733,		0.00,		0.18,		0.36,
734,		0.00,		0.18,		0.36,
735,		0.00,		0.18,		0.36,
736,		0.00,		0.18,		0.36,
737,		0.00,		0.18,		0.36,
738,		0.00,		0.18,		0.36,
739,		0.00,		0.18,		0.36,
740,		0.00,		0.18,		0.36,
741,		0.00,		0.18,		0.35,
742,		0.00,		0.18,		0.35,
743,		0.00,		0.18,		0.35,
744,		0.00,		0.18,		0.35,
745,		0.00,		0.18,		0.35,
746,		0.00,		0.18,		0.35,
747,		0.00,		0.18,		0.35,
748,		0.00,		0.18,		0.35,
749,		0.00,		0.18,		0.35,
750,		0.00,		0.18,		0.35,
751,		0.00,		0.18,		0.35,
752,		0.00,		0.18,		0.35,
753,		0.00,		0.18,		0.35,
754,		0.00,		0.18,		0.35,
755,		0.00,		0.18,		0.34,
756,		0.00,		0.18,		0.34,
757,		0.00,		0.17,		0.34,
758,		0.00,		0.17,		0.34,
759,		0.00,		0.17,		0.34,
760,		0.00,		0.17,		0.34,
761,		0.00,		0.17,		0.34,
762,		0.00,		0.17,		0.34,
763,		0.00,		0.17,		0.34,
764,		0.00,		0.17,		0.34,
765,		0.00,		0.17,		0.34,
766,		0.00,		0.17,		0.33,
767,		0.00,		0.17,		0.33,
768,		0.00,		0.17,		0.33,
769,		0.00,		0.17,		0.33,
770,		0.00,		0.17,		0.33,
771,		0.00,		0.17,		0.33,
772,		0.00,		0.17,		0.33,
773,		0.00,		0.17,		0.33,
774,		0.00,		0.17,		0.33,
775,		0.00,		0.17,		0.33,
776,		0.00,		0.17,		0.32,
777,		0.00,		0.17,		0.32,
778,		0.00,		0.17,		0.32,
779,		0.00,		0.17,		0.32,
780,		0.00,		0.17,		0.32,
781,		0.00,		0.17,		0.32,
782,		0.00,		0.17,		0.32,
783,		0.00,		0.17,		0.32,
784,		0.00,		0.17,		0.32,
785,		0.00,		0.17,		0.32,
786,		0.00,		0.17,		0.32,
787,		0.00,		0.17,		0.32,
788,		0.00,		0.17,		0.32,
789,		0.00,		0.17,		0.32,
790,		0.00,		0.17,		0.32,
791,		0.00,		0.17,		0.32,
792,		0.00,		0.17,		0.32,
793,		0.00,		0.17,		0.32,
794,		0.00,		0.17,		0.32,
795,		0.00,		0.17,		0.32,
796,		0.00,		0.17,		0.32,
797,		0.00,		0.16,		0.32,
798,		0.00,		0.16,		0.32,
799,		0.00,		0.16,		0.31,
800,		0.00,		0.16,		0.31,
801,		0.00,		0.16,		0.31,
802,		0.00,		0.16,		0.31,
803,		0.00,		0.16,		0.31,
804,		0.00,		0.16,		0.31,
805,		0.00,		0.16,		0.31,
806,		0.00,		0.16,		0.31,
807,		0.00,		0.16,		0.31,
808,		0.00,		0.16,		0.31,
809,		0.00,		0.16,		0.31,
810,		0.00,		0.16,		0.31,
811,		0.00,		0.16,		0.31,
812,		0.00,		0.16,		0.31,
813,		0.00,		0.16,		0.31,
814,		0.00,		0.16,		0.31,
815,		0.00,		0.16,		0.31,
816,		0.00,		0.16,		0.31,
817,		0.00,		0.16,		0.31,
818,		0.00,		0.16,		0.30,
819,		0.00,		0.16,		0.30,
820,		0.00,		0.16,		0.30,
821,		0.00,		0.16,		0.30,
822,		0.00,		0.16,		0.30,
823,		0.00,		0.16,		0.30,
824,		0.00,		0.16,		0.30,
825,		0.00,		0.16,		0.30,
826,		0.00,		0.16,		0.30,
827,		0.00,		0.16,		0.30,
828,		0.00,		0.16,		0.30,
829,		0.00,		0.16,		0.30,
830,		0.00,		0.16,		0.30,
831,		0.00,		0.16,		0.30,
832,		0.00,		0.16,		0.30,
833,		0.00,		0.16,		0.30,
834,		0.00,		0.16,		0.30,
835,		0.00,		0.16,		0.30,
836,		0.00,		0.16,		0.30,
837,		0.00,		0.16,		0.30,
838,		0.00,		0.16,		0.30,
839,		0.00,		0.16,		0.30,
840,		0.00,		0.16,		0.30,
841,		0.00,		0.16,		0.30,
842,		0.00,		0.16,		0.30,
843,		0.00,		0.16,		0.30,
844,		0.00,		0.16,		0.30,
845,		0.00,		0.16,		0.30,
846,		0.00,		0.15,		0.30,
847,		0.00,		0.15,		0.30,
848,		0.00,		0.15,		0.30,
849,		0.00,		0.15,		0.29,
850,		0.00,		0.15,		0.29,
851,		0.00,		0.15,		0.29,
852,		0.00,		0.15,		0.29,
853,		0.00,		0.15,		0.29,
854,		0.00,		0.15,		0.29,
855,		0.00,		0.15,		0.29,
856,		0.00,		0.15,		0.29,
857,		0.00,		0.15,		0.29,
858,		0.00,		0.15,		0.29,
859,		0.00,		0.15,		0.29,
860,		0.00,		0.15,		0.29,
861,		0.00,		0.15,		0.29,
862,		0.00,		0.15,		0.29,
863,		0.00,		0.15,		0.29,
864,		0.00,		0.15,		0.29,
865,		0.00,		0.15,		0.29,
866,		0.00,		0.15,		0.29,
867,		0.00,		0.15,		0.29,
868,		0.00,		0.15,		0.29,
869,		0.00,		0.15,		0.29,
870,		0.00,		0.15,		0.29,
871,		0.00,		0.15,		0.29,
872,		0.00,		0.15,		0.29,
873,		0.00,		0.15,		0.28,
874,		0.00,		0.15,		0.28,
875,		0.00,		0.15,		0.28,
876,		0.00,		0.15,		0.28,
877,		0.00,		0.15,		0.28,
878,		0.00,		0.15,		0.28,
879,		0.00,		0.15,		0.28,
880,		0.00,		0.15,		0.28,
881,		0.00,		0.15,		0.28,
882,		0.00,		0.15,		0.28,
883,		0.00,		0.15,		0.28,
884,		0.00,		0.15,		0.28,
885,		0.00,		0.15,		0.28,
886,		0.00,		0.14,		0.28,
887,		0.00,		0.14,		0.28,
888,		0.00,		0.14,		0.28,
889,		0.00,		0.14,		0.28,
890,		0.00,		0.14,		0.28,
891,		0.00,		0.14,		0.28,
892,		0.00,		0.14,		0.28,
893,		0.00,		0.14,		0.28,
894,		0.00,		0.14,		0.28,
895,		0.00,		0.14,		0.28,
896,		0.00,		0.14,		0.28,
897,		0.00,		0.14,		0.28,
898,		0.00,		0.14,		0.28,
899,		0.00,		0.14,		0.28,
900,		0.00,		0.14,		0.28,
901,		0.00,		0.14,		0.28,
902,		0.00,		0.14,		0.28,
903,		0.00,		0.14,		0.28,
904,		0.00,		0.14,		0.28,
905,		0.00,		0.14,		0.28,
906,		0.00,		0.14,		0.28,
907,		0.00,		0.14,		0.28,
908,		0.00,		0.14,		0.28,
909,		0.00,		0.14,		0.28,
910,		0.00,		0.14,		0.27,
911,		0.00,		0.14,		0.27,
912,		0.00,		0.14,		0.27,
913,		0.00,		0.14,		0.27,
914,		0.00,		0.14,		0.27,
915,		0.00,		0.14,		0.27,
916,		0.00,		0.14,		0.27,
917,		0.00,		0.14,		0.27,
918,		0.00,		0.14,		0.27,
919,		0.00,		0.14,		0.27,
920,		0.00,		0.14,		0.27,
921,		0.00,		0.14,		0.27,
922,		0.00,		0.14,		0.27,
923,		0.00,		0.14,		0.27,
924,		0.00,		0.14,		0.27,
925,		0.00,		0.14,		0.27,
926,		0.00,		0.14,		0.27,
927,		0.00,		0.14,		0.27,
928,		0.00,		0.14,		0.27,
929,		0.00,		0.14,		0.27,
930,		0.00,		0.14,		0.27,
931,		0.00,		0.14,		0.27,
932,		0.00,		0.14,		0.27,
933,		0.00,		0.14,		0.27,
934,		0.00,		0.14,		0.27,
935,		0.00,		0.14,		0.26,
936,		0.00,		0.14,		0.26,
937,		0.00,		0.14,		0.26,
938,		0.00,		0.14,		0.26,
939,		0.00,		0.14,		0.26,
940,		0.00,		0.14,		0.26,
941,		0.00,		0.14,		0.26,
942,		0.00,		0.14,		0.26,
943,		0.00,		0.14,		0.26,
944,		0.00,		0.13,		0.26,
945,		0.00,		0.13,		0.26,
946,		0.00,		0.13,		0.26,
947,		0.00,		0.13,		0.26,
948,		0.00,		0.13,		0.26,
949,		0.00,		0.13,		0.26,
950,		0.00,		0.13,		0.26,
951,		0.00,		0.13,		0.26,
952,		0.00,		0.13,		0.26,
953,		0.00,		0.13,		0.26,
954,		0.00,		0.13,		0.26,
955,		0.00,		0.13,		0.26,
956,		0.00,		0.13,		0.26,
957,		0.00,		0.13,		0.26,
958,		0.00,		0.13,		0.26,
959,		0.00,		0.13,		0.26,
960,		0.00,		0.13,		0.26,
961,		0.00,		0.13,		0.26,
962,		0.00,		0.13,		0.26,
963,		0.00,		0.13,		0.26,
964,		0.00,		0.13,		0.26,
965,		0.00,		0.13,		0.26,
966,		0.00,		0.13,		0.25,
967,		0.00,		0.13,		0.25,
968,		0.00,		0.13,		0.25,
969,		0.00,		0.13,		0.25,
970,		0.00,		0.13,		0.25,
971,		0.00,		0.13,		0.25,
972,		0.00,		0.13,		0.25,
973,		0.00,		0.13,		0.25,
974,		0.00,		0.13,		0.25,
975,		0.00,		0.13,		0.25,
976,		0.00,		0.13,		0.25,
977,		0.00,		0.13,		0.25,
978,		0.00,		0.13,		0.25,
979,		0.00,		0.13,		0.25,
980,		0.00,		0.13,		0.25,
981,		0.00,		0.13,		0.25,
982,		0.00,		0.13,		0.25,
983,		0.00,		0.13,		0.25,
984,		0.00,		0.13,		0.25,
985,		0.00,		0.13,		0.25,
986,		0.00,		0.13,		0.25,
987,		0.00,		0.13,		0.25,
988,		0.00,		0.13,		0.25,
989,		0.00,		0.13,		0.25,
990,		0.00,		0.13,		0.25,
991,		0.00,		0.13,		0.24,
992,		0.00,		0.13,		0.24,
993,		0.00,		0.13,		0.24,
994,		0.00,		0.13,		0.24,
995,		0.00,		0.13,		0.24,
996,		0.00,		0.13,		0.24,
997,		0.00,		0.13,		0.24,
998,		0.00,		0.13,		0.24,
999,		0.00,		0.13,		0.24,
