RANDOM_SEED, 1698997851
GEN,		MIN,			AVE,			MAX,
0,		69.70,		254.89,		526.72,
1,		69.70,		210.48,		267.55,
2,		42.51,		117.23,		187.44,
3,		23.63,		58.81,		88.00,
4,		20.74,		37.45,		50.56,
5,		16.79,		28.78,		35.50,
6,		15.48,		25.82,		28.75,
7,		6.29,		23.47,		26.88,
8,		5.50,		17.71,		23.87,
9,		4.71,		13.69,		17.92,
10,		4.66,		11.82,		14.34,
11,		4.66,		10.88,		13.07,
12,		4.47,		10.23,		12.29,
13,		4.47,		9.80,		11.76,
14,		4.47,		9.48,		11.37,
15,		4.34,		9.13,		10.97,
16,		3.32,		8.89,		10.70,
17,		3.32,		8.69,		10.39,
18,		3.32,		8.50,		10.15,
19,		3.32,		8.37,		9.98,
20,		3.32,		8.24,		9.79,
21,		3.32,		8.09,		9.64,
22,		2.96,		7.98,		9.49,
23,		2.96,		7.85,		9.33,
24,		1.56,		7.75,		9.19,
25,		1.56,		7.68,		9.12,
26,		1.56,		7.61,		9.07,
27,		0.66,		7.56,		9.00,
28,		0.66,		7.46,		8.89,
29,		0.66,		7.40,		8.83,
30,		0.66,		7.34,		8.77,
31,		0.66,		7.28,		8.67,
32,		0.66,		7.22,		8.60,
33,		0.66,		7.16,		8.56,
34,		0.66,		7.07,		8.46,
35,		0.66,		7.01,		8.39,
36,		0.66,		6.95,		8.30,
37,		0.66,		6.87,		8.24,
38,		0.66,		6.84,		8.19,
39,		0.66,		6.80,		8.14,
40,		0.66,		6.78,		8.11,
41,		0.66,		6.75,		8.06,
42,		0.66,		6.72,		8.03,
43,		0.66,		6.68,		7.97,
44,		0.66,		6.64,		7.94,
45,		0.66,		6.60,		7.86,
46,		0.66,		6.56,		7.81,
47,		0.66,		6.52,		7.76,
48,		0.66,		6.49,		7.74,
49,		0.66,		6.46,		7.72,
50,		0.66,		6.44,		7.69,
51,		0.66,		6.39,		7.65,
52,		0.66,		6.37,		7.59,
53,		0.66,		6.35,		7.56,
54,		0.66,		6.32,		7.53,
55,		0.66,		6.28,		7.49,
56,		0.66,		6.23,		7.45,
57,		0.66,		6.20,		7.42,
58,		0.66,		6.18,		7.40,
59,		0.66,		6.15,		7.36,
60,		0.66,		6.13,		7.34,
61,		0.66,		6.11,		7.33,
62,		0.66,		6.08,		7.28,
63,		0.66,		6.04,		7.25,
64,		0.66,		6.01,		7.24,
65,		0.66,		5.99,		7.21,
66,		0.66,		5.97,		7.19,
67,		0.66,		5.95,		7.17,
68,		0.66,		5.91,		7.14,
69,		0.66,		5.89,		7.12,
70,		0.66,		5.88,		7.11,
71,		0.66,		5.86,		7.09,
72,		0.66,		5.84,		7.06,
73,		0.66,		5.82,		7.04,
74,		0.66,		5.80,		7.02,
75,		0.66,		5.77,		6.99,
76,		0.66,		5.76,		6.96,
77,		0.66,		5.74,		6.94,
78,		0.66,		5.73,		6.93,
79,		0.66,		5.72,		6.90,
80,		0.66,		5.69,		6.86,
81,		0.66,		5.66,		6.84,
82,		0.66,		5.63,		6.80,
83,		0.66,		5.63,		6.79,
84,		0.66,		5.60,		6.77,
85,		0.66,		5.57,		6.76,
86,		0.66,		5.54,		6.75,
87,		0.66,		5.52,		6.72,
88,		0.66,		5.51,		6.69,
89,		0.66,		5.48,		6.67,
90,		0.66,		5.47,		6.66,
91,		0.66,		5.45,		6.64,
92,		0.66,		5.45,		6.63,
93,		0.66,		5.44,		6.63,
94,		0.66,		5.41,		6.60,
95,		0.66,		5.39,		6.58,
96,		0.66,		5.38,		6.55,
97,		0.66,		5.37,		6.54,
98,		0.66,		5.37,		6.54,
99,		0.66,		5.35,		6.51,
100,		0.66,		5.32,		6.47,
101,		0.66,		5.31,		6.45,
102,		0.66,		5.28,		6.43,
103,		0.66,		5.27,		6.42,
104,		0.66,		5.25,		6.41,
105,		0.66,		5.25,		6.40,
106,		0.66,		5.24,		6.39,
107,		0.66,		5.23,		6.38,
108,		0.66,		5.21,		6.35,
109,		0.66,		5.19,		6.32,
110,		0.66,		5.18,		6.32,
111,		0.66,		5.18,		6.30,
112,		0.66,		5.15,		6.27,
113,		0.66,		5.14,		6.26,
114,		0.66,		5.12,		6.23,
115,		0.66,		5.11,		6.21,
116,		0.66,		5.11,		6.21,
117,		0.66,		5.09,		6.20,
118,		0.66,		5.09,		6.19,
119,		0.66,		5.06,		6.18,
120,		0.66,		5.06,		6.17,
121,		0.66,		5.04,		6.14,
122,		0.66,		5.02,		6.12,
123,		0.66,		5.00,		6.12,
124,		0.66,		4.99,		6.10,
125,		0.66,		4.96,		6.08,
126,		0.66,		4.95,		6.07,
127,		0.66,		4.95,		6.06,
128,		0.66,		4.92,		6.03,
129,		0.66,		4.91,		6.02,
130,		0.66,		4.90,		6.01,
131,		0.66,		4.90,		6.00,
132,		0.66,		4.87,		5.99,
133,		0.66,		4.83,		5.96,
134,		0.66,		4.82,		5.96,
135,		0.66,		4.82,		5.95,
136,		0.66,		4.81,		5.95,
137,		0.66,		4.80,		5.93,
138,		0.66,		4.79,		5.92,
139,		0.66,		4.78,		5.91,
140,		0.66,		4.77,		5.90,
141,		0.66,		4.76,		5.89,
142,		0.66,		4.76,		5.89,
143,		0.66,		4.75,		5.87,
144,		0.66,		4.74,		5.87,
145,		0.55,		4.72,		5.86,
146,		0.55,		4.70,		5.84,
147,		0.55,		4.64,		5.80,
148,		0.55,		4.62,		5.78,
149,		0.55,		4.59,		5.75,
150,		0.55,		4.58,		5.73,
151,		0.55,		4.56,		5.72,
152,		0.55,		4.55,		5.72,
153,		0.55,		4.50,		5.68,
154,		0.55,		4.48,		5.67,
155,		0.34,		4.45,		5.65,
156,		0.34,		4.42,		5.61,
157,		0.34,		4.39,		5.59,
158,		0.34,		4.39,		5.57,
159,		0.34,		4.38,		5.56,
160,		0.34,		4.35,		5.53,
161,		0.34,		4.32,		5.50,
162,		0.34,		4.30,		5.49,
163,		0.34,		4.29,		5.48,
164,		0.34,		4.27,		5.44,
165,		0.34,		4.25,		5.43,
166,		0.34,		4.23,		5.41,
167,		0.07,		4.21,		5.39,
168,		0.07,		4.17,		5.34,
169,		0.07,		4.12,		5.31,
170,		0.07,		4.07,		5.29,
171,		0.07,		4.04,		5.26,
172,		0.07,		4.04,		5.24,
173,		0.07,		4.00,		5.21,
174,		0.07,		3.99,		5.20,
175,		0.07,		3.95,		5.15,
176,		0.07,		3.92,		5.12,
177,		0.07,		3.90,		5.11,
178,		0.07,		3.87,		5.08,
179,		0.07,		3.82,		5.03,
180,		0.07,		3.81,		5.02,
181,		0.07,		3.78,		4.97,
182,		0.07,		3.75,		4.93,
183,		0.07,		3.72,		4.90,
184,		0.07,		3.71,		4.89,
185,		0.07,		3.68,		4.85,
186,		0.07,		3.64,		4.80,
187,		0.07,		3.62,		4.79,
188,		0.07,		3.58,		4.76,
189,		0.07,		3.57,		4.75,
190,		0.07,		3.53,		4.72,
191,		0.07,		3.52,		4.71,
192,		0.07,		3.49,		4.68,
193,		0.07,		3.47,		4.65,
194,		0.07,		3.43,		4.63,
195,		0.07,		3.42,		4.62,
196,		0.07,		3.39,		4.57,
197,		0.07,		3.35,		4.56,
198,		0.07,		3.31,		4.49,
199,		0.07,		3.30,		4.48,
200,		0.07,		3.27,		4.47,
201,		0.07,		3.24,		4.43,
202,		0.07,		3.23,		4.42,
203,		0.07,		3.19,		4.38,
204,		0.07,		3.14,		4.34,
205,		0.07,		3.10,		4.29,
206,		0.07,		3.08,		4.26,
207,		0.07,		3.07,		4.25,
208,		0.07,		3.04,		4.23,
209,		0.07,		3.02,		4.19,
210,		0.07,		2.99,		4.15,
211,		0.07,		2.97,		4.13,
212,		0.07,		2.96,		4.12,
213,		0.07,		2.96,		4.12,
214,		0.07,		2.94,		4.09,
215,		0.07,		2.92,		4.07,
216,		0.07,		2.90,		4.06,
217,		0.07,		2.87,		4.03,
218,		0.07,		2.82,		3.94,
219,		0.07,		2.78,		3.89,
220,		0.07,		2.76,		3.86,
221,		0.07,		2.74,		3.85,
222,		0.07,		2.72,		3.84,
223,		0.07,		2.70,		3.81,
224,		0.07,		2.68,		3.78,
225,		0.07,		2.67,		3.77,
226,		0.07,		2.65,		3.77,
227,		0.07,		2.64,		3.75,
228,		0.07,		2.63,		3.72,
229,		0.07,		2.62,		3.68,
230,		0.07,		2.61,		3.66,
231,		0.07,		2.59,		3.65,
232,		0.07,		2.58,		3.63,
233,		0.07,		2.57,		3.61,
234,		0.07,		2.55,		3.59,
235,		0.07,		2.53,		3.56,
236,		0.07,		2.51,		3.54,
237,		0.07,		2.50,		3.52,
238,		0.07,		2.48,		3.50,
239,		0.07,		2.47,		3.48,
240,		0.07,		2.45,		3.45,
241,		0.07,		2.44,		3.44,
242,		0.07,		2.42,		3.43,
243,		0.07,		2.40,		3.40,
244,		0.07,		2.38,		3.39,
245,		0.07,		2.36,		3.36,
246,		0.07,		2.33,		3.35,
247,		0.07,		2.31,		3.33,
248,		0.07,		2.30,		3.33,
249,		0.07,		2.28,		3.30,
250,		0.07,		2.27,		3.30,
251,		0.07,		2.26,		3.29,
252,		0.07,		2.24,		3.26,
253,		0.07,		2.22,		3.25,
254,		0.07,		2.21,		3.24,
255,		0.07,		2.20,		3.22,
256,		0.07,		2.17,		3.20,
257,		0.07,		2.15,		3.19,
258,		0.04,		2.10,		3.15,
259,		0.04,		2.09,		3.14,
260,		0.04,		2.07,		3.12,
261,		0.04,		2.04,		3.09,
262,		0.04,		2.03,		3.07,
263,		0.04,		2.01,		3.05,
264,		0.04,		1.99,		3.03,
265,		0.04,		1.97,		3.00,
266,		0.04,		1.95,		2.98,
267,		0.03,		1.93,		2.95,
268,		0.03,		1.93,		2.95,
269,		0.03,		1.92,		2.93,
270,		0.03,		1.92,		2.92,
271,		0.03,		1.89,		2.90,
272,		0.03,		1.89,		2.89,
273,		0.03,		1.88,		2.88,
274,		0.03,		1.86,		2.86,
275,		0.03,		1.85,		2.84,
276,		0.03,		1.84,		2.83,
277,		0.03,		1.83,		2.82,
278,		0.03,		1.82,		2.81,
279,		0.03,		1.80,		2.78,
280,		0.03,		1.79,		2.76,
281,		0.03,		1.77,		2.74,
282,		0.03,		1.76,		2.73,
283,		0.03,		1.76,		2.73,
284,		0.03,		1.75,		2.72,
285,		0.03,		1.73,		2.69,
286,		0.03,		1.72,		2.68,
287,		0.03,		1.71,		2.66,
288,		0.03,		1.70,		2.65,
289,		0.03,		1.69,		2.63,
290,		0.03,		1.68,		2.63,
291,		0.03,		1.67,		2.62,
292,		0.03,		1.67,		2.60,
293,		0.03,		1.66,		2.60,
294,		0.03,		1.65,		2.60,
295,		0.03,		1.65,		2.59,
296,		0.03,		1.64,		2.58,
297,		0.03,		1.64,		2.57,
298,		0.03,		1.63,		2.54,
299,		0.03,		1.61,		2.53,
300,		0.03,		1.60,		2.52,
301,		0.03,		1.59,		2.50,
302,		0.03,		1.58,		2.49,
303,		0.03,		1.57,		2.48,
304,		0.03,		1.56,		2.48,
305,		0.03,		1.56,		2.47,
306,		0.03,		1.55,		2.46,
307,		0.03,		1.54,		2.45,
308,		0.03,		1.53,		2.44,
309,		0.03,		1.51,		2.43,
310,		0.03,		1.50,		2.42,
311,		0.03,		1.49,		2.41,
312,		0.01,		1.47,		2.40,
313,		0.01,		1.45,		2.37,
314,		0.01,		1.44,		2.37,
315,		0.01,		1.43,		2.36,
316,		0.01,		1.41,		2.34,
317,		0.01,		1.41,		2.33,
318,		0.01,		1.39,		2.29,
319,		0.01,		1.35,		2.27,
320,		0.01,		1.33,		2.24,
321,		0.01,		1.30,		2.20,
322,		0.01,		1.29,		2.20,
323,		0.01,		1.26,		2.16,
324,		0.01,		1.24,		2.14,
325,		0.01,		1.23,		2.12,
326,		0.01,		1.20,		2.09,
327,		0.00,		1.17,		2.07,
328,		0.00,		1.14,		2.03,
329,		0.00,		1.11,		1.98,
330,		0.00,		1.09,		1.96,
331,		0.00,		1.07,		1.92,
332,		0.00,		1.05,		1.91,
333,		0.00,		1.02,		1.86,
334,		0.00,		1.00,		1.83,
335,		0.00,		0.98,		1.80,
336,		0.00,		0.97,		1.78,
337,		0.00,		0.95,		1.75,
338,		0.00,		0.93,		1.72,
339,		0.00,		0.91,		1.70,
340,		0.00,		0.90,		1.68,
341,		0.00,		0.89,		1.66,
342,		0.00,		0.87,		1.61,
343,		0.00,		0.85,		1.59,
344,		0.00,		0.83,		1.57,
345,		0.00,		0.82,		1.55,
346,		0.00,		0.80,		1.51,
347,		0.00,		0.79,		1.50,
348,		0.00,		0.78,		1.49,
349,		0.00,		0.78,		1.48,
350,		0.00,		0.77,		1.45,
351,		0.00,		0.75,		1.43,
352,		0.00,		0.74,		1.40,
353,		0.00,		0.72,		1.37,
354,		0.00,		0.71,		1.34,
355,		0.00,		0.70,		1.33,
356,		0.00,		0.69,		1.31,
357,		0.00,		0.69,		1.30,
358,		0.00,		0.68,		1.28,
359,		0.00,		0.67,		1.26,
360,		0.00,		0.66,		1.25,
361,		0.00,		0.65,		1.22,
362,		0.00,		0.64,		1.21,
363,		0.00,		0.62,		1.19,
364,		0.00,		0.62,		1.17,
365,		0.00,		0.60,		1.15,
366,		0.00,		0.60,		1.13,
367,		0.00,		0.59,		1.12,
368,		0.00,		0.58,		1.11,
369,		0.00,		0.57,		1.08,
370,		0.00,		0.56,		1.07,
371,		0.00,		0.56,		1.05,
372,		0.00,		0.54,		1.02,
373,		0.00,		0.54,		1.01,
374,		0.00,		0.53,		1.00,
375,		0.00,		0.52,		0.98,
376,		0.00,		0.52,		0.97,
377,		0.00,		0.51,		0.96,
378,		0.00,		0.51,		0.96,
379,		0.00,		0.50,		0.95,
380,		0.00,		0.50,		0.94,
381,		0.00,		0.49,		0.94,
382,		0.00,		0.49,		0.92,
383,		0.00,		0.48,		0.90,
384,		0.00,		0.47,		0.90,
385,		0.00,		0.47,		0.88,
386,		0.00,		0.46,		0.86,
387,		0.00,		0.46,		0.86,
388,		0.00,		0.45,		0.85,
389,		0.00,		0.44,		0.84,
390,		0.00,		0.43,		0.82,
391,		0.00,		0.43,		0.82,
392,		0.00,		0.42,		0.80,
393,		0.00,		0.42,		0.79,
394,		0.00,		0.42,		0.79,
395,		0.00,		0.41,		0.78,
396,		0.00,		0.41,		0.78,
397,		0.00,		0.40,		0.77,
398,		0.00,		0.40,		0.76,
399,		0.00,		0.39,		0.74,
400,		0.00,		0.38,		0.73,
401,		0.00,		0.38,		0.72,
402,		0.00,		0.38,		0.71,
403,		0.00,		0.37,		0.71,
404,		0.00,		0.37,		0.70,
405,		0.00,		0.36,		0.69,
406,		0.00,		0.36,		0.69,
407,		0.00,		0.36,		0.68,
408,		0.00,		0.35,		0.67,
409,		0.00,		0.35,		0.67,
410,		0.00,		0.35,		0.66,
411,		0.00,		0.35,		0.65,
412,		0.00,		0.34,		0.64,
413,		0.00,		0.34,		0.64,
414,		0.00,		0.33,		0.63,
415,		0.00,		0.33,		0.63,
416,		0.00,		0.33,		0.62,
417,		0.00,		0.33,		0.62,
418,		0.00,		0.32,		0.61,
419,		0.00,		0.32,		0.61,
420,		0.00,		0.32,		0.59,
421,		0.00,		0.31,		0.59,
422,		0.00,		0.31,		0.58,
423,		0.00,		0.31,		0.58,
424,		0.00,		0.30,		0.57,
425,		0.00,		0.30,		0.57,
426,		0.00,		0.30,		0.57,
427,		0.00,		0.30,		0.56,
428,		0.00,		0.29,		0.56,
429,		0.00,		0.29,		0.56,
430,		0.00,		0.29,		0.55,
431,		0.00,		0.29,		0.55,
432,		0.00,		0.29,		0.54,
433,		0.00,		0.28,		0.54,
434,		0.00,		0.28,		0.54,
435,		0.00,		0.28,		0.53,
436,		0.00,		0.27,		0.53,
437,		0.00,		0.27,		0.53,
438,		0.00,		0.27,		0.52,
439,		0.00,		0.27,		0.52,
440,		0.00,		0.27,		0.52,
441,		0.00,		0.26,		0.51,
442,		0.00,		0.26,		0.51,
443,		0.00,		0.26,		0.51,
444,		0.00,		0.26,		0.50,
445,		0.00,		0.26,		0.50,
446,		0.00,		0.25,		0.49,
447,		0.00,		0.25,		0.49,
448,		0.00,		0.25,		0.49,
449,		0.00,		0.25,		0.49,
450,		0.00,		0.25,		0.49,
451,		0.00,		0.25,		0.48,
452,		0.00,		0.24,		0.48,
453,		0.00,		0.24,		0.47,
454,		0.00,		0.24,		0.47,
455,		0.00,		0.24,		0.46,
456,		0.00,		0.24,		0.46,
457,		0.00,		0.24,		0.46,
458,		0.00,		0.24,		0.46,
459,		0.00,		0.23,		0.46,
460,		0.00,		0.23,		0.45,
461,		0.00,		0.23,		0.45,
462,		0.00,		0.23,		0.45,
463,		0.00,		0.23,		0.45,
464,		0.00,		0.22,		0.44,
465,		0.00,		0.22,		0.43,
466,		0.00,		0.22,		0.43,
467,		0.00,		0.22,		0.42,
468,		0.00,		0.22,		0.42,
469,		0.00,		0.22,		0.42,
470,		0.00,		0.22,		0.42,
471,		0.00,		0.22,		0.41,
472,		0.00,		0.22,		0.41,
473,		0.00,		0.22,		0.41,
474,		0.00,		0.22,		0.41,
475,		0.00,		0.21,		0.40,
476,		0.00,		0.21,		0.40,
477,		0.00,		0.21,		0.40,
478,		0.00,		0.21,		0.40,
479,		0.00,		0.21,		0.39,
480,		0.00,		0.20,		0.39,
481,		0.00,		0.20,		0.39,
482,		0.00,		0.20,		0.39,
483,		0.00,		0.20,		0.39,
484,		0.00,		0.20,		0.38,
485,		0.00,		0.20,		0.38,
486,		0.00,		0.20,		0.38,
487,		0.00,		0.20,		0.38,
488,		0.00,		0.19,		0.38,
489,		0.00,		0.19,		0.38,
490,		0.00,		0.19,		0.37,
491,		0.00,		0.19,		0.37,
492,		0.00,		0.19,		0.37,
493,		0.00,		0.19,		0.37,
494,		0.00,		0.19,		0.37,
495,		0.00,		0.18,		0.37,
496,		0.00,		0.18,		0.36,
497,		0.00,		0.18,		0.36,
498,		0.00,		0.18,		0.36,
499,		0.00,		0.18,		0.36,
500,		0.00,		0.18,		0.36,
501,		0.00,		0.18,		0.36,
502,		0.00,		0.18,		0.36,
503,		0.00,		0.18,		0.35,
504,		0.00,		0.18,		0.35,
505,		0.00,		0.18,		0.34,
506,		0.00,		0.18,		0.34,
507,		0.00,		0.17,		0.34,
508,		0.00,		0.17,		0.34,
509,		0.00,		0.17,		0.34,
510,		0.00,		0.17,		0.34,
511,		0.00,		0.17,		0.34,
512,		0.00,		0.17,		0.34,
513,		0.00,		0.17,		0.34,
514,		0.00,		0.17,		0.34,
515,		0.00,		0.17,		0.33,
516,		0.00,		0.17,		0.33,
517,		0.00,		0.17,		0.33,
518,		0.00,		0.16,		0.33,
519,		0.00,		0.16,		0.33,
520,		0.00,		0.16,		0.32,
521,		0.00,		0.16,		0.32,
522,		0.00,		0.16,		0.32,
523,		0.00,		0.16,		0.32,
524,		0.00,		0.16,		0.31,
525,		0.00,		0.16,		0.31,
526,		0.00,		0.16,		0.31,
527,		0.00,		0.15,		0.31,
528,		0.00,		0.15,		0.31,
529,		0.00,		0.15,		0.30,
530,		0.00,		0.15,		0.30,
531,		0.00,		0.15,		0.30,
532,		0.00,		0.15,		0.30,
533,		0.00,		0.15,		0.30,
534,		0.00,		0.15,		0.30,
535,		0.00,		0.15,		0.30,
536,		0.00,		0.15,		0.29,
537,		0.00,		0.15,		0.29,
538,		0.00,		0.14,		0.29,
539,		0.00,		0.14,		0.29,
540,		0.00,		0.14,		0.28,
541,		0.00,		0.14,		0.28,
542,		0.00,		0.14,		0.28,
543,		0.00,		0.14,		0.28,
544,		0.00,		0.14,		0.28,
545,		0.00,		0.14,		0.28,
546,		0.00,		0.14,		0.28,
547,		0.00,		0.14,		0.28,
548,		0.00,		0.14,		0.27,
549,		0.00,		0.14,		0.27,
550,		0.00,		0.14,		0.27,
551,		0.00,		0.14,		0.27,
552,		0.00,		0.13,		0.26,
553,		0.00,		0.13,		0.26,
554,		0.00,		0.13,		0.26,
555,		0.00,		0.13,		0.26,
556,		0.00,		0.13,		0.26,
557,		0.00,		0.13,		0.26,
558,		0.00,		0.13,		0.26,
559,		0.00,		0.13,		0.26,
560,		0.00,		0.13,		0.26,
561,		0.00,		0.13,		0.26,
562,		0.00,		0.13,		0.26,
563,		0.00,		0.13,		0.26,
564,		0.00,		0.13,		0.26,
565,		0.00,		0.13,		0.26,
566,		0.00,		0.13,		0.26,
567,		0.00,		0.13,		0.25,
568,		0.00,		0.13,		0.25,
569,		0.00,		0.13,		0.25,
570,		0.00,		0.13,		0.25,
571,		0.00,		0.12,		0.25,
572,		0.00,		0.12,		0.25,
573,		0.00,		0.12,		0.25,
574,		0.00,		0.12,		0.25,
575,		0.00,		0.12,		0.25,
576,		0.00,		0.12,		0.25,
577,		0.00,		0.12,		0.25,
578,		0.00,		0.12,		0.25,
579,		0.00,		0.12,		0.25,
580,		0.00,		0.12,		0.24,
581,		0.00,		0.12,		0.24,
582,		0.00,		0.12,		0.24,
583,		0.00,		0.12,		0.24,
584,		0.00,		0.12,		0.24,
585,		0.00,		0.12,		0.24,
586,		0.00,		0.12,		0.24,
587,		0.00,		0.12,		0.24,
588,		0.00,		0.12,		0.24,
589,		0.00,		0.12,		0.24,
590,		0.00,		0.12,		0.24,
591,		0.00,		0.12,		0.24,
592,		0.00,		0.12,		0.23,
593,		0.00,		0.12,		0.23,
594,		0.00,		0.12,		0.23,
595,		0.00,		0.12,		0.23,
596,		0.00,		0.12,		0.23,
597,		0.00,		0.12,		0.23,
598,		0.00,		0.12,		0.23,
599,		0.00,		0.12,		0.23,
600,		0.00,		0.12,		0.23,
601,		0.00,		0.12,		0.23,
602,		0.00,		0.12,		0.23,
603,		0.00,		0.11,		0.23,
604,		0.00,		0.11,		0.22,
605,		0.00,		0.11,		0.22,
606,		0.00,		0.11,		0.22,
607,		0.00,		0.11,		0.22,
608,		0.00,		0.11,		0.22,
609,		0.00,		0.11,		0.22,
610,		0.00,		0.11,		0.22,
611,		0.00,		0.11,		0.22,
612,		0.00,		0.11,		0.22,
613,		0.00,		0.11,		0.22,
614,		0.00,		0.11,		0.22,
615,		0.00,		0.11,		0.22,
616,		0.00,		0.11,		0.21,
617,		0.00,		0.11,		0.21,
618,		0.00,		0.11,		0.21,
619,		0.00,		0.11,		0.21,
620,		0.00,		0.11,		0.21,
621,		0.00,		0.11,		0.21,
622,		0.00,		0.11,		0.21,
623,		0.00,		0.11,		0.21,
624,		0.00,		0.11,		0.21,
625,		0.00,		0.10,		0.21,
626,		0.00,		0.10,		0.21,
627,		0.00,		0.10,		0.21,
628,		0.00,		0.10,		0.21,
629,		0.00,		0.10,		0.21,
630,		0.00,		0.10,		0.21,
631,		0.00,		0.10,		0.20,
632,		0.00,		0.10,		0.20,
633,		0.00,		0.10,		0.20,
634,		0.00,		0.10,		0.20,
635,		0.00,		0.10,		0.20,
636,		0.00,		0.10,		0.20,
637,		0.00,		0.10,		0.20,
638,		0.00,		0.10,		0.20,
639,		0.00,		0.10,		0.20,
640,		0.00,		0.10,		0.20,
641,		0.00,		0.10,		0.19,
642,		0.00,		0.10,		0.19,
643,		0.00,		0.10,		0.19,
644,		0.00,		0.10,		0.19,
645,		0.00,		0.10,		0.19,
646,		0.00,		0.10,		0.19,
647,		0.00,		0.10,		0.19,
648,		0.00,		0.10,		0.19,
649,		0.00,		0.09,		0.19,
650,		0.00,		0.09,		0.19,
651,		0.00,		0.09,		0.19,
652,		0.00,		0.09,		0.19,
653,		0.00,		0.09,		0.19,
654,		0.00,		0.09,		0.19,
655,		0.00,		0.09,		0.19,
656,		0.00,		0.09,		0.18,
657,		0.00,		0.09,		0.18,
658,		0.00,		0.09,		0.18,
659,		0.00,		0.09,		0.18,
660,		0.00,		0.09,		0.18,
661,		0.00,		0.09,		0.18,
662,		0.00,		0.09,		0.18,
663,		0.00,		0.09,		0.18,
664,		0.00,		0.09,		0.18,
665,		0.00,		0.09,		0.18,
666,		0.00,		0.09,		0.18,
667,		0.00,		0.09,		0.18,
668,		0.00,		0.09,		0.18,
669,		0.00,		0.09,		0.18,
670,		0.00,		0.09,		0.18,
671,		0.00,		0.09,		0.18,
672,		0.00,		0.09,		0.18,
673,		0.00,		0.09,		0.18,
674,		0.00,		0.09,		0.18,
675,		0.00,		0.09,		0.18,
676,		0.00,		0.09,		0.18,
677,		0.00,		0.09,		0.18,
678,		0.00,		0.09,		0.17,
679,		0.00,		0.09,		0.17,
680,		0.00,		0.09,		0.17,
681,		0.00,		0.09,		0.17,
682,		0.00,		0.09,		0.17,
683,		0.00,		0.09,		0.17,
684,		0.00,		0.09,		0.17,
685,		0.00,		0.09,		0.17,
686,		0.00,		0.09,		0.17,
687,		0.00,		0.09,		0.17,
688,		0.00,		0.08,		0.17,
689,		0.00,		0.08,		0.17,
690,		0.00,		0.08,		0.17,
691,		0.00,		0.08,		0.17,
692,		0.00,		0.08,		0.17,
693,		0.00,		0.08,		0.17,
694,		0.00,		0.08,		0.17,
695,		0.00,		0.08,		0.17,
696,		0.00,		0.08,		0.17,
697,		0.00,		0.08,		0.17,
698,		0.00,		0.08,		0.17,
699,		0.00,		0.08,		0.17,
700,		0.00,		0.08,		0.16,
701,		0.00,		0.08,		0.16,
702,		0.00,		0.08,		0.16,
703,		0.00,		0.08,		0.16,
704,		0.00,		0.08,		0.16,
705,		0.00,		0.08,		0.16,
706,		0.00,		0.08,		0.16,
707,		0.00,		0.08,		0.16,
708,		0.00,		0.08,		0.16,
709,		0.00,		0.08,		0.16,
710,		0.00,		0.08,		0.16,
711,		0.00,		0.08,		0.16,
712,		0.00,		0.08,		0.16,
713,		0.00,		0.08,		0.16,
714,		0.00,		0.08,		0.16,
715,		0.00,		0.08,		0.16,
716,		0.00,		0.08,		0.16,
717,		0.00,		0.08,		0.16,
718,		0.00,		0.08,		0.16,
719,		0.00,		0.08,		0.16,
720,		0.00,		0.08,		0.16,
721,		0.00,		0.08,		0.16,
722,		0.00,		0.08,		0.16,
723,		0.00,		0.08,		0.16,
724,		0.00,		0.08,		0.16,
725,		0.00,		0.08,		0.15,
726,		0.00,		0.08,		0.15,
727,		0.00,		0.08,		0.15,
728,		0.00,		0.08,		0.15,
729,		0.00,		0.08,		0.15,
730,		0.00,		0.08,		0.15,
731,		0.00,		0.08,		0.15,
732,		0.00,		0.08,		0.15,
733,		0.00,		0.08,		0.15,
734,		0.00,		0.08,		0.15,
735,		0.00,		0.08,		0.15,
736,		0.00,		0.08,		0.15,
737,		0.00,		0.07,		0.15,
738,		0.00,		0.07,		0.15,
739,		0.00,		0.07,		0.15,
740,		0.00,		0.07,		0.15,
741,		0.00,		0.07,		0.15,
742,		0.00,		0.07,		0.15,
743,		0.00,		0.07,		0.15,
744,		0.00,		0.07,		0.15,
745,		0.00,		0.07,		0.15,
746,		0.00,		0.07,		0.15,
747,		0.00,		0.07,		0.14,
748,		0.00,		0.07,		0.14,
749,		0.00,		0.07,		0.14,
750,		0.00,		0.07,		0.14,
751,		0.00,		0.07,		0.14,
752,		0.00,		0.07,		0.14,
753,		0.00,		0.07,		0.14,
754,		0.00,		0.07,		0.14,
755,		0.00,		0.07,		0.14,
756,		0.00,		0.07,		0.14,
757,		0.00,		0.07,		0.14,
758,		0.00,		0.07,		0.14,
759,		0.00,		0.07,		0.14,
760,		0.00,		0.07,		0.14,
761,		0.00,		0.07,		0.14,
762,		0.00,		0.07,		0.14,
763,		0.00,		0.07,		0.14,
764,		0.00,		0.07,		0.14,
765,		0.00,		0.07,		0.14,
766,		0.00,		0.07,		0.14,
767,		0.00,		0.07,		0.13,
768,		0.00,		0.07,		0.13,
769,		0.00,		0.07,		0.13,
770,		0.00,		0.07,		0.13,
771,		0.00,		0.07,		0.13,
772,		0.00,		0.07,		0.13,
773,		0.00,		0.07,		0.13,
774,		0.00,		0.07,		0.13,
775,		0.00,		0.07,		0.13,
776,		0.00,		0.07,		0.13,
777,		0.00,		0.07,		0.13,
778,		0.00,		0.07,		0.13,
779,		0.00,		0.07,		0.13,
780,		0.00,		0.07,		0.13,
781,		0.00,		0.07,		0.13,
782,		0.00,		0.07,		0.13,
783,		0.00,		0.07,		0.13,
784,		0.00,		0.06,		0.13,
785,		0.00,		0.06,		0.13,
786,		0.00,		0.06,		0.13,
787,		0.00,		0.06,		0.13,
788,		0.00,		0.06,		0.13,
789,		0.00,		0.06,		0.13,
790,		0.00,		0.06,		0.13,
791,		0.00,		0.06,		0.13,
792,		0.00,		0.06,		0.13,
793,		0.00,		0.06,		0.13,
794,		0.00,		0.06,		0.13,
795,		0.00,		0.06,		0.13,
796,		0.00,		0.06,		0.13,
797,		0.00,		0.06,		0.13,
798,		0.00,		0.06,		0.13,
799,		0.00,		0.06,		0.13,
800,		0.00,		0.06,		0.12,
801,		0.00,		0.06,		0.12,
802,		0.00,		0.06,		0.12,
803,		0.00,		0.06,		0.12,
804,		0.00,		0.06,		0.12,
805,		0.00,		0.06,		0.12,
806,		0.00,		0.06,		0.12,
807,		0.00,		0.06,		0.12,
808,		0.00,		0.06,		0.12,
809,		0.00,		0.06,		0.12,
810,		0.00,		0.06,		0.12,
811,		0.00,		0.06,		0.12,
812,		0.00,		0.06,		0.12,
813,		0.00,		0.06,		0.12,
814,		0.00,		0.06,		0.12,
815,		0.00,		0.06,		0.12,
816,		0.00,		0.06,		0.12,
817,		0.00,		0.06,		0.12,
818,		0.00,		0.06,		0.12,
819,		0.00,		0.06,		0.12,
820,		0.00,		0.06,		0.12,
821,		0.00,		0.06,		0.12,
822,		0.00,		0.06,		0.12,
823,		0.00,		0.06,		0.12,
824,		0.00,		0.06,		0.12,
825,		0.00,		0.06,		0.12,
826,		0.00,		0.06,		0.12,
827,		0.00,		0.06,		0.11,
828,		0.00,		0.06,		0.11,
829,		0.00,		0.06,		0.11,
830,		0.00,		0.06,		0.11,
831,		0.00,		0.06,		0.11,
832,		0.00,		0.06,		0.11,
833,		0.00,		0.06,		0.11,
834,		0.00,		0.06,		0.11,
835,		0.00,		0.06,		0.11,
836,		0.00,		0.06,		0.11,
837,		0.00,		0.06,		0.11,
838,		0.00,		0.06,		0.11,
839,		0.00,		0.06,		0.11,
840,		0.00,		0.06,		0.11,
841,		0.00,		0.06,		0.11,
842,		0.00,		0.06,		0.11,
843,		0.00,		0.06,		0.11,
844,		0.00,		0.06,		0.11,
845,		0.00,		0.06,		0.11,
846,		0.00,		0.06,		0.11,
847,		0.00,		0.06,		0.11,
848,		0.00,		0.06,		0.11,
849,		0.00,		0.06,		0.11,
850,		0.00,		0.06,		0.11,
851,		0.00,		0.06,		0.11,
852,		0.00,		0.06,		0.11,
853,		0.00,		0.06,		0.11,
854,		0.00,		0.06,		0.11,
855,		0.00,		0.05,		0.11,
856,		0.00,		0.05,		0.11,
857,		0.00,		0.05,		0.11,
858,		0.00,		0.05,		0.11,
859,		0.00,		0.05,		0.11,
860,		0.00,		0.05,		0.11,
861,		0.00,		0.05,		0.11,
862,		0.00,		0.05,		0.11,
863,		0.00,		0.05,		0.11,
864,		0.00,		0.05,		0.11,
865,		0.00,		0.05,		0.11,
866,		0.00,		0.05,		0.11,
867,		0.00,		0.05,		0.11,
868,		0.00,		0.05,		0.11,
869,		0.00,		0.05,		0.11,
870,		0.00,		0.05,		0.11,
871,		0.00,		0.05,		0.11,
872,		0.00,		0.05,		0.11,
873,		0.00,		0.05,		0.11,
874,		0.00,		0.05,		0.11,
875,		0.00,		0.05,		0.11,
876,		0.00,		0.05,		0.11,
877,		0.00,		0.05,		0.11,
878,		0.00,		0.05,		0.11,
879,		0.00,		0.05,		0.10,
880,		0.00,		0.05,		0.10,
881,		0.00,		0.05,		0.10,
882,		0.00,		0.05,		0.10,
883,		0.00,		0.05,		0.10,
884,		0.00,		0.05,		0.10,
885,		0.00,		0.05,		0.10,
886,		0.00,		0.05,		0.10,
887,		0.00,		0.05,		0.10,
888,		0.00,		0.05,		0.10,
889,		0.00,		0.05,		0.10,
890,		0.00,		0.05,		0.10,
891,		0.00,		0.05,		0.10,
892,		0.00,		0.05,		0.10,
893,		0.00,		0.05,		0.10,
894,		0.00,		0.05,		0.10,
895,		0.00,		0.05,		0.10,
896,		0.00,		0.05,		0.10,
897,		0.00,		0.05,		0.10,
898,		0.00,		0.05,		0.10,
899,		0.00,		0.05,		0.10,
900,		0.00,		0.05,		0.10,
901,		0.00,		0.05,		0.10,
902,		0.00,		0.05,		0.10,
903,		0.00,		0.05,		0.10,
904,		0.00,		0.05,		0.10,
905,		0.00,		0.05,		0.10,
906,		0.00,		0.05,		0.10,
907,		0.00,		0.05,		0.10,
908,		0.00,		0.05,		0.10,
909,		0.00,		0.05,		0.10,
910,		0.00,		0.05,		0.10,
911,		0.00,		0.05,		0.10,
912,		0.00,		0.05,		0.10,
913,		0.00,		0.05,		0.10,
914,		0.00,		0.05,		0.10,
915,		0.00,		0.05,		0.10,
916,		0.00,		0.05,		0.10,
917,		0.00,		0.05,		0.10,
918,		0.00,		0.05,		0.10,
919,		0.00,		0.05,		0.10,
920,		0.00,		0.05,		0.10,
921,		0.00,		0.05,		0.10,
922,		0.00,		0.05,		0.10,
923,		0.00,		0.05,		0.10,
924,		0.00,		0.05,		0.10,
925,		0.00,		0.05,		0.10,
926,		0.00,		0.05,		0.10,
927,		0.00,		0.05,		0.10,
928,		0.00,		0.05,		0.10,
929,		0.00,		0.05,		0.10,
930,		0.00,		0.05,		0.10,
931,		0.00,		0.05,		0.10,
932,		0.00,		0.05,		0.10,
933,		0.00,		0.05,		0.10,
934,		0.00,		0.05,		0.10,
935,		0.00,		0.05,		0.10,
936,		0.00,		0.05,		0.09,
937,		0.00,		0.05,		0.09,
938,		0.00,		0.05,		0.09,
939,		0.00,		0.05,		0.09,
940,		0.00,		0.05,		0.09,
941,		0.00,		0.05,		0.09,
942,		0.00,		0.05,		0.09,
943,		0.00,		0.05,		0.09,
944,		0.00,		0.05,		0.09,
945,		0.00,		0.05,		0.09,
946,		0.00,		0.05,		0.09,
947,		0.00,		0.05,		0.09,
948,		0.00,		0.05,		0.09,
949,		0.00,		0.05,		0.09,
950,		0.00,		0.05,		0.09,
951,		0.00,		0.05,		0.09,
952,		0.00,		0.05,		0.09,
953,		0.00,		0.05,		0.09,
954,		0.00,		0.05,		0.09,
955,		0.00,		0.05,		0.09,
956,		0.00,		0.05,		0.09,
957,		0.00,		0.05,		0.09,
958,		0.00,		0.05,		0.09,
959,		0.00,		0.05,		0.09,
960,		0.00,		0.05,		0.09,
961,		0.00,		0.05,		0.09,
962,		0.00,		0.05,		0.09,
963,		0.00,		0.05,		0.09,
964,		0.00,		0.05,		0.09,
965,		0.00,		0.05,		0.09,
966,		0.00,		0.05,		0.09,
967,		0.00,		0.05,		0.09,
968,		0.00,		0.05,		0.09,
969,		0.00,		0.05,		0.09,
970,		0.00,		0.05,		0.09,
971,		0.00,		0.05,		0.09,
972,		0.00,		0.05,		0.09,
973,		0.00,		0.05,		0.09,
974,		0.00,		0.05,		0.09,
975,		0.00,		0.05,		0.09,
976,		0.00,		0.05,		0.09,
977,		0.00,		0.04,		0.09,
978,		0.00,		0.04,		0.09,
979,		0.00,		0.04,		0.09,
980,		0.00,		0.04,		0.09,
981,		0.00,		0.04,		0.09,
982,		0.00,		0.04,		0.09,
983,		0.00,		0.04,		0.09,
984,		0.00,		0.04,		0.09,
985,		0.00,		0.04,		0.09,
986,		0.00,		0.04,		0.09,
987,		0.00,		0.04,		0.09,
988,		0.00,		0.04,		0.09,
989,		0.00,		0.04,		0.09,
990,		0.00,		0.04,		0.09,
991,		0.00,		0.04,		0.09,
992,		0.00,		0.04,		0.09,
993,		0.00,		0.04,		0.09,
994,		0.00,		0.04,		0.09,
995,		0.00,		0.04,		0.09,
996,		0.00,		0.04,		0.09,
997,		0.00,		0.04,		0.09,
998,		0.00,		0.04,		0.09,
999,		0.00,		0.04,		0.09,
