RANDOM_SEED, 1698994315
GEN,		MIN,			AVE,			MAX,
0,		80.04,		252.17,		468.62,
1,		80.04,		173.52,		221.09,
2,		57.58,		139.57,		176.89,
3,		40.75,		84.55,		123.38,
4,		30.36,		64.11,		88.20,
5,		24.29,		49.45,		57.10,
6,		16.21,		41.46,		51.01,
7,		11.03,		28.48,		39.05,
8,		11.03,		21.44,		26.02,
9,		7.95,		18.92,		21.91,
10,		5.70,		16.16,		19.33,
11,		5.62,		14.07,		16.78,
12,		5.41,		12.63,		15.11,
13,		5.41,		11.70,		14.07,
14,		5.41,		11.04,		13.11,
15,		4.94,		10.53,		12.54,
16,		2.31,		9.76,		11.86,
17,		0.84,		8.82,		10.97,
18,		0.73,		7.72,		9.86,
19,		0.73,		6.97,		9.14,
20,		0.73,		6.43,		8.51,
21,		0.18,		5.75,		7.84,
22,		0.18,		5.27,		7.24,
23,		0.11,		4.82,		6.71,
24,		0.11,		4.48,		6.35,
25,		0.11,		4.24,		6.00,
26,		0.05,		3.95,		5.71,
27,		0.05,		3.70,		5.41,
28,		0.05,		3.49,		5.11,
29,		0.05,		3.34,		4.91,
30,		0.03,		3.17,		4.76,
31,		0.03,		3.03,		4.55,
32,		0.03,		2.91,		4.44,
33,		0.03,		2.80,		4.22,
34,		0.03,		2.64,		4.02,
35,		0.01,		2.52,		3.88,
36,		0.01,		2.41,		3.74,
37,		0.01,		2.30,		3.60,
38,		0.01,		2.16,		3.46,
39,		0.01,		2.03,		3.28,
40,		0.01,		1.99,		3.18,
41,		0.01,		1.89,		3.08,
42,		0.01,		1.81,		2.96,
43,		0.01,		1.77,		2.91,
44,		0.01,		1.73,		2.82,
45,		0.01,		1.64,		2.72,
46,		0.00,		1.58,		2.65,
47,		0.00,		1.46,		2.50,
48,		0.00,		1.37,		2.35,
49,		0.00,		1.29,		2.22,
50,		0.00,		1.24,		2.12,
51,		0.00,		1.18,		2.05,
52,		0.00,		1.11,		1.94,
53,		0.00,		1.08,		1.88,
54,		0.00,		1.02,		1.79,
55,		0.00,		0.95,		1.71,
56,		0.00,		0.90,		1.64,
57,		0.00,		0.87,		1.58,
58,		0.00,		0.84,		1.54,
59,		0.00,		0.79,		1.48,
60,		0.00,		0.75,		1.39,
61,		0.00,		0.71,		1.34,
62,		0.00,		0.68,		1.30,
63,		0.00,		0.64,		1.24,
64,		0.00,		0.62,		1.20,
65,		0.00,		0.59,		1.16,
66,		0.00,		0.56,		1.12,
67,		0.00,		0.53,		1.07,
68,		0.00,		0.51,		1.02,
69,		0.00,		0.49,		0.98,
70,		0.00,		0.47,		0.94,
71,		0.00,		0.46,		0.92,
72,		0.00,		0.44,		0.89,
73,		0.00,		0.43,		0.86,
74,		0.00,		0.41,		0.83,
75,		0.00,		0.40,		0.80,
76,		0.00,		0.38,		0.76,
77,		0.00,		0.37,		0.74,
78,		0.00,		0.36,		0.72,
79,		0.00,		0.35,		0.70,
80,		0.00,		0.35,		0.69,
81,		0.00,		0.33,		0.67,
82,		0.00,		0.33,		0.66,
83,		0.00,		0.32,		0.64,
84,		0.00,		0.31,		0.62,
85,		0.00,		0.30,		0.60,
86,		0.00,		0.30,		0.59,
87,		0.00,		0.29,		0.58,
88,		0.00,		0.28,		0.57,
89,		0.00,		0.27,		0.54,
90,		0.00,		0.26,		0.53,
91,		0.00,		0.26,		0.52,
92,		0.00,		0.25,		0.51,
93,		0.00,		0.25,		0.50,
94,		0.00,		0.24,		0.50,
95,		0.00,		0.24,		0.49,
96,		0.00,		0.24,		0.48,
97,		0.00,		0.23,		0.47,
98,		0.00,		0.23,		0.46,
99,		0.00,		0.22,		0.45,
100,		0.00,		0.22,		0.44,
101,		0.00,		0.22,		0.43,
102,		0.00,		0.22,		0.43,
103,		0.00,		0.21,		0.42,
104,		0.00,		0.21,		0.41,
105,		0.00,		0.20,		0.40,
106,		0.00,		0.20,		0.40,
107,		0.00,		0.20,		0.39,
108,		0.00,		0.20,		0.39,
109,		0.00,		0.20,		0.38,
110,		0.00,		0.19,		0.38,
111,		0.00,		0.19,		0.37,
112,		0.00,		0.19,		0.37,
113,		0.00,		0.19,		0.37,
114,		0.00,		0.18,		0.36,
115,		0.00,		0.18,		0.35,
116,		0.00,		0.18,		0.35,
117,		0.00,		0.17,		0.35,
118,		0.00,		0.17,		0.34,
119,		0.00,		0.17,		0.33,
120,		0.00,		0.17,		0.33,
121,		0.00,		0.16,		0.33,
122,		0.00,		0.16,		0.32,
123,		0.00,		0.16,		0.32,
124,		0.00,		0.16,		0.32,
125,		0.00,		0.16,		0.31,
126,		0.00,		0.16,		0.31,
127,		0.00,		0.15,		0.31,
128,		0.00,		0.15,		0.31,
129,		0.00,		0.15,		0.30,
130,		0.00,		0.15,		0.29,
131,		0.00,		0.15,		0.29,
132,		0.00,		0.14,		0.29,
133,		0.00,		0.14,		0.28,
134,		0.00,		0.14,		0.28,
135,		0.00,		0.14,		0.27,
136,		0.00,		0.14,		0.27,
137,		0.00,		0.14,		0.27,
138,		0.00,		0.14,		0.27,
139,		0.00,		0.13,		0.26,
140,		0.00,		0.13,		0.26,
141,		0.00,		0.13,		0.26,
142,		0.00,		0.13,		0.26,
143,		0.00,		0.13,		0.25,
144,		0.00,		0.13,		0.25,
145,		0.00,		0.13,		0.25,
146,		0.00,		0.12,		0.24,
147,		0.00,		0.12,		0.24,
148,		0.00,		0.12,		0.24,
149,		0.00,		0.12,		0.24,
150,		0.00,		0.12,		0.23,
151,		0.00,		0.12,		0.23,
152,		0.00,		0.12,		0.23,
153,		0.00,		0.12,		0.23,
154,		0.00,		0.12,		0.23,
155,		0.00,		0.11,		0.23,
156,		0.00,		0.11,		0.23,
157,		0.00,		0.11,		0.23,
158,		0.00,		0.11,		0.22,
159,		0.00,		0.11,		0.22,
160,		0.00,		0.11,		0.22,
161,		0.00,		0.11,		0.22,
162,		0.00,		0.11,		0.22,
163,		0.00,		0.11,		0.21,
164,		0.00,		0.11,		0.21,
165,		0.00,		0.11,		0.21,
166,		0.00,		0.10,		0.21,
167,		0.00,		0.10,		0.21,
168,		0.00,		0.10,		0.21,
169,		0.00,		0.10,		0.21,
170,		0.00,		0.10,		0.20,
171,		0.00,		0.10,		0.20,
172,		0.00,		0.10,		0.20,
173,		0.00,		0.10,		0.20,
174,		0.00,		0.10,		0.20,
175,		0.00,		0.10,		0.20,
176,		0.00,		0.10,		0.20,
177,		0.00,		0.10,		0.20,
178,		0.00,		0.10,		0.20,
179,		0.00,		0.10,		0.20,
180,		0.00,		0.10,		0.20,
181,		0.00,		0.10,		0.19,
182,		0.00,		0.10,		0.19,
183,		0.00,		0.10,		0.19,
184,		0.00,		0.10,		0.19,
185,		0.00,		0.09,		0.19,
186,		0.00,		0.09,		0.19,
187,		0.00,		0.09,		0.19,
188,		0.00,		0.09,		0.19,
189,		0.00,		0.09,		0.18,
190,		0.00,		0.09,		0.18,
191,		0.00,		0.09,		0.18,
192,		0.00,		0.09,		0.18,
193,		0.00,		0.09,		0.18,
194,		0.00,		0.09,		0.18,
195,		0.00,		0.09,		0.18,
196,		0.00,		0.09,		0.18,
197,		0.00,		0.09,		0.18,
198,		0.00,		0.09,		0.18,
199,		0.00,		0.09,		0.18,
200,		0.00,		0.09,		0.17,
201,		0.00,		0.09,		0.17,
202,		0.00,		0.08,		0.17,
203,		0.00,		0.08,		0.17,
204,		0.00,		0.08,		0.17,
205,		0.00,		0.08,		0.17,
206,		0.00,		0.08,		0.17,
207,		0.00,		0.08,		0.17,
208,		0.00,		0.08,		0.17,
209,		0.00,		0.08,		0.16,
210,		0.00,		0.08,		0.16,
211,		0.00,		0.08,		0.16,
212,		0.00,		0.08,		0.16,
213,		0.00,		0.08,		0.16,
214,		0.00,		0.08,		0.16,
215,		0.00,		0.08,		0.16,
216,		0.00,		0.08,		0.16,
217,		0.00,		0.08,		0.16,
218,		0.00,		0.08,		0.16,
219,		0.00,		0.08,		0.16,
220,		0.00,		0.08,		0.16,
221,		0.00,		0.08,		0.16,
222,		0.00,		0.08,		0.16,
223,		0.00,		0.08,		0.15,
224,		0.00,		0.08,		0.15,
225,		0.00,		0.07,		0.15,
226,		0.00,		0.07,		0.15,
227,		0.00,		0.07,		0.15,
228,		0.00,		0.07,		0.15,
229,		0.00,		0.07,		0.15,
230,		0.00,		0.07,		0.15,
231,		0.00,		0.07,		0.15,
232,		0.00,		0.07,		0.15,
233,		0.00,		0.07,		0.15,
234,		0.00,		0.07,		0.15,
235,		0.00,		0.07,		0.15,
236,		0.00,		0.07,		0.14,
237,		0.00,		0.07,		0.14,
238,		0.00,		0.07,		0.14,
239,		0.00,		0.07,		0.14,
240,		0.00,		0.07,		0.14,
241,		0.00,		0.07,		0.14,
242,		0.00,		0.07,		0.14,
243,		0.00,		0.07,		0.14,
244,		0.00,		0.07,		0.14,
245,		0.00,		0.07,		0.14,
246,		0.00,		0.07,		0.14,
247,		0.00,		0.07,		0.14,
248,		0.00,		0.06,		0.14,
249,		0.00,		0.06,		0.14,
250,		0.00,		0.06,		0.13,
251,		0.00,		0.06,		0.13,
252,		0.00,		0.06,		0.13,
253,		0.00,		0.06,		0.13,
254,		0.00,		0.06,		0.13,
255,		0.00,		0.06,		0.13,
256,		0.00,		0.06,		0.13,
257,		0.00,		0.06,		0.13,
258,		0.00,		0.06,		0.12,
259,		0.00,		0.06,		0.12,
260,		0.00,		0.06,		0.12,
261,		0.00,		0.06,		0.12,
262,		0.00,		0.06,		0.12,
263,		0.00,		0.06,		0.12,
264,		0.00,		0.06,		0.12,
265,		0.00,		0.06,		0.12,
266,		0.00,		0.06,		0.12,
267,		0.00,		0.06,		0.12,
268,		0.00,		0.06,		0.11,
269,		0.00,		0.06,		0.11,
270,		0.00,		0.06,		0.11,
271,		0.00,		0.06,		0.11,
272,		0.00,		0.06,		0.11,
273,		0.00,		0.06,		0.11,
274,		0.00,		0.06,		0.11,
275,		0.00,		0.06,		0.11,
276,		0.00,		0.06,		0.11,
277,		0.00,		0.06,		0.11,
278,		0.00,		0.05,		0.11,
279,		0.00,		0.05,		0.11,
280,		0.00,		0.05,		0.11,
281,		0.00,		0.05,		0.11,
282,		0.00,		0.05,		0.11,
283,		0.00,		0.05,		0.11,
284,		0.00,		0.05,		0.11,
285,		0.00,		0.05,		0.11,
286,		0.00,		0.05,		0.10,
287,		0.00,		0.05,		0.10,
288,		0.00,		0.05,		0.10,
289,		0.00,		0.05,		0.10,
290,		0.00,		0.05,		0.10,
291,		0.00,		0.05,		0.10,
292,		0.00,		0.05,		0.10,
293,		0.00,		0.05,		0.10,
294,		0.00,		0.05,		0.10,
295,		0.00,		0.05,		0.10,
296,		0.00,		0.05,		0.10,
297,		0.00,		0.05,		0.10,
298,		0.00,		0.05,		0.10,
299,		0.00,		0.05,		0.10,
300,		0.00,		0.05,		0.10,
301,		0.00,		0.05,		0.10,
302,		0.00,		0.05,		0.10,
303,		0.00,		0.05,		0.10,
304,		0.00,		0.05,		0.10,
305,		0.00,		0.05,		0.10,
306,		0.00,		0.05,		0.10,
307,		0.00,		0.05,		0.10,
308,		0.00,		0.05,		0.10,
309,		0.00,		0.05,		0.09,
310,		0.00,		0.05,		0.09,
311,		0.00,		0.05,		0.09,
312,		0.00,		0.05,		0.09,
313,		0.00,		0.05,		0.09,
314,		0.00,		0.05,		0.09,
315,		0.00,		0.05,		0.09,
316,		0.00,		0.05,		0.09,
317,		0.00,		0.04,		0.09,
318,		0.00,		0.04,		0.09,
319,		0.00,		0.04,		0.09,
320,		0.00,		0.04,		0.09,
321,		0.00,		0.04,		0.09,
322,		0.00,		0.04,		0.09,
323,		0.00,		0.04,		0.09,
324,		0.00,		0.04,		0.09,
325,		0.00,		0.04,		0.09,
326,		0.00,		0.04,		0.09,
327,		0.00,		0.04,		0.09,
328,		0.00,		0.04,		0.09,
329,		0.00,		0.04,		0.09,
330,		0.00,		0.04,		0.09,
331,		0.00,		0.04,		0.08,
332,		0.00,		0.04,		0.08,
333,		0.00,		0.04,		0.08,
334,		0.00,		0.04,		0.08,
335,		0.00,		0.04,		0.08,
336,		0.00,		0.04,		0.08,
337,		0.00,		0.04,		0.08,
338,		0.00,		0.04,		0.08,
339,		0.00,		0.04,		0.08,
340,		0.00,		0.04,		0.08,
341,		0.00,		0.04,		0.08,
342,		0.00,		0.04,		0.08,
343,		0.00,		0.04,		0.08,
344,		0.00,		0.04,		0.08,
345,		0.00,		0.04,		0.08,
346,		0.00,		0.04,		0.08,
347,		0.00,		0.04,		0.08,
348,		0.00,		0.04,		0.08,
349,		0.00,		0.04,		0.08,
350,		0.00,		0.04,		0.08,
351,		0.00,		0.04,		0.08,
352,		0.00,		0.04,		0.08,
353,		0.00,		0.04,		0.08,
354,		0.00,		0.04,		0.08,
355,		0.00,		0.04,		0.08,
356,		0.00,		0.04,		0.08,
357,		0.00,		0.04,		0.08,
358,		0.00,		0.04,		0.08,
359,		0.00,		0.04,		0.08,
360,		0.00,		0.04,		0.08,
361,		0.00,		0.04,		0.08,
362,		0.00,		0.04,		0.07,
363,		0.00,		0.04,		0.07,
364,		0.00,		0.04,		0.07,
365,		0.00,		0.04,		0.07,
366,		0.00,		0.04,		0.07,
367,		0.00,		0.04,		0.07,
368,		0.00,		0.04,		0.07,
369,		0.00,		0.04,		0.07,
370,		0.00,		0.04,		0.07,
371,		0.00,		0.04,		0.07,
372,		0.00,		0.04,		0.07,
373,		0.00,		0.04,		0.07,
374,		0.00,		0.04,		0.07,
375,		0.00,		0.04,		0.07,
376,		0.00,		0.04,		0.07,
377,		0.00,		0.04,		0.07,
378,		0.00,		0.04,		0.07,
379,		0.00,		0.04,		0.07,
380,		0.00,		0.03,		0.07,
381,		0.00,		0.03,		0.07,
382,		0.00,		0.03,		0.07,
383,		0.00,		0.03,		0.07,
384,		0.00,		0.03,		0.07,
385,		0.00,		0.03,		0.07,
386,		0.00,		0.03,		0.07,
387,		0.00,		0.03,		0.07,
388,		0.00,		0.03,		0.07,
389,		0.00,		0.03,		0.07,
390,		0.00,		0.03,		0.07,
391,		0.00,		0.03,		0.07,
392,		0.00,		0.03,		0.07,
393,		0.00,		0.03,		0.07,
394,		0.00,		0.03,		0.07,
395,		0.00,		0.03,		0.07,
396,		0.00,		0.03,		0.07,
397,		0.00,		0.03,		0.07,
398,		0.00,		0.03,		0.07,
399,		0.00,		0.03,		0.07,
400,		0.00,		0.03,		0.07,
401,		0.00,		0.03,		0.07,
402,		0.00,		0.03,		0.07,
403,		0.00,		0.03,		0.07,
404,		0.00,		0.03,		0.07,
405,		0.00,		0.03,		0.07,
406,		0.00,		0.03,		0.07,
407,		0.00,		0.03,		0.07,
408,		0.00,		0.03,		0.07,
409,		0.00,		0.03,		0.07,
410,		0.00,		0.03,		0.07,
411,		0.00,		0.03,		0.07,
412,		0.00,		0.03,		0.07,
413,		0.00,		0.03,		0.07,
414,		0.00,		0.03,		0.07,
415,		0.00,		0.03,		0.07,
416,		0.00,		0.03,		0.07,
417,		0.00,		0.03,		0.07,
418,		0.00,		0.03,		0.07,
419,		0.00,		0.03,		0.06,
420,		0.00,		0.03,		0.06,
421,		0.00,		0.03,		0.06,
422,		0.00,		0.03,		0.06,
423,		0.00,		0.03,		0.06,
424,		0.00,		0.03,		0.06,
425,		0.00,		0.03,		0.06,
426,		0.00,		0.03,		0.06,
427,		0.00,		0.03,		0.06,
428,		0.00,		0.03,		0.06,
429,		0.00,		0.03,		0.06,
430,		0.00,		0.03,		0.06,
431,		0.00,		0.03,		0.06,
432,		0.00,		0.03,		0.06,
433,		0.00,		0.03,		0.06,
434,		0.00,		0.03,		0.06,
435,		0.00,		0.03,		0.06,
436,		0.00,		0.03,		0.06,
437,		0.00,		0.03,		0.06,
438,		0.00,		0.03,		0.06,
439,		0.00,		0.03,		0.06,
440,		0.00,		0.03,		0.06,
441,		0.00,		0.03,		0.06,
442,		0.00,		0.03,		0.06,
443,		0.00,		0.03,		0.06,
444,		0.00,		0.03,		0.06,
445,		0.00,		0.03,		0.06,
446,		0.00,		0.03,		0.06,
447,		0.00,		0.03,		0.06,
448,		0.00,		0.03,		0.06,
449,		0.00,		0.03,		0.06,
450,		0.00,		0.03,		0.06,
451,		0.00,		0.03,		0.06,
452,		0.00,		0.03,		0.06,
453,		0.00,		0.03,		0.06,
454,		0.00,		0.03,		0.06,
455,		0.00,		0.03,		0.06,
456,		0.00,		0.03,		0.06,
457,		0.00,		0.03,		0.06,
458,		0.00,		0.03,		0.06,
459,		0.00,		0.03,		0.06,
460,		0.00,		0.03,		0.06,
461,		0.00,		0.03,		0.06,
462,		0.00,		0.03,		0.06,
463,		0.00,		0.03,		0.06,
464,		0.00,		0.03,		0.06,
465,		0.00,		0.03,		0.06,
466,		0.00,		0.03,		0.06,
467,		0.00,		0.03,		0.06,
468,		0.00,		0.03,		0.06,
469,		0.00,		0.03,		0.06,
470,		0.00,		0.03,		0.06,
471,		0.00,		0.03,		0.06,
472,		0.00,		0.03,		0.06,
473,		0.00,		0.03,		0.06,
474,		0.00,		0.03,		0.06,
475,		0.00,		0.03,		0.06,
476,		0.00,		0.03,		0.06,
477,		0.00,		0.03,		0.06,
478,		0.00,		0.03,		0.06,
479,		0.00,		0.03,		0.06,
480,		0.00,		0.03,		0.06,
481,		0.00,		0.03,		0.06,
482,		0.00,		0.03,		0.06,
483,		0.00,		0.03,		0.05,
484,		0.00,		0.03,		0.05,
485,		0.00,		0.03,		0.05,
486,		0.00,		0.03,		0.05,
487,		0.00,		0.03,		0.05,
488,		0.00,		0.03,		0.05,
489,		0.00,		0.03,		0.05,
490,		0.00,		0.03,		0.05,
491,		0.00,		0.03,		0.05,
492,		0.00,		0.03,		0.05,
493,		0.00,		0.03,		0.05,
494,		0.00,		0.03,		0.05,
495,		0.00,		0.03,		0.05,
496,		0.00,		0.03,		0.05,
497,		0.00,		0.03,		0.05,
498,		0.00,		0.03,		0.05,
499,		0.00,		0.03,		0.05,
500,		0.00,		0.03,		0.05,
501,		0.00,		0.03,		0.05,
502,		0.00,		0.03,		0.05,
503,		0.00,		0.03,		0.05,
504,		0.00,		0.03,		0.05,
505,		0.00,		0.03,		0.05,
506,		0.00,		0.03,		0.05,
507,		0.00,		0.03,		0.05,
508,		0.00,		0.03,		0.05,
509,		0.00,		0.03,		0.05,
510,		0.00,		0.03,		0.05,
511,		0.00,		0.03,		0.05,
512,		0.00,		0.03,		0.05,
513,		0.00,		0.03,		0.05,
514,		0.00,		0.03,		0.05,
515,		0.00,		0.03,		0.05,
516,		0.00,		0.03,		0.05,
517,		0.00,		0.03,		0.05,
518,		0.00,		0.03,		0.05,
519,		0.00,		0.03,		0.05,
520,		0.00,		0.03,		0.05,
521,		0.00,		0.03,		0.05,
522,		0.00,		0.03,		0.05,
523,		0.00,		0.03,		0.05,
524,		0.00,		0.03,		0.05,
525,		0.00,		0.03,		0.05,
526,		0.00,		0.03,		0.05,
527,		0.00,		0.02,		0.05,
528,		0.00,		0.02,		0.05,
529,		0.00,		0.02,		0.05,
530,		0.00,		0.02,		0.05,
531,		0.00,		0.02,		0.05,
532,		0.00,		0.02,		0.05,
533,		0.00,		0.02,		0.05,
534,		0.00,		0.02,		0.05,
535,		0.00,		0.02,		0.05,
536,		0.00,		0.02,		0.05,
537,		0.00,		0.02,		0.05,
538,		0.00,		0.02,		0.05,
539,		0.00,		0.02,		0.05,
540,		0.00,		0.02,		0.05,
541,		0.00,		0.02,		0.05,
542,		0.00,		0.02,		0.05,
543,		0.00,		0.02,		0.05,
544,		0.00,		0.02,		0.05,
545,		0.00,		0.02,		0.05,
546,		0.00,		0.02,		0.05,
547,		0.00,		0.02,		0.05,
548,		0.00,		0.02,		0.05,
549,		0.00,		0.02,		0.05,
550,		0.00,		0.02,		0.05,
551,		0.00,		0.02,		0.05,
552,		0.00,		0.02,		0.05,
553,		0.00,		0.02,		0.05,
554,		0.00,		0.02,		0.05,
555,		0.00,		0.02,		0.05,
556,		0.00,		0.02,		0.05,
557,		0.00,		0.02,		0.05,
558,		0.00,		0.02,		0.05,
559,		0.00,		0.02,		0.05,
560,		0.00,		0.02,		0.05,
561,		0.00,		0.02,		0.05,
562,		0.00,		0.02,		0.05,
563,		0.00,		0.02,		0.05,
564,		0.00,		0.02,		0.05,
565,		0.00,		0.02,		0.05,
566,		0.00,		0.02,		0.05,
567,		0.00,		0.02,		0.05,
568,		0.00,		0.02,		0.05,
569,		0.00,		0.02,		0.05,
570,		0.00,		0.02,		0.05,
571,		0.00,		0.02,		0.05,
572,		0.00,		0.02,		0.05,
573,		0.00,		0.02,		0.05,
574,		0.00,		0.02,		0.05,
575,		0.00,		0.02,		0.05,
576,		0.00,		0.02,		0.05,
577,		0.00,		0.02,		0.04,
578,		0.00,		0.02,		0.04,
579,		0.00,		0.02,		0.04,
580,		0.00,		0.02,		0.04,
581,		0.00,		0.02,		0.04,
582,		0.00,		0.02,		0.04,
583,		0.00,		0.02,		0.04,
584,		0.00,		0.02,		0.04,
585,		0.00,		0.02,		0.04,
586,		0.00,		0.02,		0.04,
587,		0.00,		0.02,		0.04,
588,		0.00,		0.02,		0.04,
589,		0.00,		0.02,		0.04,
590,		0.00,		0.02,		0.04,
591,		0.00,		0.02,		0.04,
592,		0.00,		0.02,		0.04,
593,		0.00,		0.02,		0.04,
594,		0.00,		0.02,		0.04,
595,		0.00,		0.02,		0.04,
596,		0.00,		0.02,		0.04,
597,		0.00,		0.02,		0.04,
598,		0.00,		0.02,		0.04,
599,		0.00,		0.02,		0.04,
600,		0.00,		0.02,		0.04,
601,		0.00,		0.02,		0.04,
602,		0.00,		0.02,		0.04,
603,		0.00,		0.02,		0.04,
604,		0.00,		0.02,		0.04,
605,		0.00,		0.02,		0.04,
606,		0.00,		0.02,		0.04,
607,		0.00,		0.02,		0.04,
608,		0.00,		0.02,		0.04,
609,		0.00,		0.02,		0.04,
610,		0.00,		0.02,		0.04,
611,		0.00,		0.02,		0.04,
612,		0.00,		0.02,		0.04,
613,		0.00,		0.02,		0.04,
614,		0.00,		0.02,		0.04,
615,		0.00,		0.02,		0.04,
616,		0.00,		0.02,		0.04,
617,		0.00,		0.02,		0.04,
618,		0.00,		0.02,		0.04,
619,		0.00,		0.02,		0.04,
620,		0.00,		0.02,		0.04,
621,		0.00,		0.02,		0.04,
622,		0.00,		0.02,		0.04,
623,		0.00,		0.02,		0.04,
624,		0.00,		0.02,		0.04,
625,		0.00,		0.02,		0.04,
626,		0.00,		0.02,		0.04,
627,		0.00,		0.02,		0.04,
628,		0.00,		0.02,		0.04,
629,		0.00,		0.02,		0.04,
630,		0.00,		0.02,		0.04,
631,		0.00,		0.02,		0.04,
632,		0.00,		0.02,		0.04,
633,		0.00,		0.02,		0.04,
634,		0.00,		0.02,		0.04,
635,		0.00,		0.02,		0.04,
636,		0.00,		0.02,		0.04,
637,		0.00,		0.02,		0.04,
638,		0.00,		0.02,		0.04,
639,		0.00,		0.02,		0.04,
640,		0.00,		0.02,		0.04,
641,		0.00,		0.02,		0.04,
642,		0.00,		0.02,		0.04,
643,		0.00,		0.02,		0.04,
644,		0.00,		0.02,		0.04,
645,		0.00,		0.02,		0.04,
646,		0.00,		0.02,		0.04,
647,		0.00,		0.02,		0.04,
648,		0.00,		0.02,		0.04,
649,		0.00,		0.02,		0.04,
650,		0.00,		0.02,		0.04,
651,		0.00,		0.02,		0.04,
652,		0.00,		0.02,		0.04,
653,		0.00,		0.02,		0.04,
654,		0.00,		0.02,		0.04,
655,		0.00,		0.02,		0.04,
656,		0.00,		0.02,		0.04,
657,		0.00,		0.02,		0.04,
658,		0.00,		0.02,		0.04,
659,		0.00,		0.02,		0.04,
660,		0.00,		0.02,		0.04,
661,		0.00,		0.02,		0.04,
662,		0.00,		0.02,		0.04,
663,		0.00,		0.02,		0.04,
664,		0.00,		0.02,		0.04,
665,		0.00,		0.02,		0.04,
666,		0.00,		0.02,		0.04,
667,		0.00,		0.02,		0.04,
668,		0.00,		0.02,		0.04,
669,		0.00,		0.02,		0.04,
670,		0.00,		0.02,		0.04,
671,		0.00,		0.02,		0.04,
672,		0.00,		0.02,		0.04,
673,		0.00,		0.02,		0.04,
674,		0.00,		0.02,		0.04,
675,		0.00,		0.02,		0.04,
676,		0.00,		0.02,		0.04,
677,		0.00,		0.02,		0.04,
678,		0.00,		0.02,		0.04,
679,		0.00,		0.02,		0.04,
680,		0.00,		0.02,		0.04,
681,		0.00,		0.02,		0.04,
682,		0.00,		0.02,		0.04,
683,		0.00,		0.02,		0.04,
684,		0.00,		0.02,		0.04,
685,		0.00,		0.02,		0.04,
686,		0.00,		0.02,		0.04,
687,		0.00,		0.02,		0.04,
688,		0.00,		0.02,		0.04,
689,		0.00,		0.02,		0.04,
690,		0.00,		0.02,		0.04,
691,		0.00,		0.02,		0.04,
692,		0.00,		0.02,		0.04,
693,		0.00,		0.02,		0.04,
694,		0.00,		0.02,		0.04,
695,		0.00,		0.02,		0.04,
696,		0.00,		0.02,		0.04,
697,		0.00,		0.02,		0.04,
698,		0.00,		0.02,		0.04,
699,		0.00,		0.02,		0.04,
700,		0.00,		0.02,		0.04,
701,		0.00,		0.02,		0.04,
702,		0.00,		0.02,		0.04,
703,		0.00,		0.02,		0.04,
704,		0.00,		0.02,		0.04,
705,		0.00,		0.02,		0.04,
706,		0.00,		0.02,		0.04,
707,		0.00,		0.02,		0.04,
708,		0.00,		0.02,		0.04,
709,		0.00,		0.02,		0.04,
710,		0.00,		0.02,		0.04,
711,		0.00,		0.02,		0.04,
712,		0.00,		0.02,		0.04,
713,		0.00,		0.02,		0.04,
714,		0.00,		0.02,		0.04,
715,		0.00,		0.02,		0.04,
716,		0.00,		0.02,		0.04,
717,		0.00,		0.02,		0.04,
718,		0.00,		0.02,		0.04,
719,		0.00,		0.02,		0.04,
720,		0.00,		0.02,		0.04,
721,		0.00,		0.02,		0.04,
722,		0.00,		0.02,		0.04,
723,		0.00,		0.02,		0.04,
724,		0.00,		0.02,		0.04,
725,		0.00,		0.02,		0.04,
726,		0.00,		0.02,		0.04,
727,		0.00,		0.02,		0.04,
728,		0.00,		0.02,		0.04,
729,		0.00,		0.02,		0.04,
730,		0.00,		0.02,		0.04,
731,		0.00,		0.02,		0.04,
732,		0.00,		0.02,		0.04,
733,		0.00,		0.02,		0.04,
734,		0.00,		0.02,		0.04,
735,		0.00,		0.02,		0.04,
736,		0.00,		0.02,		0.04,
737,		0.00,		0.02,		0.04,
738,		0.00,		0.02,		0.04,
739,		0.00,		0.02,		0.04,
740,		0.00,		0.02,		0.04,
741,		0.00,		0.02,		0.04,
742,		0.00,		0.02,		0.04,
743,		0.00,		0.02,		0.04,
744,		0.00,		0.02,		0.04,
745,		0.00,		0.02,		0.04,
746,		0.00,		0.02,		0.04,
747,		0.00,		0.02,		0.04,
748,		0.00,		0.02,		0.04,
749,		0.00,		0.02,		0.03,
750,		0.00,		0.02,		0.03,
751,		0.00,		0.02,		0.03,
752,		0.00,		0.02,		0.03,
753,		0.00,		0.02,		0.03,
754,		0.00,		0.02,		0.03,
755,		0.00,		0.02,		0.03,
756,		0.00,		0.02,		0.03,
757,		0.00,		0.02,		0.03,
758,		0.00,		0.02,		0.03,
759,		0.00,		0.02,		0.03,
760,		0.00,		0.02,		0.03,
761,		0.00,		0.02,		0.03,
762,		0.00,		0.02,		0.03,
763,		0.00,		0.02,		0.03,
764,		0.00,		0.02,		0.03,
765,		0.00,		0.02,		0.03,
766,		0.00,		0.02,		0.03,
767,		0.00,		0.02,		0.03,
768,		0.00,		0.02,		0.03,
769,		0.00,		0.02,		0.03,
770,		0.00,		0.02,		0.03,
771,		0.00,		0.02,		0.03,
772,		0.00,		0.02,		0.03,
773,		0.00,		0.02,		0.03,
774,		0.00,		0.02,		0.03,
775,		0.00,		0.02,		0.03,
776,		0.00,		0.02,		0.03,
777,		0.00,		0.02,		0.03,
778,		0.00,		0.02,		0.03,
779,		0.00,		0.02,		0.03,
780,		0.00,		0.02,		0.03,
781,		0.00,		0.02,		0.03,
782,		0.00,		0.02,		0.03,
783,		0.00,		0.02,		0.03,
784,		0.00,		0.02,		0.03,
785,		0.00,		0.02,		0.03,
786,		0.00,		0.02,		0.03,
787,		0.00,		0.02,		0.03,
788,		0.00,		0.02,		0.03,
789,		0.00,		0.02,		0.03,
790,		0.00,		0.02,		0.03,
791,		0.00,		0.02,		0.03,
792,		0.00,		0.02,		0.03,
793,		0.00,		0.02,		0.03,
794,		0.00,		0.02,		0.03,
795,		0.00,		0.02,		0.03,
796,		0.00,		0.02,		0.03,
797,		0.00,		0.02,		0.03,
798,		0.00,		0.02,		0.03,
799,		0.00,		0.02,		0.03,
800,		0.00,		0.02,		0.03,
801,		0.00,		0.02,		0.03,
802,		0.00,		0.02,		0.03,
803,		0.00,		0.02,		0.03,
804,		0.00,		0.02,		0.03,
805,		0.00,		0.02,		0.03,
806,		0.00,		0.02,		0.03,
807,		0.00,		0.02,		0.03,
808,		0.00,		0.02,		0.03,
809,		0.00,		0.02,		0.03,
810,		0.00,		0.02,		0.03,
811,		0.00,		0.02,		0.03,
812,		0.00,		0.02,		0.03,
813,		0.00,		0.02,		0.03,
814,		0.00,		0.02,		0.03,
815,		0.00,		0.02,		0.03,
816,		0.00,		0.02,		0.03,
817,		0.00,		0.02,		0.03,
818,		0.00,		0.02,		0.03,
819,		0.00,		0.02,		0.03,
820,		0.00,		0.02,		0.03,
821,		0.00,		0.02,		0.03,
822,		0.00,		0.02,		0.03,
823,		0.00,		0.02,		0.03,
824,		0.00,		0.02,		0.03,
825,		0.00,		0.02,		0.03,
826,		0.00,		0.02,		0.03,
827,		0.00,		0.02,		0.03,
828,		0.00,		0.02,		0.03,
829,		0.00,		0.02,		0.03,
830,		0.00,		0.02,		0.03,
831,		0.00,		0.02,		0.03,
832,		0.00,		0.02,		0.03,
833,		0.00,		0.02,		0.03,
834,		0.00,		0.02,		0.03,
835,		0.00,		0.02,		0.03,
836,		0.00,		0.02,		0.03,
837,		0.00,		0.02,		0.03,
838,		0.00,		0.02,		0.03,
839,		0.00,		0.02,		0.03,
840,		0.00,		0.02,		0.03,
841,		0.00,		0.02,		0.03,
842,		0.00,		0.02,		0.03,
843,		0.00,		0.02,		0.03,
844,		0.00,		0.02,		0.03,
845,		0.00,		0.02,		0.03,
846,		0.00,		0.02,		0.03,
847,		0.00,		0.02,		0.03,
848,		0.00,		0.02,		0.03,
849,		0.00,		0.02,		0.03,
850,		0.00,		0.02,		0.03,
851,		0.00,		0.02,		0.03,
852,		0.00,		0.02,		0.03,
853,		0.00,		0.02,		0.03,
854,		0.00,		0.02,		0.03,
855,		0.00,		0.02,		0.03,
856,		0.00,		0.02,		0.03,
857,		0.00,		0.02,		0.03,
858,		0.00,		0.02,		0.03,
859,		0.00,		0.02,		0.03,
860,		0.00,		0.02,		0.03,
861,		0.00,		0.02,		0.03,
862,		0.00,		0.02,		0.03,
863,		0.00,		0.02,		0.03,
864,		0.00,		0.01,		0.03,
865,		0.00,		0.01,		0.03,
866,		0.00,		0.01,		0.03,
867,		0.00,		0.01,		0.03,
868,		0.00,		0.01,		0.03,
869,		0.00,		0.01,		0.03,
870,		0.00,		0.01,		0.03,
871,		0.00,		0.01,		0.03,
872,		0.00,		0.01,		0.03,
873,		0.00,		0.01,		0.03,
874,		0.00,		0.01,		0.03,
875,		0.00,		0.01,		0.03,
876,		0.00,		0.01,		0.03,
877,		0.00,		0.01,		0.03,
878,		0.00,		0.01,		0.03,
879,		0.00,		0.01,		0.03,
880,		0.00,		0.01,		0.03,
881,		0.00,		0.01,		0.03,
882,		0.00,		0.01,		0.03,
883,		0.00,		0.01,		0.03,
884,		0.00,		0.01,		0.03,
885,		0.00,		0.01,		0.03,
886,		0.00,		0.01,		0.03,
887,		0.00,		0.01,		0.03,
888,		0.00,		0.01,		0.03,
889,		0.00,		0.01,		0.03,
890,		0.00,		0.01,		0.03,
891,		0.00,		0.01,		0.03,
892,		0.00,		0.01,		0.03,
893,		0.00,		0.01,		0.03,
894,		0.00,		0.01,		0.03,
895,		0.00,		0.01,		0.03,
896,		0.00,		0.01,		0.03,
897,		0.00,		0.01,		0.03,
898,		0.00,		0.01,		0.03,
899,		0.00,		0.01,		0.03,
900,		0.00,		0.01,		0.03,
901,		0.00,		0.01,		0.03,
902,		0.00,		0.01,		0.03,
903,		0.00,		0.01,		0.03,
904,		0.00,		0.01,		0.03,
905,		0.00,		0.01,		0.03,
906,		0.00,		0.01,		0.03,
907,		0.00,		0.01,		0.03,
908,		0.00,		0.01,		0.03,
909,		0.00,		0.01,		0.03,
910,		0.00,		0.01,		0.03,
911,		0.00,		0.01,		0.03,
912,		0.00,		0.01,		0.03,
913,		0.00,		0.01,		0.03,
914,		0.00,		0.01,		0.03,
915,		0.00,		0.01,		0.03,
916,		0.00,		0.01,		0.03,
917,		0.00,		0.01,		0.03,
918,		0.00,		0.01,		0.03,
919,		0.00,		0.01,		0.03,
920,		0.00,		0.01,		0.03,
921,		0.00,		0.01,		0.03,
922,		0.00,		0.01,		0.03,
923,		0.00,		0.01,		0.03,
924,		0.00,		0.01,		0.03,
925,		0.00,		0.01,		0.03,
926,		0.00,		0.01,		0.03,
927,		0.00,		0.01,		0.03,
928,		0.00,		0.01,		0.03,
929,		0.00,		0.01,		0.03,
930,		0.00,		0.01,		0.03,
931,		0.00,		0.01,		0.03,
932,		0.00,		0.01,		0.03,
933,		0.00,		0.01,		0.03,
934,		0.00,		0.01,		0.03,
935,		0.00,		0.01,		0.03,
936,		0.00,		0.01,		0.03,
937,		0.00,		0.01,		0.03,
938,		0.00,		0.01,		0.03,
939,		0.00,		0.01,		0.03,
940,		0.00,		0.01,		0.03,
941,		0.00,		0.01,		0.03,
942,		0.00,		0.01,		0.03,
943,		0.00,		0.01,		0.03,
944,		0.00,		0.01,		0.03,
945,		0.00,		0.01,		0.03,
946,		0.00,		0.01,		0.03,
947,		0.00,		0.01,		0.03,
948,		0.00,		0.01,		0.03,
949,		0.00,		0.01,		0.03,
950,		0.00,		0.01,		0.03,
951,		0.00,		0.01,		0.03,
952,		0.00,		0.01,		0.03,
953,		0.00,		0.01,		0.03,
954,		0.00,		0.01,		0.03,
955,		0.00,		0.01,		0.03,
956,		0.00,		0.01,		0.03,
957,		0.00,		0.01,		0.03,
958,		0.00,		0.01,		0.03,
959,		0.00,		0.01,		0.03,
960,		0.00,		0.01,		0.03,
961,		0.00,		0.01,		0.03,
962,		0.00,		0.01,		0.03,
963,		0.00,		0.01,		0.03,
964,		0.00,		0.01,		0.03,
965,		0.00,		0.01,		0.03,
966,		0.00,		0.01,		0.03,
967,		0.00,		0.01,		0.03,
968,		0.00,		0.01,		0.03,
969,		0.00,		0.01,		0.03,
970,		0.00,		0.01,		0.03,
971,		0.00,		0.01,		0.03,
972,		0.00,		0.01,		0.03,
973,		0.00,		0.01,		0.03,
974,		0.00,		0.01,		0.03,
975,		0.00,		0.01,		0.03,
976,		0.00,		0.01,		0.03,
977,		0.00,		0.01,		0.03,
978,		0.00,		0.01,		0.03,
979,		0.00,		0.01,		0.03,
980,		0.00,		0.01,		0.03,
981,		0.00,		0.01,		0.03,
982,		0.00,		0.01,		0.03,
983,		0.00,		0.01,		0.03,
984,		0.00,		0.01,		0.03,
985,		0.00,		0.01,		0.03,
986,		0.00,		0.01,		0.03,
987,		0.00,		0.01,		0.03,
988,		0.00,		0.01,		0.03,
989,		0.00,		0.01,		0.03,
990,		0.00,		0.01,		0.03,
991,		0.00,		0.01,		0.03,
992,		0.00,		0.01,		0.03,
993,		0.00,		0.01,		0.03,
994,		0.00,		0.01,		0.03,
995,		0.00,		0.01,		0.03,
996,		0.00,		0.01,		0.03,
997,		0.00,		0.01,		0.03,
998,		0.00,		0.01,		0.03,
999,		0.00,		0.01,		0.03,
