RANDOM_SEED, 1698997851
GEN,		MIN,				AVE,				MAX,			CONV,					CONV_ACT,
  0,		773.27907,		1045.10662,		1230.29981,				1.17720,				0.94638
  1,		1032.44535,		1089.51807,		1230.29981,				1.12921,				0.94638
  2,		1112.56110,		1182.77137,		1257.49416,				1.06318,				0.96730
  3,		1212.00168,		1241.18870,		1276.36656,				1.02834,				0.98182
  4,		1249.43811,		1262.54851,		1279.26000,				1.01324,				0.98405
  5,		1264.50160,		1271.21671,		1283.21135,				1.00944,				0.98709
  6,		1271.24827,		1274.17803,		1284.51838,				1.00812,				0.98809
  7,		1273.11703,		1276.53382,		1293.70972,				1.01346,				0.99516
  8,		1276.12688,		1282.28632,		1294.50464,				1.00953,				0.99577
  9,		1282.08142,		1286.31413,		1295.29419,				1.00698,				0.99638
 10,		1285.65957,		1288.17568,		1295.33672,				1.00556,				0.99641
 11,		1286.93078,		1289.12226,		1295.33672,				1.00482,				0.99641
 12,		1287.71444,		1289.77213,		1295.52511,				1.00446,				0.99656
 13,		1288.23528,		1290.19853,		1295.52511,				1.00413,				0.99656
 14,		1288.63002,		1290.52454,		1295.52511,				1.00387,				0.99656
 15,		1289.02614,		1290.86866,		1295.66447,				1.00372,				0.99666
 16,		1289.30145,		1291.10848,		1296.68010,				1.00432,				0.99745
 17,		1289.61114,		1291.30659,		1296.68010,				1.00416,				0.99745
 18,		1289.85367,		1291.49659,		1296.68010,				1.00401,				0.99745
 19,		1290.02284,		1291.62605,		1296.68010,				1.00391,				0.99745
 20,		1290.21255,		1291.75581,		1296.68010,				1.00381,				0.99745
 21,		1290.35547,		1291.90886,		1296.68010,				1.00369,				0.99745
 22,		1290.51085,		1292.01564,		1297.04335,				1.00389,				0.99773
 23,		1290.67013,		1292.14583,		1297.04335,				1.00379,				0.99773
 24,		1290.81003,		1292.25096,		1298.44025,				1.00479,				0.99880
 25,		1290.88110,		1292.32419,		1298.44025,				1.00473,				0.99880
 26,		1290.93324,		1292.38691,		1298.44025,				1.00468,				0.99880
 27,		1290.99909,		1292.43868,		1299.34055,				1.00534,				0.99949
 28,		1291.10923,		1292.53531,		1299.34055,				1.00527,				0.99949
 29,		1291.16606,		1292.59591,		1299.34055,				1.00522,				0.99949
 30,		1291.22816,		1292.66409,		1299.34055,				1.00516,				0.99949
 31,		1291.32950,		1292.72024,		1299.34055,				1.00512,				0.99949
 32,		1291.39832,		1292.78366,		1299.34055,				1.00507,				0.99949
 33,		1291.43936,		1292.84378,		1299.34055,				1.00503,				0.99949
 34,		1291.53890,		1292.93356,		1299.34055,				1.00496,				0.99949
 35,		1291.61237,		1292.99118,		1299.34055,				1.00491,				0.99949
 36,		1291.70006,		1293.04988,		1299.34055,				1.00486,				0.99949
 37,		1291.76337,		1293.13279,		1299.34055,				1.00480,				0.99949
 38,		1291.80749,		1293.16047,		1299.34055,				1.00478,				0.99949
 39,		1291.86312,		1293.20483,		1299.34055,				1.00474,				0.99949
 40,		1291.89092,		1293.21982,		1299.34055,				1.00473,				0.99949
 41,		1291.94150,		1293.24895,		1299.34055,				1.00471,				0.99949
 42,		1291.97235,		1293.27991,		1299.34055,				1.00469,				0.99949
 43,		1292.02614,		1293.32010,		1299.34055,				1.00466,				0.99949
 44,		1292.06321,		1293.35700,		1299.34055,				1.00463,				0.99949
 45,		1292.13942,		1293.39931,		1299.34055,				1.00459,				0.99949
 46,		1292.18920,		1293.43643,		1299.34055,				1.00456,				0.99949
 47,		1292.23503,		1293.48334,		1299.34055,				1.00453,				0.99949
 48,		1292.25970,		1293.51150,		1299.34055,				1.00451,				0.99949
 49,		1292.27675,		1293.53856,		1299.34055,				1.00449,				0.99949
 50,		1292.30768,		1293.55657,		1299.34055,				1.00447,				0.99949
 51,		1292.35289,		1293.60563,		1299.34055,				1.00443,				0.99949
 52,		1292.41026,		1293.63153,		1299.34055,				1.00441,				0.99949
 53,		1292.44106,		1293.64960,		1299.34055,				1.00440,				0.99949
 54,		1292.46742,		1293.68122,		1299.34055,				1.00437,				0.99949
 55,		1292.51103,		1293.72389,		1299.34055,				1.00434,				0.99949
 56,		1292.54948,		1293.77006,		1299.34055,				1.00431,				0.99949
 57,		1292.58054,		1293.79537,		1299.34055,				1.00429,				0.99949
 58,		1292.59773,		1293.81542,		1299.34055,				1.00427,				0.99949
 59,		1292.63550,		1293.84925,		1299.34055,				1.00424,				0.99949
 60,		1292.65522,		1293.86731,		1299.34055,				1.00423,				0.99949
 61,		1292.66841,		1293.88824,		1299.34055,				1.00421,				0.99949
 62,		1292.72006,		1293.92324,		1299.34055,				1.00419,				0.99949
 63,		1292.75014,		1293.96459,		1299.34055,				1.00415,				0.99949
 64,		1292.76440,		1293.99119,		1299.34055,				1.00413,				0.99949
 65,		1292.79258,		1294.01378,		1299.34055,				1.00412,				0.99949
 66,		1292.80532,		1294.02945,		1299.34055,				1.00410,				0.99949
 67,		1292.83481,		1294.04750,		1299.34055,				1.00409,				0.99949
 68,		1292.86333,		1294.08814,		1299.34055,				1.00406,				0.99949
 69,		1292.88181,		1294.10539,		1299.34055,				1.00405,				0.99949
 70,		1292.89487,		1294.11906,		1299.34055,				1.00403,				0.99949
 71,		1292.91298,		1294.13998,		1299.34055,				1.00402,				0.99949
 72,		1292.94109,		1294.16421,		1299.34055,				1.00400,				0.99949
 73,		1292.95927,		1294.17983,		1299.34055,				1.00399,				0.99949
 74,		1292.98256,		1294.19882,		1299.34055,				1.00397,				0.99949
 75,		1293.01469,		1294.23294,		1299.34055,				1.00395,				0.99949
 76,		1293.03823,		1294.24496,		1299.34055,				1.00394,				0.99949
 77,		1293.05529,		1294.26247,		1299.34055,				1.00392,				0.99949
 78,		1293.07423,		1294.27124,		1299.34055,				1.00392,				0.99949
 79,		1293.09874,		1294.28371,		1299.34055,				1.00391,				0.99949
 80,		1293.13612,		1294.31225,		1299.34055,				1.00388,				0.99949
 81,		1293.16124,		1294.33643,		1299.34055,				1.00387,				0.99949
 82,		1293.20086,		1294.37175,		1299.34055,				1.00384,				0.99949
 83,		1293.20867,		1294.37421,		1299.34055,				1.00384,				0.99949
 84,		1293.22700,		1294.40127,		1299.34055,				1.00382,				0.99949
 85,		1293.23568,		1294.43373,		1299.34055,				1.00379,				0.99949
 86,		1293.25368,		1294.45703,		1299.34055,				1.00377,				0.99949
 87,		1293.28485,		1294.48340,		1299.34055,				1.00375,				0.99949
 88,		1293.30601,		1294.49484,		1299.34055,				1.00374,				0.99949
 89,		1293.33133,		1294.51865,		1299.34055,				1.00372,				0.99949
 90,		1293.33694,		1294.53011,		1299.34055,				1.00372,				0.99949
 91,		1293.35735,		1294.54560,		1299.34055,				1.00370,				0.99949
 92,		1293.36564,		1294.55057,		1299.34055,				1.00370,				0.99949
 93,		1293.36996,		1294.56359,		1299.34055,				1.00369,				0.99949
 94,		1293.40448,		1294.59083,		1299.34055,				1.00367,				0.99949
 95,		1293.42246,		1294.60794,		1299.34055,				1.00366,				0.99949
 96,		1293.44506,		1294.62147,		1299.34055,				1.00365,				0.99949
 97,		1293.45821,		1294.62775,		1299.34055,				1.00364,				0.99949
 98,		1293.46495,		1294.63256,		1299.34055,				1.00364,				0.99949
 99,		1293.49410,		1294.65401,		1299.34055,				1.00362,				0.99949
100,		1293.52675,		1294.67568,		1299.34055,				1.00360,				0.99949
101,		1293.54690,		1294.69041,		1299.34055,				1.00359,				0.99949
102,		1293.56694,		1294.72095,		1299.34055,				1.00357,				0.99949
103,		1293.58351,		1294.73413,		1299.34055,				1.00356,				0.99949
104,		1293.59487,		1294.74985,		1299.34055,				1.00355,				0.99949
105,		1293.60422,		1294.75276,		1299.34055,				1.00354,				0.99949
106,		1293.61195,		1294.76256,		1299.34055,				1.00354,				0.99949
107,		1293.62166,		1294.77433,		1299.34055,				1.00353,				0.99949
108,		1293.64503,		1294.79259,		1299.34055,				1.00351,				0.99949
109,		1293.67831,		1294.81126,		1299.34055,				1.00350,				0.99949
110,		1293.68345,		1294.81505,		1299.34055,				1.00350,				0.99949
111,		1293.69555,		1294.82279,		1299.34055,				1.00349,				0.99949
112,		1293.72969,		1294.85075,		1299.34055,				1.00347,				0.99949
113,		1293.74304,		1294.85881,		1299.34055,				1.00346,				0.99949
114,		1293.77230,		1294.88278,		1299.34055,				1.00344,				0.99949
115,		1293.78594,		1294.89157,		1299.34055,				1.00344,				0.99949
116,		1293.78991,		1294.89454,		1299.34055,				1.00343,				0.99949
117,		1293.80077,		1294.90502,		1299.34055,				1.00343,				0.99949
118,		1293.80911,		1294.91014,		1299.34055,				1.00342,				0.99949
119,		1293.82251,		1294.93502,		1299.34055,				1.00340,				0.99949
120,		1293.83406,		1294.94258,		1299.34055,				1.00340,				0.99949
121,		1293.85637,		1294.96079,		1299.34055,				1.00338,				0.99949
122,		1293.88041,		1294.97939,		1299.34055,				1.00337,				0.99949
123,		1293.88494,		1294.99884,		1299.34055,				1.00335,				0.99949
124,		1293.89958,		1295.01402,		1299.34055,				1.00334,				0.99949
125,		1293.92106,		1295.03535,		1299.34055,				1.00332,				0.99949
126,		1293.93042,		1295.04512,		1299.34055,				1.00332,				0.99949
127,		1293.94023,		1295.04940,		1299.34055,				1.00331,				0.99949
128,		1293.96698,		1295.07925,		1299.34055,				1.00329,				0.99949
129,		1293.98087,		1295.08735,		1299.34055,				1.00328,				0.99949
130,		1293.98672,		1295.09906,		1299.34055,				1.00328,				0.99949
131,		1293.99767,		1295.10496,		1299.34055,				1.00327,				0.99949
132,		1294.01394,		1295.12921,		1299.34055,				1.00325,				0.99949
133,		1294.03932,		1295.16565,		1299.34055,				1.00322,				0.99949
134,		1294.04161,		1295.17749,		1299.34055,				1.00321,				0.99949
135,		1294.04585,		1295.18300,		1299.34055,				1.00321,				0.99949
136,		1294.05302,		1295.18750,		1299.34055,				1.00321,				0.99949
137,		1294.07171,		1295.20237,		1299.34055,				1.00320,				0.99949
138,		1294.08221,		1295.20886,		1299.34055,				1.00319,				0.99949
139,		1294.09191,		1295.22150,		1299.34055,				1.00318,				0.99949
140,		1294.10316,		1295.23296,		1299.34055,				1.00317,				0.99949
141,		1294.10786,		1295.23672,		1299.34055,				1.00317,				0.99949
142,		1294.11271,		1295.24387,		1299.34055,				1.00316,				0.99949
143,		1294.12741,		1295.25124,		1299.34055,				1.00316,				0.99949
144,		1294.13495,		1295.26156,		1299.34055,				1.00315,				0.99949
145,		1294.13793,		1295.28331,		1299.44652,				1.00321,				0.99957
146,		1294.16405,		1295.30005,		1299.44652,				1.00320,				0.99957
147,		1294.19861,		1295.35516,		1299.44652,				1.00316,				0.99957
148,		1294.22183,		1295.38149,		1299.44652,				1.00314,				0.99957
149,		1294.24593,		1295.40891,		1299.44652,				1.00312,				0.99957
150,		1294.26730,		1295.42270,		1299.44652,				1.00311,				0.99957
151,		1294.27733,		1295.44125,		1299.44652,				1.00309,				0.99957
152,		1294.28058,		1295.45327,		1299.44652,				1.00308,				0.99957
153,		1294.31711,		1295.49982,		1299.44652,				1.00305,				0.99957
154,		1294.33221,		1295.51706,		1299.44652,				1.00303,				0.99957
155,		1294.34924,		1295.54898,		1299.65808,				1.00317,				0.99974
156,		1294.38707,		1295.58041,		1299.65808,				1.00315,				0.99974
157,		1294.41281,		1295.60614,		1299.65808,				1.00313,				0.99974
158,		1294.42681,		1295.61316,		1299.65808,				1.00312,				0.99974
159,		1294.43945,		1295.62166,		1299.65808,				1.00312,				0.99974
160,		1294.47234,		1295.65141,		1299.65808,				1.00309,				0.99974
161,		1294.49793,		1295.67622,		1299.65808,				1.00307,				0.99974
162,		1294.51218,		1295.70400,		1299.65808,				1.00305,				0.99974
163,		1294.51633,		1295.70766,		1299.65808,				1.00305,				0.99974
164,		1294.55956,		1295.72784,		1299.65808,				1.00303,				0.99974
165,		1294.56798,		1295.74854,		1299.65808,				1.00302,				0.99974
166,		1294.59493,		1295.77365,		1299.65808,				1.00300,				0.99974
167,		1294.61095,		1295.78865,		1299.92633,				1.00319,				0.99994
168,		1294.65713,		1295.82729,		1299.92633,				1.00316,				0.99994
169,		1294.68708,		1295.88076,		1299.92633,				1.00312,				0.99994
170,		1294.71248,		1295.92795,		1299.92633,				1.00309,				0.99994
171,		1294.74351,		1295.95526,		1299.92633,				1.00306,				0.99994
172,		1294.76406,		1295.95955,		1299.92633,				1.00306,				0.99994
173,		1294.78765,		1295.99792,		1299.92633,				1.00303,				0.99994
174,		1294.80313,		1296.00996,		1299.92633,				1.00302,				0.99994
175,		1294.84509,		1296.05165,		1299.92633,				1.00299,				0.99994
176,		1294.87578,		1296.07776,		1299.92633,				1.00297,				0.99994
177,		1294.89152,		1296.10444,		1299.92633,				1.00295,				0.99994
178,		1294.91834,		1296.13027,		1299.92633,				1.00293,				0.99994
179,		1294.97289,		1296.18149,		1299.92633,				1.00289,				0.99994
180,		1294.98423,		1296.19183,		1299.92633,				1.00288,				0.99994
181,		1295.03165,		1296.21996,		1299.92633,				1.00286,				0.99994
182,		1295.06843,		1296.24867,		1299.92633,				1.00284,				0.99994
183,		1295.09596,		1296.27567,		1299.92633,				1.00282,				0.99994
184,		1295.11011,		1296.29262,		1299.92633,				1.00280,				0.99994
185,		1295.15409,		1296.32396,		1299.92633,				1.00278,				0.99994
186,		1295.20411,		1296.36159,		1299.92633,				1.00275,				0.99994
187,		1295.21142,		1296.37602,		1299.92633,				1.00274,				0.99994
188,		1295.23961,		1296.41745,		1299.92633,				1.00271,				0.99994
189,		1295.25357,		1296.43325,		1299.92633,				1.00269,				0.99994
190,		1295.27781,		1296.46829,		1299.92633,				1.00267,				0.99994
191,		1295.28695,		1296.48485,		1299.92633,				1.00265,				0.99994
192,		1295.31758,		1296.50752,		1299.92633,				1.00264,				0.99994
193,		1295.34578,		1296.53048,		1299.92633,				1.00262,				0.99994
194,		1295.37132,		1296.56884,		1299.92633,				1.00259,				0.99994
195,		1295.38327,		1296.57827,		1299.92633,				1.00258,				0.99994
196,		1295.42877,		1296.61128,		1299.92633,				1.00256,				0.99994
197,		1295.44357,		1296.64645,		1299.92633,				1.00253,				0.99994
198,		1295.51015,		1296.68903,		1299.92633,				1.00250,				0.99994
199,		1295.51584,		1296.70231,		1299.92633,				1.00249,				0.99994
200,		1295.52829,		1296.72545,		1299.92633,				1.00247,				0.99994
201,		1295.56709,		1296.76235,		1299.92633,				1.00244,				0.99994
202,		1295.58462,		1296.76915,		1299.92633,				1.00243,				0.99994
203,		1295.62026,		1296.80872,		1299.92633,				1.00240,				0.99994
204,		1295.66444,		1296.85626,		1299.92633,				1.00237,				0.99994
205,		1295.71140,		1296.89785,		1299.92633,				1.00234,				0.99994
206,		1295.73558,		1296.92130,		1299.92633,				1.00232,				0.99994
207,		1295.74982,		1296.92822,		1299.92633,				1.00231,				0.99994
208,		1295.76979,		1296.96088,		1299.92633,				1.00229,				0.99994
209,		1295.81062,		1296.98391,		1299.92633,				1.00227,				0.99994
210,		1295.85438,		1297.01303,		1299.92633,				1.00225,				0.99994
211,		1295.86585,		1297.02631,		1299.92633,				1.00224,				0.99994
212,		1295.87702,		1297.03711,		1299.92633,				1.00223,				0.99994
213,		1295.88217,		1297.04046,		1299.92633,				1.00222,				0.99994
214,		1295.91079,		1297.05837,		1299.92633,				1.00221,				0.99994
215,		1295.93245,		1297.07908,		1299.92633,				1.00220,				0.99994
216,		1295.93596,		1297.09599,		1299.92633,				1.00218,				0.99994
217,		1295.97277,		1297.13400,		1299.92633,				1.00215,				0.99994
218,		1296.05571,		1297.17608,		1299.92633,				1.00212,				0.99994
219,		1296.11314,		1297.21613,		1299.92633,				1.00209,				0.99994
220,		1296.14152,		1297.24233,		1299.92633,				1.00207,				0.99994
221,		1296.15461,		1297.25984,		1299.92633,				1.00206,				0.99994
222,		1296.16240,		1297.27637,		1299.92633,				1.00204,				0.99994
223,		1296.19492,		1297.30400,		1299.92633,				1.00202,				0.99994
224,		1296.21721,		1297.31870,		1299.92633,				1.00201,				0.99994
225,		1296.22558,		1297.33358,		1299.92633,				1.00200,				0.99994
226,		1296.22851,		1297.34501,		1299.92633,				1.00199,				0.99994
227,		1296.25484,		1297.35744,		1299.92633,				1.00198,				0.99994
228,		1296.28124,		1297.37167,		1299.92633,				1.00197,				0.99994
229,		1296.32377,		1297.37713,		1299.92633,				1.00196,				0.99994
230,		1296.34369,		1297.38777,		1299.92633,				1.00196,				0.99994
231,		1296.35137,		1297.40696,		1299.92633,				1.00194,				0.99994
232,		1296.36773,		1297.42341,		1299.92633,				1.00193,				0.99994
233,		1296.38507,		1297.43151,		1299.92633,				1.00192,				0.99994
234,		1296.40676,		1297.44893,		1299.92633,				1.00191,				0.99994
235,		1296.43873,		1297.47118,		1299.92633,				1.00189,				0.99994
236,		1296.46308,		1297.48511,		1299.92633,				1.00188,				0.99994
237,		1296.48135,		1297.49763,		1299.92633,				1.00187,				0.99994
238,		1296.49949,		1297.52197,		1299.92633,				1.00185,				0.99994
239,		1296.52489,		1297.53219,		1299.92633,				1.00185,				0.99994
240,		1296.54851,		1297.55223,		1299.92633,				1.00183,				0.99994
241,		1296.55987,		1297.55994,		1299.92633,				1.00182,				0.99994
242,		1296.57092,		1297.57700,		1299.92771,				1.00181,				0.99994
243,		1296.59768,		1297.59926,		1299.92771,				1.00179,				0.99994
244,		1296.61111,		1297.62497,		1299.92771,				1.00177,				0.99994
245,		1296.63728,		1297.64453,		1299.92771,				1.00176,				0.99994
246,		1296.64934,		1297.66571,		1299.92771,				1.00174,				0.99994
247,		1296.66909,		1297.69015,		1299.92771,				1.00172,				0.99994
248,		1296.67321,		1297.69935,		1299.92771,				1.00172,				0.99994
249,		1296.69583,		1297.72140,		1299.92771,				1.00170,				0.99994
250,		1296.70004,		1297.72930,		1299.92771,				1.00169,				0.99994
251,		1296.71453,		1297.74270,		1299.92771,				1.00168,				0.99994
252,		1296.73656,		1297.75723,		1299.92771,				1.00167,				0.99994
253,		1296.74858,		1297.78132,		1299.92771,				1.00165,				0.99994
254,		1296.76449,		1297.79305,		1299.92771,				1.00164,				0.99994
255,		1296.78190,		1297.80007,		1299.92771,				1.00164,				0.99994
256,		1296.79618,		1297.82777,		1299.93264,				1.00162,				0.99995
257,		1296.81293,		1297.84682,		1299.93264,				1.00161,				0.99995
258,		1296.84900,		1297.90020,		1299.96248,				1.00159,				0.99997
259,		1296.85704,		1297.91251,		1299.96248,				1.00158,				0.99997
260,		1296.88059,		1297.93343,		1299.96248,				1.00156,				0.99997
261,		1296.90731,		1297.95827,		1299.96248,				1.00154,				0.99997
262,		1296.92953,		1297.97468,		1299.96248,				1.00153,				0.99997
263,		1296.94696,		1297.98814,		1299.96248,				1.00152,				0.99997
264,		1296.96654,		1298.01327,		1299.96376,				1.00150,				0.99997
265,		1296.99626,		1298.02685,		1299.96376,				1.00149,				0.99997
266,		1297.02107,		1298.04828,		1299.96376,				1.00148,				0.99997
267,		1297.04530,		1298.07026,		1299.97084,				1.00146,				0.99998
268,		1297.04535,		1298.07062,		1299.97084,				1.00146,				0.99998
269,		1297.06838,		1298.08137,		1299.97084,				1.00146,				0.99998
270,		1297.07900,		1298.08464,		1299.97084,				1.00145,				0.99998
271,		1297.10182,		1298.10662,		1299.97084,				1.00144,				0.99998
272,		1297.11073,		1298.11299,		1299.97084,				1.00143,				0.99998
273,		1297.11941,		1298.12431,		1299.97084,				1.00142,				0.99998
274,		1297.13842,		1298.13976,		1299.97084,				1.00141,				0.99998
275,		1297.15937,		1298.14905,		1299.97084,				1.00140,				0.99998
276,		1297.16737,		1298.16042,		1299.97084,				1.00139,				0.99998
277,		1297.18357,		1298.17277,		1299.97084,				1.00139,				0.99998
278,		1297.19251,		1298.17934,		1299.97084,				1.00138,				0.99998
279,		1297.22397,		1298.20348,		1299.97084,				1.00136,				0.99998
280,		1297.23895,		1298.21355,		1299.97084,				1.00135,				0.99998
281,		1297.25842,		1298.23376,		1299.97084,				1.00134,				0.99998
282,		1297.26808,		1298.23714,		1299.97084,				1.00134,				0.99998
283,		1297.27296,		1298.24383,		1299.97084,				1.00133,				0.99998
284,		1297.28369,		1298.25362,		1299.97084,				1.00132,				0.99998
285,		1297.30857,		1298.26558,		1299.97084,				1.00131,				0.99998
286,		1297.31640,		1298.27570,		1299.97084,				1.00131,				0.99998
287,		1297.34421,		1298.29046,		1299.97084,				1.00129,				0.99998
288,		1297.34968,		1298.29701,		1299.97084,				1.00129,				0.99998
289,		1297.36971,		1298.31332,		1299.97084,				1.00128,				0.99998
290,		1297.37362,		1298.31929,		1299.97084,				1.00127,				0.99998
291,		1297.37729,		1298.32709,		1299.97084,				1.00127,				0.99998
292,		1297.39595,		1298.33348,		1299.97084,				1.00126,				0.99998
293,		1297.40145,		1298.34313,		1299.97084,				1.00125,				0.99998
294,		1297.40355,		1298.34642,		1299.97084,				1.00125,				0.99998
295,		1297.40901,		1298.35340,		1299.97084,				1.00125,				0.99998
296,		1297.41724,		1298.36295,		1299.97084,				1.00124,				0.99998
297,		1297.43034,		1298.36385,		1299.97084,				1.00124,				0.99998
298,		1297.46011,		1298.37491,		1299.97084,				1.00123,				0.99998
299,		1297.46832,		1298.38512,		1299.97084,				1.00122,				0.99998
300,		1297.48453,		1298.40124,		1299.97084,				1.00121,				0.99998
301,		1297.49994,		1298.41475,		1299.97084,				1.00120,				0.99998
302,		1297.50554,		1298.41786,		1299.97084,				1.00120,				0.99998
303,		1297.51694,		1298.42583,		1299.97084,				1.00119,				0.99998
304,		1297.52433,		1298.43866,		1299.97084,				1.00118,				0.99998
305,		1297.53053,		1298.43886,		1299.97084,				1.00118,				0.99998
306,		1297.53905,		1298.45232,		1299.97084,				1.00117,				0.99998
307,		1297.55172,		1298.46389,		1299.97084,				1.00116,				0.99998
308,		1297.56025,		1298.47228,		1299.97084,				1.00115,				0.99998
309,		1297.57127,		1298.48655,		1299.97084,				1.00114,				0.99998
310,		1297.57814,		1298.50348,		1299.97084,				1.00113,				0.99998
311,		1297.58538,		1298.51002,		1299.97084,				1.00112,				0.99998
312,		1297.60048,		1298.52734,		1299.98886,				1.00113,				0.99999
313,		1297.62518,		1298.55474,		1299.98886,				1.00110,				0.99999
314,		1297.62753,		1298.55657,		1299.98886,				1.00110,				0.99999
315,		1297.64392,		1298.56944,		1299.98886,				1.00109,				0.99999
316,		1297.65855,		1298.58688,		1299.98886,				1.00108,				0.99999
317,		1297.67256,		1298.58949,		1299.98886,				1.00108,				0.99999
318,		1297.71258,		1298.61286,		1299.98886,				1.00106,				0.99999
319,		1297.73499,		1298.64622,		1299.98886,				1.00103,				0.99999
320,		1297.76391,		1298.67484,		1299.98886,				1.00101,				0.99999
321,		1297.79712,		1298.70037,		1299.98886,				1.00099,				0.99999
322,		1297.80204,		1298.70660,		1299.98886,				1.00099,				0.99999
323,		1297.84209,		1298.74339,		1299.98886,				1.00096,				0.99999
324,		1297.86109,		1298.76256,		1299.98886,				1.00094,				0.99999
325,		1297.88060,		1298.77295,		1299.98886,				1.00094,				0.99999
326,		1297.90517,		1298.79567,		1299.98886,				1.00092,				0.99999
327,		1297.93365,		1298.83399,		1299.99672,				1.00090,				1.00000
328,		1297.97140,		1298.85603,		1299.99672,				1.00088,				1.00000
329,		1298.02204,		1298.88593,		1299.99672,				1.00086,				1.00000
330,		1298.04377,		1298.90939,		1299.99672,				1.00084,				1.00000
331,		1298.07964,		1298.93226,		1299.99672,				1.00082,				1.00000
332,		1298.09275,		1298.94605,		1299.99672,				1.00081,				1.00000
333,		1298.13783,		1298.97545,		1299.99672,				1.00079,				1.00000
334,		1298.16894,		1299.00177,		1299.99672,				1.00077,				1.00000
335,		1298.20401,		1299.01887,		1299.99672,				1.00075,				1.00000
336,		1298.22030,		1299.03084,		1299.99672,				1.00074,				1.00000
337,		1298.24551,		1299.05010,		1299.99672,				1.00073,				1.00000
338,		1298.28186,		1299.06820,		1299.99672,				1.00071,				1.00000
339,		1298.30033,		1299.09416,		1299.99672,				1.00069,				1.00000
340,		1298.31638,		1299.10085,		1299.99672,				1.00069,				1.00000
341,		1298.34373,		1299.10821,		1299.99672,				1.00068,				1.00000
342,		1298.39344,		1299.13366,		1299.99672,				1.00066,				1.00000
343,		1298.41266,		1299.15002,		1299.99672,				1.00065,				1.00000
344,		1298.42989,		1299.16859,		1299.99672,				1.00064,				1.00000
345,		1298.44738,		1299.18451,		1299.99672,				1.00063,				1.00000
346,		1298.48784,		1299.20143,		1299.99672,				1.00061,				1.00000
347,		1298.50259,		1299.20691,		1299.99672,				1.00061,				1.00000
348,		1298.51043,		1299.21623,		1299.99672,				1.00060,				1.00000
349,		1298.51570,		1299.21900,		1299.99672,				1.00060,				1.00000
350,		1298.55383,		1299.23476,		1299.99672,				1.00059,				1.00000
351,		1298.56841,		1299.24747,		1299.99672,				1.00058,				1.00000
352,		1298.60266,		1299.26186,		1299.99672,				1.00057,				1.00000
353,		1298.63216,		1299.28127,		1299.99672,				1.00055,				1.00000
354,		1298.66461,		1299.29061,		1299.99672,				1.00054,				1.00000
355,		1298.67000,		1299.29804,		1299.99672,				1.00054,				1.00000
356,		1298.69483,		1299.30724,		1299.99672,				1.00053,				1.00000
357,		1298.70168,		1299.31482,		1299.99672,				1.00052,				1.00000
358,		1298.71798,		1299.32196,		1299.99672,				1.00052,				1.00000
359,		1298.73505,		1299.33201,		1299.99672,				1.00051,				1.00000
360,		1298.74864,		1299.34123,		1299.99672,				1.00050,				1.00000
361,		1298.77922,		1299.35441,		1299.99672,				1.00049,				1.00000
362,		1298.78579,		1299.35823,		1299.99672,				1.00049,				1.00000
363,		1298.81225,		1299.37520,		1299.99672,				1.00048,				1.00000
364,		1298.83005,		1299.38440,		1299.99672,				1.00047,				1.00000
365,		1298.85345,		1299.39592,		1299.99672,				1.00046,				1.00000
366,		1298.86702,		1299.40480,		1299.99672,				1.00046,				1.00000
367,		1298.87948,		1299.41324,		1299.99672,				1.00045,				1.00000
368,		1298.89409,		1299.41626,		1299.99672,				1.00045,				1.00000
369,		1298.91736,		1299.42547,		1299.99672,				1.00044,				1.00000
370,		1298.93460,		1299.43937,		1299.99672,				1.00043,				1.00000
371,		1298.94692,		1299.44470,		1299.99672,				1.00042,				1.00000
372,		1298.97608,		1299.45588,		1299.99672,				1.00042,				1.00000
373,		1298.98762,		1299.45920,		1299.99672,				1.00041,				1.00000
374,		1298.99818,		1299.46898,		1299.99672,				1.00041,				1.00000
375,		1299.01536,		1299.47892,		1299.99672,				1.00040,				1.00000
376,		1299.02870,		1299.48464,		1299.99672,				1.00039,				1.00000
377,		1299.03568,		1299.48848,		1299.99672,				1.00039,				1.00000
378,		1299.04383,		1299.49346,		1299.99672,				1.00039,				1.00000
379,		1299.04746,		1299.49707,		1299.99672,				1.00038,				1.00000
380,		1299.05550,		1299.50223,		1299.99672,				1.00038,				1.00000
381,		1299.06237,		1299.50679,		1299.99672,				1.00038,				1.00000
382,		1299.07508,		1299.51477,		1299.99672,				1.00037,				1.00000
383,		1299.09827,		1299.52301,		1299.99672,				1.00036,				1.00000
384,		1299.10401,		1299.52662,		1299.99672,				1.00036,				1.00000
385,		1299.12026,		1299.53381,		1299.99672,				1.00036,				1.00000
386,		1299.14176,		1299.53961,		1299.99672,				1.00035,				1.00000
387,		1299.14427,		1299.54331,		1299.99672,				1.00035,				1.00000
388,		1299.15424,		1299.55239,		1299.99672,				1.00034,				1.00000
389,		1299.16388,		1299.56073,		1299.99672,				1.00034,				1.00000
390,		1299.17731,		1299.56685,		1299.99672,				1.00033,				1.00000
391,		1299.18419,		1299.57060,		1299.99672,				1.00033,				1.00000
392,		1299.19695,		1299.57578,		1299.99672,				1.00032,				1.00000
393,		1299.20625,		1299.57945,		1299.99672,				1.00032,				1.00000
394,		1299.20765,		1299.58335,		1299.99672,				1.00032,				1.00000
395,		1299.21790,		1299.58841,		1299.99672,				1.00031,				1.00000
396,		1299.22213,		1299.59362,		1299.99672,				1.00031,				1.00000
397,		1299.22679,		1299.59777,		1299.99672,				1.00031,				1.00000
398,		1299.23682,		1299.60292,		1299.99672,				1.00030,				1.00000
399,		1299.25943,		1299.60965,		1299.99672,				1.00030,				1.00000
400,		1299.26849,		1299.61615,		1299.99672,				1.00029,				1.00000
401,		1299.27711,		1299.61977,		1299.99672,				1.00029,				1.00000
402,		1299.28571,		1299.62186,		1299.99672,				1.00029,				1.00000
403,		1299.29313,		1299.62680,		1299.99672,				1.00028,				1.00000
404,		1299.29973,		1299.63185,		1299.99672,				1.00028,				1.00000
405,		1299.30550,		1299.63555,		1299.99672,				1.00028,				1.00000
406,		1299.31365,		1299.63904,		1299.99672,				1.00028,				1.00000
407,		1299.32224,		1299.64305,		1299.99672,				1.00027,				1.00000
408,		1299.32587,		1299.64673,		1299.99672,				1.00027,				1.00000
409,		1299.33427,		1299.64926,		1299.99672,				1.00027,				1.00000
410,		1299.34009,		1299.65100,		1299.99672,				1.00027,				1.00000
411,		1299.35409,		1299.65442,		1299.99672,				1.00026,				1.00000
412,		1299.35724,		1299.65573,		1299.99672,				1.00026,				1.00000
413,		1299.36145,		1299.65741,		1299.99672,				1.00026,				1.00000
414,		1299.37072,		1299.66593,		1299.99672,				1.00025,				1.00000
415,		1299.37161,		1299.66655,		1299.99672,				1.00025,				1.00000
416,		1299.37577,		1299.66983,		1299.99672,				1.00025,				1.00000
417,		1299.38084,		1299.67260,		1299.99672,				1.00025,				1.00000
418,		1299.38805,		1299.67576,		1299.99672,				1.00025,				1.00000
419,		1299.39385,		1299.67921,		1299.99672,				1.00024,				1.00000
420,		1299.40789,		1299.68486,		1299.99672,				1.00024,				1.00000
421,		1299.41159,		1299.68774,		1299.99672,				1.00024,				1.00000
422,		1299.41572,		1299.69067,		1299.99672,				1.00024,				1.00000
423,		1299.41644,		1299.69311,		1299.99672,				1.00023,				1.00000
424,		1299.43057,		1299.69970,		1299.99672,				1.00023,				1.00000
425,		1299.43285,		1299.69984,		1299.99672,				1.00023,				1.00000
426,		1299.43372,		1299.70237,		1299.99672,				1.00023,				1.00000
427,		1299.43599,		1299.70344,		1299.99672,				1.00023,				1.00000
428,		1299.44041,		1299.70857,		1299.99672,				1.00022,				1.00000
429,		1299.44181,		1299.70997,		1299.99672,				1.00022,				1.00000
430,		1299.44725,		1299.71249,		1299.99672,				1.00022,				1.00000
431,		1299.44804,		1299.71349,		1299.99672,				1.00022,				1.00000
432,		1299.45634,		1299.71427,		1299.99672,				1.00022,				1.00000
433,		1299.45829,		1299.71579,		1299.99672,				1.00022,				1.00000
434,		1299.46472,		1299.71920,		1299.99672,				1.00021,				1.00000
435,		1299.47196,		1299.72250,		1299.99672,				1.00021,				1.00000
436,		1299.47301,		1299.72502,		1299.99672,				1.00021,				1.00000
437,		1299.47391,		1299.72720,		1299.99672,				1.00021,				1.00000
438,		1299.47631,		1299.72863,		1299.99672,				1.00021,				1.00000
439,		1299.48115,		1299.73192,		1299.99777,				1.00020,				1.00000
440,		1299.48379,		1299.73458,		1299.99997,				1.00020,				1.00000
441,		1299.48747,		1299.73579,		1299.99997,				1.00020,				1.00000
442,		1299.49028,		1299.73738,		1299.99997,				1.00020,				1.00000
443,		1299.49288,		1299.73847,		1299.99997,				1.00020,				1.00000
444,		1299.49936,		1299.74125,		1299.99997,				1.00020,				1.00000
445,		1299.50259,		1299.74420,		1299.99997,				1.00020,				1.00000
446,		1299.50597,		1299.74544,		1299.99997,				1.00020,				1.00000
447,		1299.50647,		1299.74627,		1299.99997,				1.00020,				1.00000
448,		1299.50911,		1299.74920,		1299.99997,				1.00019,				1.00000
449,		1299.50936,		1299.75006,		1299.99997,				1.00019,				1.00000
450,		1299.51056,		1299.75111,		1299.99997,				1.00019,				1.00000
451,		1299.51583,		1299.75256,		1299.99997,				1.00019,				1.00000
452,		1299.52135,		1299.75652,		1299.99997,				1.00019,				1.00000
453,		1299.52591,		1299.75770,		1299.99997,				1.00019,				1.00000
454,		1299.53337,		1299.76109,		1299.99997,				1.00018,				1.00000
455,		1299.53924,		1299.76248,		1299.99997,				1.00018,				1.00000
456,		1299.53940,		1299.76249,		1299.99997,				1.00018,				1.00000
457,		1299.54019,		1299.76355,		1299.99997,				1.00018,				1.00000
458,		1299.54019,		1299.76355,		1299.99997,				1.00018,				1.00000
459,		1299.54333,		1299.76547,		1299.99997,				1.00018,				1.00000
460,		1299.54565,		1299.76689,		1299.99997,				1.00018,				1.00000
461,		1299.54793,		1299.76993,		1299.99997,				1.00018,				1.00000
462,		1299.55294,		1299.77152,		1299.99997,				1.00018,				1.00000
463,		1299.55417,		1299.77237,		1299.99997,				1.00018,				1.00000
464,		1299.56389,		1299.77513,		1299.99997,				1.00017,				1.00000
465,		1299.56755,		1299.77556,		1299.99997,				1.00017,				1.00000
466,		1299.56989,		1299.77634,		1299.99997,				1.00017,				1.00000
467,		1299.57698,		1299.77825,		1299.99997,				1.00017,				1.00000
468,		1299.57864,		1299.77877,		1299.99997,				1.00017,				1.00000
469,		1299.58026,		1299.77893,		1299.99997,				1.00017,				1.00000
470,		1299.58161,		1299.77997,		1299.99997,				1.00017,				1.00000
471,		1299.58600,		1299.78143,		1299.99997,				1.00017,				1.00000
472,		1299.58906,		1299.78199,		1299.99997,				1.00017,				1.00000
473,		1299.59094,		1299.78229,		1299.99997,				1.00017,				1.00000
474,		1299.59160,		1299.78448,		1299.99997,				1.00017,				1.00000
475,		1299.59608,		1299.78751,		1299.99997,				1.00016,				1.00000
476,		1299.59751,		1299.78897,		1299.99997,				1.00016,				1.00000
477,		1299.60108,		1299.79132,		1299.99997,				1.00016,				1.00000
478,		1299.60378,		1299.79179,		1299.99997,				1.00016,				1.00000
479,		1299.60635,		1299.79349,		1299.99997,				1.00016,				1.00000
480,		1299.60792,		1299.79549,		1299.99997,				1.00016,				1.00000
481,		1299.61099,		1299.79559,		1299.99997,				1.00016,				1.00000
482,		1299.61254,		1299.79826,		1299.99997,				1.00016,				1.00000
483,		1299.61479,		1299.79964,		1299.99997,				1.00015,				1.00000
484,		1299.61536,		1299.79970,		1299.99997,				1.00015,				1.00000
485,		1299.61807,		1299.80224,		1299.99997,				1.00015,				1.00000
486,		1299.61987,		1299.80422,		1299.99997,				1.00015,				1.00000
487,		1299.62085,		1299.80439,		1299.99997,				1.00015,				1.00000
488,		1299.62363,		1299.80620,		1299.99997,				1.00015,				1.00000
489,		1299.62483,		1299.80651,		1299.99997,				1.00015,				1.00000
490,		1299.62519,		1299.80771,		1299.99997,				1.00015,				1.00000
491,		1299.62602,		1299.80796,		1299.99997,				1.00015,				1.00000
492,		1299.62737,		1299.81014,		1299.99997,				1.00015,				1.00000
493,		1299.62971,		1299.81291,		1299.99997,				1.00014,				1.00000
494,		1299.63252,		1299.81465,		1299.99997,				1.00014,				1.00000
495,		1299.63339,		1299.81517,		1299.99997,				1.00014,				1.00000
496,		1299.63562,		1299.81642,		1299.99997,				1.00014,				1.00000
497,		1299.63847,		1299.81712,		1299.99997,				1.00014,				1.00000
498,		1299.63989,		1299.81769,		1299.99997,				1.00014,				1.00000
499,		1299.64037,		1299.81802,		1299.99997,				1.00014,				1.00000
500,		1299.64104,		1299.81855,		1299.99997,				1.00014,				1.00000
501,		1299.64320,		1299.81952,		1299.99997,				1.00014,				1.00000
502,		1299.64320,		1299.81952,		1299.99997,				1.00014,				1.00000
503,		1299.64649,		1299.82133,		1299.99997,				1.00014,				1.00000
504,		1299.64952,		1299.82247,		1299.99997,				1.00014,				1.00000
505,		1299.65585,		1299.82436,		1299.99997,				1.00014,				1.00000
506,		1299.65621,		1299.82495,		1299.99997,				1.00013,				1.00000
507,		1299.65634,		1299.82516,		1299.99997,				1.00013,				1.00000
508,		1299.65788,		1299.82640,		1299.99997,				1.00013,				1.00000
509,		1299.65870,		1299.82798,		1299.99997,				1.00013,				1.00000
510,		1299.66023,		1299.82973,		1299.99997,				1.00013,				1.00000
511,		1299.66027,		1299.82993,		1299.99997,				1.00013,				1.00000
512,		1299.66077,		1299.83009,		1299.99997,				1.00013,				1.00000
513,		1299.66077,		1299.83009,		1299.99997,				1.00013,				1.00000
514,		1299.66166,		1299.83128,		1299.99997,				1.00013,				1.00000
515,		1299.66510,		1299.83234,		1299.99997,				1.00013,				1.00000
516,		1299.66699,		1299.83450,		1299.99997,				1.00013,				1.00000
517,		1299.66817,		1299.83489,		1299.99997,				1.00013,				1.00000
518,		1299.67022,		1299.83583,		1299.99997,				1.00013,				1.00000
519,		1299.67361,		1299.83632,		1299.99997,				1.00013,				1.00000
520,		1299.67732,		1299.83734,		1299.99997,				1.00013,				1.00000
521,		1299.67732,		1299.83734,		1299.99997,				1.00013,				1.00000
522,		1299.67870,		1299.83885,		1299.99997,				1.00012,				1.00000
523,		1299.68327,		1299.84075,		1299.99997,				1.00012,				1.00000
524,		1299.68708,		1299.84301,		1299.99997,				1.00012,				1.00000
525,		1299.68778,		1299.84356,		1299.99997,				1.00012,				1.00000
526,		1299.69086,		1299.84497,		1299.99997,				1.00012,				1.00000
527,		1299.69099,		1299.84547,		1299.99997,				1.00012,				1.00000
528,		1299.69231,		1299.84622,		1299.99997,				1.00012,				1.00000
529,		1299.69739,		1299.84732,		1299.99997,				1.00012,				1.00000
530,		1299.69864,		1299.84845,		1299.99997,				1.00012,				1.00000
531,		1299.69885,		1299.84902,		1299.99997,				1.00012,				1.00000
532,		1299.70126,		1299.85028,		1299.99997,				1.00012,				1.00000
533,		1299.70237,		1299.85104,		1299.99997,				1.00011,				1.00000
534,		1299.70244,		1299.85115,		1299.99997,				1.00011,				1.00000
535,		1299.70480,		1299.85207,		1299.99997,				1.00011,				1.00000
536,		1299.70615,		1299.85330,		1299.99997,				1.00011,				1.00000
537,		1299.70679,		1299.85403,		1299.99997,				1.00011,				1.00000
538,		1299.71249,		1299.85610,		1299.99997,				1.00011,				1.00000
539,		1299.71416,		1299.85706,		1299.99997,				1.00011,				1.00000
540,		1299.71534,		1299.85732,		1299.99997,				1.00011,				1.00000
541,		1299.71569,		1299.85785,		1299.99997,				1.00011,				1.00000
542,		1299.71604,		1299.85914,		1299.99997,				1.00011,				1.00000
543,		1299.71672,		1299.86025,		1299.99997,				1.00011,				1.00000
544,		1299.71848,		1299.86060,		1299.99997,				1.00011,				1.00000
545,		1299.71993,		1299.86167,		1299.99997,				1.00011,				1.00000
546,		1299.72055,		1299.86197,		1299.99997,				1.00011,				1.00000
547,		1299.72109,		1299.86242,		1299.99997,				1.00011,				1.00000
548,		1299.73061,		1299.86366,		1299.99997,				1.00010,				1.00000
549,		1299.73061,		1299.86366,		1299.99997,				1.00010,				1.00000
550,		1299.73083,		1299.86393,		1299.99997,				1.00010,				1.00000
551,		1299.73252,		1299.86428,		1299.99997,				1.00010,				1.00000
552,		1299.73506,		1299.86522,		1299.99997,				1.00010,				1.00000
553,		1299.73541,		1299.86558,		1299.99997,				1.00010,				1.00000
554,		1299.73643,		1299.86669,		1299.99997,				1.00010,				1.00000
555,		1299.73731,		1299.86709,		1299.99997,				1.00010,				1.00000
556,		1299.73888,		1299.86812,		1299.99997,				1.00010,				1.00000
557,		1299.73906,		1299.86815,		1299.99997,				1.00010,				1.00000
558,		1299.73941,		1299.86840,		1299.99997,				1.00010,				1.00000
559,		1299.73955,		1299.86888,		1299.99997,				1.00010,				1.00000
560,		1299.73957,		1299.86898,		1299.99997,				1.00010,				1.00000
561,		1299.74035,		1299.86977,		1299.99997,				1.00010,				1.00000
562,		1299.74050,		1299.86988,		1299.99997,				1.00010,				1.00000
563,		1299.74275,		1299.87125,		1299.99997,				1.00010,				1.00000
564,		1299.74408,		1299.87220,		1299.99997,				1.00010,				1.00000
565,		1299.74447,		1299.87304,		1299.99997,				1.00010,				1.00000
566,		1299.74496,		1299.87369,		1299.99997,				1.00010,				1.00000
567,		1299.74508,		1299.87397,		1299.99997,				1.00010,				1.00000
568,		1299.74668,		1299.87408,		1299.99997,				1.00010,				1.00000
569,		1299.74799,		1299.87453,		1299.99997,				1.00010,				1.00000
570,		1299.74812,		1299.87476,		1299.99997,				1.00010,				1.00000
571,		1299.74998,		1299.87544,		1299.99997,				1.00010,				1.00000
572,		1299.75077,		1299.87588,		1299.99997,				1.00010,				1.00000
573,		1299.75077,		1299.87588,		1299.99997,				1.00010,				1.00000
574,		1299.75130,		1299.87630,		1299.99997,				1.00010,				1.00000
575,		1299.75221,		1299.87630,		1299.99997,				1.00010,				1.00000
576,		1299.75247,		1299.87658,		1299.99997,				1.00009,				1.00000
577,		1299.75249,		1299.87690,		1299.99997,				1.00009,				1.00000
578,		1299.75308,		1299.87695,		1299.99997,				1.00009,				1.00000
579,		1299.75312,		1299.87709,		1299.99997,				1.00009,				1.00000
580,		1299.75540,		1299.87792,		1299.99997,				1.00009,				1.00000
581,		1299.75549,		1299.87838,		1299.99997,				1.00009,				1.00000
582,		1299.75746,		1299.87904,		1299.99997,				1.00009,				1.00000
583,		1299.75772,		1299.87911,		1299.99997,				1.00009,				1.00000
584,		1299.75925,		1299.87990,		1299.99997,				1.00009,				1.00000
585,		1299.75967,		1299.88036,		1299.99997,				1.00009,				1.00000
586,		1299.76141,		1299.88092,		1299.99997,				1.00009,				1.00000
587,		1299.76141,		1299.88092,		1299.99997,				1.00009,				1.00000
588,		1299.76141,		1299.88092,		1299.99997,				1.00009,				1.00000
589,		1299.76305,		1299.88139,		1299.99997,				1.00009,				1.00000
590,		1299.76305,		1299.88139,		1299.99997,				1.00009,				1.00000
591,		1299.76396,		1299.88175,		1299.99997,				1.00009,				1.00000
592,		1299.76612,		1299.88234,		1299.99997,				1.00009,				1.00000
593,		1299.76612,		1299.88234,		1299.99997,				1.00009,				1.00000
594,		1299.76638,		1299.88274,		1299.99997,				1.00009,				1.00000
595,		1299.76949,		1299.88336,		1299.99997,				1.00009,				1.00000
596,		1299.77083,		1299.88358,		1299.99997,				1.00009,				1.00000
597,		1299.77088,		1299.88372,		1299.99997,				1.00009,				1.00000
598,		1299.77088,		1299.88372,		1299.99997,				1.00009,				1.00000
599,		1299.77259,		1299.88410,		1299.99997,				1.00009,				1.00000
600,		1299.77259,		1299.88410,		1299.99997,				1.00009,				1.00000
601,		1299.77365,		1299.88471,		1299.99997,				1.00009,				1.00000
602,		1299.77385,		1299.88497,		1299.99997,				1.00009,				1.00000
603,		1299.77453,		1299.88535,		1299.99997,				1.00009,				1.00000
604,		1299.77537,		1299.88555,		1299.99997,				1.00009,				1.00000
605,		1299.77620,		1299.88668,		1299.99997,				1.00009,				1.00000
606,		1299.77718,		1299.88721,		1299.99997,				1.00009,				1.00000
607,		1299.77862,		1299.88797,		1299.99997,				1.00009,				1.00000
608,		1299.78018,		1299.88807,		1299.99997,				1.00009,				1.00000
609,		1299.78018,		1299.88807,		1299.99997,				1.00009,				1.00000
610,		1299.78041,		1299.88864,		1299.99997,				1.00009,				1.00000
611,		1299.78163,		1299.88943,		1299.99997,				1.00009,				1.00000
612,		1299.78196,		1299.88967,		1299.99997,				1.00008,				1.00000
613,		1299.78282,		1299.88999,		1299.99997,				1.00008,				1.00000
614,		1299.78480,		1299.89057,		1299.99997,				1.00008,				1.00000
615,		1299.78485,		1299.89070,		1299.99997,				1.00008,				1.00000
616,		1299.78623,		1299.89201,		1299.99997,				1.00008,				1.00000
617,		1299.78623,		1299.89201,		1299.99997,				1.00008,				1.00000
618,		1299.78634,		1299.89233,		1299.99997,				1.00008,				1.00000
619,		1299.78634,		1299.89233,		1299.99997,				1.00008,				1.00000
620,		1299.78660,		1299.89250,		1299.99997,				1.00008,				1.00000
621,		1299.78691,		1299.89261,		1299.99997,				1.00008,				1.00000
622,		1299.78778,		1299.89331,		1299.99997,				1.00008,				1.00000
623,		1299.78801,		1299.89365,		1299.99997,				1.00008,				1.00000
624,		1299.78920,		1299.89472,		1299.99997,				1.00008,				1.00000
625,		1299.78929,		1299.89511,		1299.99997,				1.00008,				1.00000
626,		1299.78932,		1299.89556,		1299.99997,				1.00008,				1.00000
627,		1299.79149,		1299.89648,		1299.99997,				1.00008,				1.00000
628,		1299.79262,		1299.89677,		1299.99997,				1.00008,				1.00000
629,		1299.79293,		1299.89698,		1299.99997,				1.00008,				1.00000
630,		1299.79452,		1299.89751,		1299.99997,				1.00008,				1.00000
631,		1299.79539,		1299.89751,		1299.99997,				1.00008,				1.00000
632,		1299.79758,		1299.89798,		1299.99997,				1.00008,				1.00000
633,		1299.79841,		1299.89810,		1299.99997,				1.00008,				1.00000
634,		1299.79856,		1299.89834,		1299.99997,				1.00008,				1.00000
635,		1299.79992,		1299.89865,		1299.99997,				1.00008,				1.00000
636,		1299.80184,		1299.89930,		1299.99997,				1.00008,				1.00000
637,		1299.80184,		1299.89930,		1299.99997,				1.00008,				1.00000
638,		1299.80399,		1299.90049,		1299.99997,				1.00008,				1.00000
639,		1299.80416,		1299.90060,		1299.99997,				1.00008,				1.00000
640,		1299.80438,		1299.90125,		1299.99997,				1.00008,				1.00000
641,		1299.80574,		1299.90149,		1299.99997,				1.00008,				1.00000
642,		1299.80663,		1299.90204,		1299.99997,				1.00008,				1.00000
643,		1299.80687,		1299.90228,		1299.99997,				1.00008,				1.00000
644,		1299.80727,		1299.90243,		1299.99997,				1.00008,				1.00000
645,		1299.80727,		1299.90243,		1299.99997,				1.00008,				1.00000
646,		1299.80859,		1299.90359,		1299.99997,				1.00007,				1.00000
647,		1299.80860,		1299.90393,		1299.99997,				1.00007,				1.00000
648,		1299.80923,		1299.90424,		1299.99997,				1.00007,				1.00000
649,		1299.80985,		1299.90522,		1299.99997,				1.00007,				1.00000
650,		1299.81064,		1299.90560,		1299.99997,				1.00007,				1.00000
651,		1299.81064,		1299.90560,		1299.99997,				1.00007,				1.00000
652,		1299.81230,		1299.90646,		1299.99997,				1.00007,				1.00000
653,		1299.81294,		1299.90677,		1299.99997,				1.00007,				1.00000
654,		1299.81366,		1299.90700,		1299.99997,				1.00007,				1.00000
655,		1299.81366,		1299.90700,		1299.99997,				1.00007,				1.00000
656,		1299.81529,		1299.90744,		1299.99997,				1.00007,				1.00000
657,		1299.81529,		1299.90744,		1299.99997,				1.00007,				1.00000
658,		1299.81619,		1299.90754,		1299.99997,				1.00007,				1.00000
659,		1299.81632,		1299.90770,		1299.99997,				1.00007,				1.00000
660,		1299.81632,		1299.90770,		1299.99997,				1.00007,				1.00000
661,		1299.81678,		1299.90780,		1299.99997,				1.00007,				1.00000
662,		1299.81782,		1299.90829,		1299.99997,				1.00007,				1.00000
663,		1299.81800,		1299.90862,		1299.99997,				1.00007,				1.00000
664,		1299.81903,		1299.90909,		1299.99997,				1.00007,				1.00000
665,		1299.81903,		1299.90909,		1299.99997,				1.00007,				1.00000
666,		1299.82055,		1299.91022,		1299.99997,				1.00007,				1.00000
667,		1299.82055,		1299.91022,		1299.99997,				1.00007,				1.00000
668,		1299.82093,		1299.91045,		1299.99997,				1.00007,				1.00000
669,		1299.82137,		1299.91114,		1299.99997,				1.00007,				1.00000
670,		1299.82279,		1299.91131,		1299.99997,				1.00007,				1.00000
671,		1299.82283,		1299.91163,		1299.99997,				1.00007,				1.00000
672,		1299.82310,		1299.91198,		1299.99997,				1.00007,				1.00000
673,		1299.82310,		1299.91198,		1299.99997,				1.00007,				1.00000
674,		1299.82318,		1299.91201,		1299.99997,				1.00007,				1.00000
675,		1299.82415,		1299.91231,		1299.99997,				1.00007,				1.00000
676,		1299.82462,		1299.91233,		1299.99997,				1.00007,				1.00000
677,		1299.82484,		1299.91291,		1299.99997,				1.00007,				1.00000
678,		1299.82515,		1299.91300,		1299.99997,				1.00007,				1.00000
679,		1299.82515,		1299.91300,		1299.99997,				1.00007,				1.00000
680,		1299.82588,		1299.91313,		1299.99997,				1.00007,				1.00000
681,		1299.82604,		1299.91343,		1299.99997,				1.00007,				1.00000
682,		1299.82619,		1299.91344,		1299.99997,				1.00007,				1.00000
683,		1299.82619,		1299.91344,		1299.99997,				1.00007,				1.00000
684,		1299.82704,		1299.91395,		1299.99997,				1.00007,				1.00000
685,		1299.82719,		1299.91438,		1299.99997,				1.00007,				1.00000
686,		1299.82739,		1299.91445,		1299.99997,				1.00007,				1.00000
687,		1299.82899,		1299.91492,		1299.99997,				1.00007,				1.00000
688,		1299.83094,		1299.91520,		1299.99997,				1.00007,				1.00000
689,		1299.83131,		1299.91548,		1299.99997,				1.00006,				1.00000
690,		1299.83131,		1299.91548,		1299.99997,				1.00006,				1.00000
691,		1299.83211,		1299.91591,		1299.99997,				1.00006,				1.00000
692,		1299.83211,		1299.91591,		1299.99997,				1.00006,				1.00000
693,		1299.83368,		1299.91625,		1299.99997,				1.00006,				1.00000
694,		1299.83378,		1299.91631,		1299.99997,				1.00006,				1.00000
695,		1299.83378,		1299.91631,		1299.99997,				1.00006,				1.00000
696,		1299.83384,		1299.91640,		1299.99997,				1.00006,				1.00000
697,		1299.83384,		1299.91640,		1299.99997,				1.00006,				1.00000
698,		1299.83419,		1299.91686,		1299.99997,				1.00006,				1.00000
699,		1299.83419,		1299.91686,		1299.99997,				1.00006,				1.00000
700,		1299.83506,		1299.91715,		1299.99997,				1.00006,				1.00000
701,		1299.83550,		1299.91733,		1299.99997,				1.00006,				1.00000
702,		1299.83650,		1299.91778,		1299.99997,				1.00006,				1.00000
703,		1299.83651,		1299.91804,		1299.99997,				1.00006,				1.00000
704,		1299.83652,		1299.91820,		1299.99997,				1.00006,				1.00000
705,		1299.83708,		1299.91839,		1299.99997,				1.00006,				1.00000
706,		1299.83731,		1299.91857,		1299.99997,				1.00006,				1.00000
707,		1299.83948,		1299.91938,		1299.99997,				1.00006,				1.00000
708,		1299.84050,		1299.91969,		1299.99997,				1.00006,				1.00000
709,		1299.84050,		1299.91969,		1299.99997,				1.00006,				1.00000
710,		1299.84221,		1299.92037,		1299.99997,				1.00006,				1.00000
711,		1299.84286,		1299.92080,		1299.99997,				1.00006,				1.00000
712,		1299.84311,		1299.92106,		1299.99997,				1.00006,				1.00000
713,		1299.84314,		1299.92126,		1299.99997,				1.00006,				1.00000
714,		1299.84314,		1299.92126,		1299.99997,				1.00006,				1.00000
715,		1299.84318,		1299.92142,		1299.99997,				1.00006,				1.00000
716,		1299.84334,		1299.92161,		1299.99997,				1.00006,				1.00000
717,		1299.84340,		1299.92202,		1299.99997,				1.00006,				1.00000
718,		1299.84373,		1299.92215,		1299.99997,				1.00006,				1.00000
719,		1299.84429,		1299.92231,		1299.99997,				1.00006,				1.00000
720,		1299.84456,		1299.92237,		1299.99997,				1.00006,				1.00000
721,		1299.84456,		1299.92237,		1299.99997,				1.00006,				1.00000
722,		1299.84456,		1299.92237,		1299.99997,				1.00006,				1.00000
723,		1299.84456,		1299.92237,		1299.99997,				1.00006,				1.00000
724,		1299.84456,		1299.92237,		1299.99997,				1.00006,				1.00000
725,		1299.84563,		1299.92264,		1299.99997,				1.00006,				1.00000
726,		1299.84669,		1299.92297,		1299.99997,				1.00006,				1.00000
727,		1299.84686,		1299.92328,		1299.99997,				1.00006,				1.00000
728,		1299.84686,		1299.92328,		1299.99997,				1.00006,				1.00000
729,		1299.84706,		1299.92337,		1299.99997,				1.00006,				1.00000
730,		1299.84706,		1299.92337,		1299.99997,				1.00006,				1.00000
731,		1299.84734,		1299.92431,		1299.99997,				1.00006,				1.00000
732,		1299.84764,		1299.92432,		1299.99997,				1.00006,				1.00000
733,		1299.84764,		1299.92432,		1299.99997,				1.00006,				1.00000
734,		1299.84777,		1299.92436,		1299.99997,				1.00006,				1.00000
735,		1299.84874,		1299.92495,		1299.99997,				1.00006,				1.00000
736,		1299.84874,		1299.92495,		1299.99997,				1.00006,				1.00000
737,		1299.85030,		1299.92509,		1299.99997,				1.00006,				1.00000
738,		1299.85090,		1299.92518,		1299.99997,				1.00006,				1.00000
739,		1299.85128,		1299.92545,		1299.99997,				1.00006,				1.00000
740,		1299.85176,		1299.92566,		1299.99997,				1.00006,				1.00000
741,		1299.85176,		1299.92566,		1299.99997,				1.00006,				1.00000
742,		1299.85176,		1299.92590,		1299.99997,				1.00006,				1.00000
743,		1299.85203,		1299.92596,		1299.99997,				1.00006,				1.00000
744,		1299.85286,		1299.92629,		1299.99997,				1.00006,				1.00000
745,		1299.85393,		1299.92682,		1299.99997,				1.00006,				1.00000
746,		1299.85496,		1299.92729,		1299.99997,				1.00006,				1.00000
747,		1299.85628,		1299.92806,		1299.99997,				1.00006,				1.00000
748,		1299.85655,		1299.92828,		1299.99997,				1.00006,				1.00000
749,		1299.85749,		1299.92839,		1299.99997,				1.00006,				1.00000
750,		1299.85759,		1299.92848,		1299.99997,				1.00005,				1.00000
751,		1299.85792,		1299.92921,		1299.99997,				1.00005,				1.00000
752,		1299.85842,		1299.92993,		1299.99997,				1.00005,				1.00000
753,		1299.85888,		1299.93017,		1299.99997,				1.00005,				1.00000
754,		1299.85928,		1299.93051,		1299.99997,				1.00005,				1.00000
755,		1299.86025,		1299.93088,		1299.99997,				1.00005,				1.00000
756,		1299.86025,		1299.93088,		1299.99997,				1.00005,				1.00000
757,		1299.86087,		1299.93098,		1299.99997,				1.00005,				1.00000
758,		1299.86114,		1299.93109,		1299.99997,				1.00005,				1.00000
759,		1299.86174,		1299.93143,		1299.99997,				1.00005,				1.00000
760,		1299.86192,		1299.93168,		1299.99997,				1.00005,				1.00000
761,		1299.86209,		1299.93193,		1299.99997,				1.00005,				1.00000
762,		1299.86392,		1299.93199,		1299.99997,				1.00005,				1.00000
763,		1299.86403,		1299.93218,		1299.99997,				1.00005,				1.00000
764,		1299.86437,		1299.93234,		1299.99997,				1.00005,				1.00000
765,		1299.86450,		1299.93254,		1299.99997,				1.00005,				1.00000
766,		1299.86493,		1299.93261,		1299.99997,				1.00005,				1.00000
767,		1299.86574,		1299.93317,		1299.99997,				1.00005,				1.00000
768,		1299.86600,		1299.93344,		1299.99997,				1.00005,				1.00000
769,		1299.86600,		1299.93344,		1299.99997,				1.00005,				1.00000
770,		1299.86625,		1299.93381,		1299.99997,				1.00005,				1.00000
771,		1299.86625,		1299.93381,		1299.99997,				1.00005,				1.00000
772,		1299.86625,		1299.93381,		1299.99997,				1.00005,				1.00000
773,		1299.86625,		1299.93381,		1299.99997,				1.00005,				1.00000
774,		1299.86645,		1299.93392,		1299.99997,				1.00005,				1.00000
775,		1299.86645,		1299.93392,		1299.99997,				1.00005,				1.00000
776,		1299.86645,		1299.93392,		1299.99997,				1.00005,				1.00000
777,		1299.86692,		1299.93428,		1299.99997,				1.00005,				1.00000
778,		1299.86703,		1299.93448,		1299.99997,				1.00005,				1.00000
779,		1299.86722,		1299.93465,		1299.99997,				1.00005,				1.00000
780,		1299.86722,		1299.93465,		1299.99997,				1.00005,				1.00000
781,		1299.86722,		1299.93465,		1299.99997,				1.00005,				1.00000
782,		1299.86754,		1299.93477,		1299.99997,				1.00005,				1.00000
783,		1299.86754,		1299.93477,		1299.99997,				1.00005,				1.00000
784,		1299.86900,		1299.93515,		1299.99997,				1.00005,				1.00000
785,		1299.86913,		1299.93520,		1299.99997,				1.00005,				1.00000
786,		1299.86939,		1299.93537,		1299.99997,				1.00005,				1.00000
787,		1299.86939,		1299.93537,		1299.99997,				1.00005,				1.00000
788,		1299.86939,		1299.93537,		1299.99997,				1.00005,				1.00000
789,		1299.86939,		1299.93537,		1299.99997,				1.00005,				1.00000
790,		1299.87044,		1299.93566,		1299.99997,				1.00005,				1.00000
791,		1299.87196,		1299.93621,		1299.99997,				1.00005,				1.00000
792,		1299.87221,		1299.93648,		1299.99997,				1.00005,				1.00000
793,		1299.87234,		1299.93658,		1299.99997,				1.00005,				1.00000
794,		1299.87280,		1299.93678,		1299.99997,				1.00005,				1.00000
795,		1299.87339,		1299.93699,		1299.99997,				1.00005,				1.00000
796,		1299.87372,		1299.93724,		1299.99997,				1.00005,				1.00000
797,		1299.87378,		1299.93749,		1299.99997,				1.00005,				1.00000
798,		1299.87398,		1299.93760,		1299.99997,				1.00005,				1.00000
799,		1299.87446,		1299.93771,		1299.99997,				1.00005,				1.00000
800,		1299.87522,		1299.93796,		1299.99997,				1.00005,				1.00000
801,		1299.87585,		1299.93819,		1299.99997,				1.00005,				1.00000
802,		1299.87625,		1299.93829,		1299.99997,				1.00005,				1.00000
803,		1299.87625,		1299.93829,		1299.99997,				1.00005,				1.00000
804,		1299.87672,		1299.93836,		1299.99997,				1.00005,				1.00000
805,		1299.87704,		1299.93850,		1299.99997,				1.00005,				1.00000
806,		1299.87707,		1299.93862,		1299.99997,				1.00005,				1.00000
807,		1299.87728,		1299.93867,		1299.99997,				1.00005,				1.00000
808,		1299.87817,		1299.93907,		1299.99997,				1.00005,				1.00000
809,		1299.87864,		1299.93940,		1299.99997,				1.00005,				1.00000
810,		1299.87881,		1299.93951,		1299.99997,				1.00005,				1.00000
811,		1299.87923,		1299.93982,		1299.99997,				1.00005,				1.00000
812,		1299.87956,		1299.93992,		1299.99997,				1.00005,				1.00000
813,		1299.88064,		1299.94017,		1299.99997,				1.00005,				1.00000
814,		1299.88101,		1299.94025,		1299.99997,				1.00005,				1.00000
815,		1299.88122,		1299.94046,		1299.99997,				1.00005,				1.00000
816,		1299.88129,		1299.94052,		1299.99997,				1.00005,				1.00000
817,		1299.88222,		1299.94076,		1299.99997,				1.00005,				1.00000
818,		1299.88222,		1299.94076,		1299.99997,				1.00005,				1.00000
819,		1299.88290,		1299.94097,		1299.99997,				1.00005,				1.00000
820,		1299.88290,		1299.94097,		1299.99997,				1.00005,				1.00000
821,		1299.88404,		1299.94139,		1299.99997,				1.00005,				1.00000
822,		1299.88481,		1299.94167,		1299.99997,				1.00004,				1.00000
823,		1299.88481,		1299.94167,		1299.99997,				1.00004,				1.00000
824,		1299.88481,		1299.94167,		1299.99997,				1.00004,				1.00000
825,		1299.88481,		1299.94167,		1299.99997,				1.00004,				1.00000
826,		1299.88481,		1299.94167,		1299.99997,				1.00004,				1.00000
827,		1299.88585,		1299.94199,		1299.99997,				1.00004,				1.00000
828,		1299.88599,		1299.94209,		1299.99997,				1.00004,				1.00000
829,		1299.88599,		1299.94209,		1299.99997,				1.00004,				1.00000
830,		1299.88607,		1299.94219,		1299.99997,				1.00004,				1.00000
831,		1299.88627,		1299.94229,		1299.99997,				1.00004,				1.00000
832,		1299.88702,		1299.94249,		1299.99997,				1.00004,				1.00000
833,		1299.88726,		1299.94271,		1299.99997,				1.00004,				1.00000
834,		1299.88726,		1299.94271,		1299.99997,				1.00004,				1.00000
835,		1299.88726,		1299.94271,		1299.99997,				1.00004,				1.00000
836,		1299.88726,		1299.94271,		1299.99997,				1.00004,				1.00000
837,		1299.88726,		1299.94271,		1299.99997,				1.00004,				1.00000
838,		1299.88726,		1299.94271,		1299.99997,				1.00004,				1.00000
839,		1299.88745,		1299.94292,		1299.99997,				1.00004,				1.00000
840,		1299.88745,		1299.94292,		1299.99997,				1.00004,				1.00000
841,		1299.88753,		1299.94304,		1299.99997,				1.00004,				1.00000
842,		1299.88766,		1299.94311,		1299.99997,				1.00004,				1.00000
843,		1299.88849,		1299.94339,		1299.99997,				1.00004,				1.00000
844,		1299.88878,		1299.94356,		1299.99997,				1.00004,				1.00000
845,		1299.88907,		1299.94364,		1299.99997,				1.00004,				1.00000
846,		1299.88936,		1299.94370,		1299.99997,				1.00004,				1.00000
847,		1299.88936,		1299.94370,		1299.99997,				1.00004,				1.00000
848,		1299.88936,		1299.94370,		1299.99997,				1.00004,				1.00000
849,		1299.88954,		1299.94388,		1299.99997,				1.00004,				1.00000
850,		1299.89021,		1299.94391,		1299.99997,				1.00004,				1.00000
851,		1299.89035,		1299.94407,		1299.99997,				1.00004,				1.00000
852,		1299.89035,		1299.94407,		1299.99997,				1.00004,				1.00000
853,		1299.89047,		1299.94414,		1299.99997,				1.00004,				1.00000
854,		1299.89087,		1299.94452,		1299.99997,				1.00004,				1.00000
855,		1299.89214,		1299.94503,		1299.99997,				1.00004,				1.00000
856,		1299.89214,		1299.94503,		1299.99997,				1.00004,				1.00000
857,		1299.89235,		1299.94517,		1299.99997,				1.00004,				1.00000
858,		1299.89242,		1299.94536,		1299.99997,				1.00004,				1.00000
859,		1299.89242,		1299.94536,		1299.99997,				1.00004,				1.00000
860,		1299.89242,		1299.94536,		1299.99997,				1.00004,				1.00000
861,		1299.89243,		1299.94550,		1299.99997,				1.00004,				1.00000
862,		1299.89243,		1299.94550,		1299.99997,				1.00004,				1.00000
863,		1299.89259,		1299.94566,		1299.99997,				1.00004,				1.00000
864,		1299.89271,		1299.94577,		1299.99997,				1.00004,				1.00000
865,		1299.89271,		1299.94577,		1299.99997,				1.00004,				1.00000
866,		1299.89271,		1299.94577,		1299.99997,				1.00004,				1.00000
867,		1299.89271,		1299.94577,		1299.99997,				1.00004,				1.00000
868,		1299.89271,		1299.94577,		1299.99997,				1.00004,				1.00000
869,		1299.89273,		1299.94596,		1299.99997,				1.00004,				1.00000
870,		1299.89314,		1299.94632,		1299.99997,				1.00004,				1.00000
871,		1299.89314,		1299.94632,		1299.99997,				1.00004,				1.00000
872,		1299.89325,		1299.94648,		1299.99997,				1.00004,				1.00000
873,		1299.89332,		1299.94653,		1299.99997,				1.00004,				1.00000
874,		1299.89332,		1299.94653,		1299.99997,				1.00004,				1.00000
875,		1299.89351,		1299.94661,		1299.99997,				1.00004,				1.00000
876,		1299.89454,		1299.94700,		1299.99997,				1.00004,				1.00000
877,		1299.89472,		1299.94735,		1299.99997,				1.00004,				1.00000
878,		1299.89474,		1299.94745,		1299.99997,				1.00004,				1.00000
879,		1299.89555,		1299.94783,		1299.99997,				1.00004,				1.00000
880,		1299.89555,		1299.94783,		1299.99997,				1.00004,				1.00000
881,		1299.89555,		1299.94783,		1299.99997,				1.00004,				1.00000
882,		1299.89555,		1299.94783,		1299.99997,				1.00004,				1.00000
883,		1299.89570,		1299.94792,		1299.99997,				1.00004,				1.00000
884,		1299.89573,		1299.94804,		1299.99997,				1.00004,				1.00000
885,		1299.89573,		1299.94804,		1299.99997,				1.00004,				1.00000
886,		1299.89616,		1299.94807,		1299.99997,				1.00004,				1.00000
887,		1299.89616,		1299.94807,		1299.99997,				1.00004,				1.00000
888,		1299.89644,		1299.94844,		1299.99997,				1.00004,				1.00000
889,		1299.89661,		1299.94852,		1299.99997,				1.00004,				1.00000
890,		1299.89661,		1299.94852,		1299.99997,				1.00004,				1.00000
891,		1299.89707,		1299.94861,		1299.99997,				1.00004,				1.00000
892,		1299.89707,		1299.94861,		1299.99997,				1.00004,				1.00000
893,		1299.89713,		1299.94866,		1299.99997,				1.00004,				1.00000
894,		1299.89740,		1299.94869,		1299.99997,				1.00004,				1.00000
895,		1299.89741,		1299.94884,		1299.99997,				1.00004,				1.00000
896,		1299.89741,		1299.94884,		1299.99997,				1.00004,				1.00000
897,		1299.89770,		1299.94920,		1299.99997,				1.00004,				1.00000
898,		1299.89770,		1299.94920,		1299.99997,				1.00004,				1.00000
899,		1299.89800,		1299.94926,		1299.99997,				1.00004,				1.00000
900,		1299.89853,		1299.94932,		1299.99997,				1.00004,				1.00000
901,		1299.89853,		1299.94932,		1299.99997,				1.00004,				1.00000
902,		1299.89886,		1299.94952,		1299.99997,				1.00004,				1.00000
903,		1299.89886,		1299.94952,		1299.99997,				1.00004,				1.00000
904,		1299.89886,		1299.94952,		1299.99997,				1.00004,				1.00000
905,		1299.89886,		1299.94952,		1299.99997,				1.00004,				1.00000
906,		1299.89905,		1299.94962,		1299.99997,				1.00004,				1.00000
907,		1299.89905,		1299.94962,		1299.99997,				1.00004,				1.00000
908,		1299.89905,		1299.94962,		1299.99997,				1.00004,				1.00000
909,		1299.89905,		1299.94962,		1299.99997,				1.00004,				1.00000
910,		1299.89975,		1299.94984,		1299.99997,				1.00004,				1.00000
911,		1299.89975,		1299.94984,		1299.99997,				1.00004,				1.00000
912,		1299.89975,		1299.94984,		1299.99997,				1.00004,				1.00000
913,		1299.89976,		1299.94993,		1299.99997,				1.00004,				1.00000
914,		1299.90004,		1299.95012,		1299.99997,				1.00004,				1.00000
915,		1299.90004,		1299.95012,		1299.99997,				1.00004,				1.00000
916,		1299.90072,		1299.95024,		1299.99997,				1.00004,				1.00000
917,		1299.90072,		1299.95024,		1299.99997,				1.00004,				1.00000
918,		1299.90083,		1299.95033,		1299.99997,				1.00004,				1.00000
919,		1299.90083,		1299.95033,		1299.99997,				1.00004,				1.00000
920,		1299.90179,		1299.95067,		1299.99997,				1.00004,				1.00000
921,		1299.90179,		1299.95067,		1299.99997,				1.00004,				1.00000
922,		1299.90245,		1299.95086,		1299.99997,				1.00004,				1.00000
923,		1299.90245,		1299.95086,		1299.99997,				1.00004,				1.00000
924,		1299.90256,		1299.95091,		1299.99997,				1.00004,				1.00000
925,		1299.90256,		1299.95091,		1299.99997,				1.00004,				1.00000
926,		1299.90256,		1299.95091,		1299.99997,				1.00004,				1.00000
927,		1299.90292,		1299.95125,		1299.99997,				1.00004,				1.00000
928,		1299.90331,		1299.95137,		1299.99997,				1.00004,				1.00000
929,		1299.90331,		1299.95137,		1299.99997,				1.00004,				1.00000
930,		1299.90400,		1299.95161,		1299.99997,				1.00004,				1.00000
931,		1299.90427,		1299.95183,		1299.99997,				1.00004,				1.00000
932,		1299.90437,		1299.95187,		1299.99997,				1.00004,				1.00000
933,		1299.90437,		1299.95187,		1299.99997,				1.00004,				1.00000
934,		1299.90437,		1299.95187,		1299.99997,				1.00004,				1.00000
935,		1299.90437,		1299.95187,		1299.99997,				1.00004,				1.00000
936,		1299.90507,		1299.95202,		1299.99997,				1.00004,				1.00000
937,		1299.90559,		1299.95205,		1299.99997,				1.00004,				1.00000
938,		1299.90559,		1299.95205,		1299.99997,				1.00004,				1.00000
939,		1299.90559,		1299.95205,		1299.99997,				1.00004,				1.00000
940,		1299.90559,		1299.95205,		1299.99997,				1.00004,				1.00000
941,		1299.90559,		1299.95205,		1299.99997,				1.00004,				1.00000
942,		1299.90559,		1299.95205,		1299.99997,				1.00004,				1.00000
943,		1299.90602,		1299.95222,		1299.99997,				1.00004,				1.00000
944,		1299.90614,		1299.95234,		1299.99997,				1.00004,				1.00000
945,		1299.90614,		1299.95234,		1299.99997,				1.00004,				1.00000
946,		1299.90623,		1299.95241,		1299.99997,				1.00004,				1.00000
947,		1299.90672,		1299.95264,		1299.99997,				1.00004,				1.00000
948,		1299.90743,		1299.95273,		1299.99997,				1.00004,				1.00000
949,		1299.90789,		1299.95276,		1299.99997,				1.00004,				1.00000
950,		1299.90798,		1299.95280,		1299.99997,				1.00004,				1.00000
951,		1299.90852,		1299.95302,		1299.99997,				1.00004,				1.00000
952,		1299.90864,		1299.95308,		1299.99997,				1.00004,				1.00000
953,		1299.90870,		1299.95314,		1299.99997,				1.00004,				1.00000
954,		1299.90882,		1299.95315,		1299.99997,				1.00004,				1.00000
955,		1299.90884,		1299.95321,		1299.99997,				1.00004,				1.00000
956,		1299.90884,		1299.95321,		1299.99997,				1.00004,				1.00000
957,		1299.90885,		1299.95334,		1299.99997,				1.00004,				1.00000
958,		1299.90900,		1299.95361,		1299.99997,				1.00004,				1.00000
959,		1299.90901,		1299.95375,		1299.99997,				1.00004,				1.00000
960,		1299.90901,		1299.95375,		1299.99997,				1.00004,				1.00000
961,		1299.90945,		1299.95380,		1299.99997,				1.00004,				1.00000
962,		1299.90947,		1299.95390,		1299.99997,				1.00004,				1.00000
963,		1299.90949,		1299.95396,		1299.99997,				1.00004,				1.00000
964,		1299.90949,		1299.95396,		1299.99997,				1.00004,				1.00000
965,		1299.91016,		1299.95408,		1299.99997,				1.00004,				1.00000
966,		1299.91016,		1299.95408,		1299.99997,				1.00004,				1.00000
967,		1299.91060,		1299.95426,		1299.99997,				1.00004,				1.00000
968,		1299.91060,		1299.95426,		1299.99997,				1.00004,				1.00000
969,		1299.91060,		1299.95426,		1299.99997,				1.00004,				1.00000
970,		1299.91060,		1299.95426,		1299.99997,				1.00004,				1.00000
971,		1299.91073,		1299.95432,		1299.99997,				1.00004,				1.00000
972,		1299.91073,		1299.95432,		1299.99997,				1.00004,				1.00000
973,		1299.91107,		1299.95469,		1299.99997,				1.00003,				1.00000
974,		1299.91125,		1299.95484,		1299.99997,				1.00003,				1.00000
975,		1299.91125,		1299.95484,		1299.99997,				1.00003,				1.00000
976,		1299.91143,		1299.95497,		1299.99997,				1.00003,				1.00000
977,		1299.91145,		1299.95509,		1299.99997,				1.00003,				1.00000
978,		1299.91145,		1299.95509,		1299.99997,				1.00003,				1.00000
979,		1299.91145,		1299.95509,		1299.99997,				1.00003,				1.00000
980,		1299.91244,		1299.95513,		1299.99997,				1.00003,				1.00000
981,		1299.91245,		1299.95521,		1299.99997,				1.00003,				1.00000
982,		1299.91245,		1299.95521,		1299.99997,				1.00003,				1.00000
983,		1299.91245,		1299.95521,		1299.99997,				1.00003,				1.00000
984,		1299.91245,		1299.95521,		1299.99997,				1.00003,				1.00000
985,		1299.91245,		1299.95521,		1299.99997,				1.00003,				1.00000
986,		1299.91245,		1299.95527,		1299.99997,				1.00003,				1.00000
987,		1299.91297,		1299.95544,		1299.99997,				1.00003,				1.00000
988,		1299.91333,		1299.95549,		1299.99997,				1.00003,				1.00000
989,		1299.91335,		1299.95550,		1299.99997,				1.00003,				1.00000
990,		1299.91368,		1299.95562,		1299.99997,				1.00003,				1.00000
991,		1299.91381,		1299.95567,		1299.99997,				1.00003,				1.00000
992,		1299.91381,		1299.95567,		1299.99997,				1.00003,				1.00000
993,		1299.91381,		1299.95567,		1299.99997,				1.00003,				1.00000
994,		1299.91381,		1299.95567,		1299.99997,				1.00003,				1.00000
995,		1299.91382,		1299.95578,		1299.99997,				1.00003,				1.00000
996,		1299.91382,		1299.95578,		1299.99997,				1.00003,				1.00000
997,		1299.91411,		1299.95582,		1299.99997,				1.00003,				1.00000
998,		1299.91411,		1299.95582,		1299.99997,				1.00003,				1.00000
999,		1299.91411,		1299.95582,		1299.99997,				1.00003,				1.00000
