RANDOM_SEED, 1698997031
GEN,		MIN,			AVE,			MAX,
0,		78.49,		255.45,		503.30,
1,		78.49,		209.34,		255.56,
2,		42.61,		154.25,		201.46,
3,		34.05,		80.30,		133.10,
4,		28.88,		46.51,		65.62,
5,		16.79,		34.53,		41.93,
6,		16.79,		28.39,		34.67,
7,		16.79,		25.55,		28.96,
8,		16.78,		23.79,		26.53,
9,		14.97,		22.46,		24.81,
10,		14.97,		21.74,		23.90,
11,		14.97,		21.14,		23.11,
12,		14.97,		20.61,		22.52,
13,		14.90,		20.27,		22.06,
14,		14.73,		19.97,		21.76,
15,		14.22,		19.62,		21.39,
16,		13.56,		19.33,		21.07,
17,		13.56,		19.02,		20.79,
18,		13.32,		18.75,		20.51,
19,		13.32,		18.52,		20.21,
20,		13.32,		18.30,		19.91,
21,		13.32,		18.09,		19.66,
22,		12.27,		17.92,		19.48,
23,		12.26,		17.70,		19.25,
24,		6.80,		17.42,		19.02,
25,		6.80,		17.17,		18.76,
26,		6.80,		16.84,		18.50,
27,		6.80,		16.59,		18.23,
28,		6.80,		16.40,		18.05,
29,		6.80,		16.20,		17.88,
30,		6.80,		16.02,		17.64,
31,		6.80,		15.85,		17.48,
32,		6.80,		15.68,		17.25,
33,		6.19,		15.46,		17.06,
34,		3.78,		14.88,		16.56,
35,		3.78,		14.15,		15.98,
36,		3.78,		13.57,		15.51,
37,		3.78,		13.03,		14.98,
38,		3.78,		12.50,		14.51,
39,		3.78,		12.11,		14.04,
40,		3.78,		11.84,		13.67,
41,		3.78,		11.50,		13.32,
42,		3.78,		11.24,		12.93,
43,		3.78,		10.99,		12.68,
44,		3.78,		10.85,		12.48,
45,		3.71,		10.65,		12.29,
46,		3.71,		10.46,		12.03,
47,		3.71,		10.27,		11.92,
48,		3.71,		10.15,		11.80,
49,		3.71,		10.03,		11.62,
50,		3.71,		9.96,		11.53,
51,		3.51,		9.81,		11.41,
52,		3.51,		9.54,		11.15,
53,		3.51,		9.35,		10.96,
54,		3.51,		9.11,		10.72,
55,		3.51,		8.94,		10.51,
56,		1.75,		8.73,		10.31,
57,		1.75,		8.51,		10.03,
58,		1.75,		8.35,		9.82,
59,		1.75,		8.19,		9.63,
60,		1.75,		8.07,		9.49,
61,		1.75,		7.97,		9.37,
62,		1.64,		7.82,		9.26,
63,		1.64,		7.72,		9.18,
64,		1.64,		7.61,		9.09,
65,		1.64,		7.49,		8.99,
66,		1.64,		7.36,		8.83,
67,		1.64,		7.26,		8.71,
68,		1.64,		7.17,		8.61,
69,		1.52,		7.10,		8.52,
70,		1.52,		7.03,		8.42,
71,		1.52,		6.94,		8.37,
72,		1.52,		6.86,		8.30,
73,		1.52,		6.78,		8.22,
74,		1.52,		6.71,		8.15,
75,		1.52,		6.60,		8.03,
76,		1.52,		6.54,		7.95,
77,		1.52,		6.46,		7.87,
78,		1.52,		6.38,		7.80,
79,		1.52,		6.30,		7.70,
80,		0.60,		6.21,		7.62,
81,		0.02,		5.90,		7.40,
82,		0.02,		5.53,		7.11,
83,		0.02,		5.20,		6.83,
84,		0.00,		4.98,		6.66,
85,		0.00,		4.59,		6.31,
86,		0.00,		4.29,		5.99,
87,		0.00,		3.93,		5.61,
88,		0.00,		3.66,		5.32,
89,		0.00,		3.44,		5.03,
90,		0.00,		3.21,		4.78,
91,		0.00,		3.02,		4.57,
92,		0.00,		2.88,		4.40,
93,		0.00,		2.74,		4.26,
94,		0.00,		2.58,		4.10,
95,		0.00,		2.46,		3.93,
96,		0.00,		2.35,		3.81,
97,		0.00,		2.23,		3.67,
98,		0.00,		2.15,		3.50,
99,		0.00,		2.06,		3.40,
100,		0.00,		1.97,		3.28,
101,		0.00,		1.90,		3.18,
102,		0.00,		1.85,		3.10,
103,		0.00,		1.80,		3.03,
104,		0.00,		1.74,		2.94,
105,		0.00,		1.70,		2.87,
106,		0.00,		1.64,		2.77,
107,		0.00,		1.58,		2.73,
108,		0.00,		1.56,		2.65,
109,		0.00,		1.50,		2.59,
110,		0.00,		1.45,		2.54,
111,		0.00,		1.40,		2.48,
112,		0.00,		1.36,		2.40,
113,		0.00,		1.32,		2.33,
114,		0.00,		1.29,		2.25,
115,		0.00,		1.25,		2.18,
116,		0.00,		1.22,		2.14,
117,		0.00,		1.20,		2.08,
118,		0.00,		1.19,		2.06,
119,		0.00,		1.15,		2.03,
120,		0.00,		1.12,		1.98,
121,		0.00,		1.11,		1.95,
122,		0.00,		1.08,		1.93,
123,		0.00,		1.06,		1.86,
124,		0.00,		1.02,		1.81,
125,		0.00,		1.00,		1.78,
126,		0.00,		0.99,		1.76,
127,		0.00,		0.97,		1.73,
128,		0.00,		0.95,		1.69,
129,		0.00,		0.92,		1.66,
130,		0.00,		0.91,		1.64,
131,		0.00,		0.89,		1.62,
132,		0.00,		0.88,		1.62,
133,		0.00,		0.86,		1.58,
134,		0.00,		0.86,		1.55,
135,		0.00,		0.85,		1.55,
136,		0.00,		0.84,		1.53,
137,		0.00,		0.83,		1.51,
138,		0.00,		0.82,		1.49,
139,		0.00,		0.80,		1.47,
140,		0.00,		0.80,		1.45,
141,		0.00,		0.78,		1.43,
142,		0.00,		0.77,		1.40,
143,		0.00,		0.76,		1.39,
144,		0.00,		0.75,		1.38,
145,		0.00,		0.74,		1.37,
146,		0.00,		0.72,		1.35,
147,		0.00,		0.71,		1.32,
148,		0.00,		0.71,		1.32,
149,		0.00,		0.70,		1.31,
150,		0.00,		0.69,		1.29,
151,		0.00,		0.67,		1.27,
152,		0.00,		0.67,		1.26,
153,		0.00,		0.65,		1.21,
154,		0.00,		0.65,		1.20,
155,		0.00,		0.65,		1.20,
156,		0.00,		0.64,		1.19,
157,		0.00,		0.62,		1.16,
158,		0.00,		0.62,		1.15,
159,		0.00,		0.62,		1.14,
160,		0.00,		0.61,		1.13,
161,		0.00,		0.60,		1.12,
162,		0.00,		0.59,		1.10,
163,		0.00,		0.58,		1.09,
164,		0.00,		0.58,		1.08,
165,		0.00,		0.57,		1.07,
166,		0.00,		0.56,		1.05,
167,		0.00,		0.56,		1.03,
168,		0.00,		0.55,		1.03,
169,		0.00,		0.55,		1.02,
170,		0.00,		0.54,		0.99,
171,		0.00,		0.53,		0.98,
172,		0.00,		0.52,		0.97,
173,		0.00,		0.52,		0.97,
174,		0.00,		0.51,		0.95,
175,		0.00,		0.51,		0.95,
176,		0.00,		0.50,		0.94,
177,		0.00,		0.50,		0.93,
178,		0.00,		0.49,		0.93,
179,		0.00,		0.48,		0.91,
180,		0.00,		0.48,		0.91,
181,		0.00,		0.47,		0.91,
182,		0.00,		0.47,		0.90,
183,		0.00,		0.46,		0.88,
184,		0.00,		0.46,		0.88,
185,		0.00,		0.46,		0.88,
186,		0.00,		0.46,		0.86,
187,		0.00,		0.45,		0.86,
188,		0.00,		0.45,		0.85,
189,		0.00,		0.44,		0.84,
190,		0.00,		0.44,		0.84,
191,		0.00,		0.43,		0.83,
192,		0.00,		0.43,		0.83,
193,		0.00,		0.43,		0.82,
194,		0.00,		0.42,		0.80,
195,		0.00,		0.42,		0.80,
196,		0.00,		0.41,		0.79,
197,		0.00,		0.41,		0.78,
198,		0.00,		0.40,		0.77,
199,		0.00,		0.40,		0.75,
200,		0.00,		0.39,		0.75,
201,		0.00,		0.39,		0.74,
202,		0.00,		0.39,		0.74,
203,		0.00,		0.38,		0.73,
204,		0.00,		0.38,		0.73,
205,		0.00,		0.38,		0.72,
206,		0.00,		0.37,		0.72,
207,		0.00,		0.37,		0.71,
208,		0.00,		0.37,		0.71,
209,		0.00,		0.36,		0.70,
210,		0.00,		0.36,		0.70,
211,		0.00,		0.36,		0.69,
212,		0.00,		0.36,		0.69,
213,		0.00,		0.35,		0.69,
214,		0.00,		0.35,		0.69,
215,		0.00,		0.35,		0.68,
216,		0.00,		0.35,		0.68,
217,		0.00,		0.34,		0.67,
218,		0.00,		0.34,		0.66,
219,		0.00,		0.33,		0.65,
220,		0.00,		0.33,		0.65,
221,		0.00,		0.33,		0.65,
222,		0.00,		0.33,		0.65,
223,		0.00,		0.32,		0.64,
224,		0.00,		0.32,		0.64,
225,		0.00,		0.32,		0.64,
226,		0.00,		0.32,		0.63,
227,		0.00,		0.31,		0.63,
228,		0.00,		0.31,		0.62,
229,		0.00,		0.31,		0.62,
230,		0.00,		0.31,		0.61,
231,		0.00,		0.31,		0.60,
232,		0.00,		0.30,		0.60,
233,		0.00,		0.30,		0.59,
234,		0.00,		0.30,		0.58,
235,		0.00,		0.30,		0.58,
236,		0.00,		0.29,		0.58,
237,		0.00,		0.29,		0.58,
238,		0.00,		0.29,		0.57,
239,		0.00,		0.29,		0.57,
240,		0.00,		0.29,		0.57,
241,		0.00,		0.28,		0.56,
242,		0.00,		0.28,		0.56,
243,		0.00,		0.28,		0.56,
244,		0.00,		0.28,		0.56,
245,		0.00,		0.28,		0.56,
246,		0.00,		0.28,		0.55,
247,		0.00,		0.28,		0.55,
248,		0.00,		0.28,		0.55,
249,		0.00,		0.27,		0.54,
250,		0.00,		0.27,		0.54,
251,		0.00,		0.27,		0.54,
252,		0.00,		0.27,		0.54,
253,		0.00,		0.27,		0.54,
254,		0.00,		0.27,		0.53,
255,		0.00,		0.26,		0.53,
256,		0.00,		0.26,		0.53,
257,		0.00,		0.26,		0.53,
258,		0.00,		0.26,		0.53,
259,		0.00,		0.26,		0.53,
260,		0.00,		0.26,		0.52,
261,		0.00,		0.26,		0.52,
262,		0.00,		0.26,		0.52,
263,		0.00,		0.26,		0.52,
264,		0.00,		0.25,		0.51,
265,		0.00,		0.25,		0.51,
266,		0.00,		0.25,		0.50,
267,		0.00,		0.25,		0.50,
268,		0.00,		0.25,		0.50,
269,		0.00,		0.25,		0.50,
270,		0.00,		0.25,		0.49,
271,		0.00,		0.25,		0.49,
272,		0.00,		0.24,		0.49,
273,		0.00,		0.24,		0.49,
274,		0.00,		0.24,		0.48,
275,		0.00,		0.24,		0.48,
276,		0.00,		0.24,		0.48,
277,		0.00,		0.24,		0.48,
278,		0.00,		0.24,		0.48,
279,		0.00,		0.24,		0.47,
280,		0.00,		0.23,		0.47,
281,		0.00,		0.23,		0.46,
282,		0.00,		0.23,		0.46,
283,		0.00,		0.23,		0.46,
284,		0.00,		0.23,		0.46,
285,		0.00,		0.23,		0.46,
286,		0.00,		0.23,		0.46,
287,		0.00,		0.23,		0.45,
288,		0.00,		0.23,		0.45,
289,		0.00,		0.23,		0.45,
290,		0.00,		0.23,		0.45,
291,		0.00,		0.22,		0.45,
292,		0.00,		0.22,		0.45,
293,		0.00,		0.22,		0.45,
294,		0.00,		0.22,		0.45,
295,		0.00,		0.22,		0.44,
296,		0.00,		0.22,		0.44,
297,		0.00,		0.22,		0.43,
298,		0.00,		0.21,		0.43,
299,		0.00,		0.21,		0.43,
300,		0.00,		0.21,		0.43,
301,		0.00,		0.21,		0.43,
302,		0.00,		0.21,		0.42,
303,		0.00,		0.21,		0.42,
304,		0.00,		0.21,		0.42,
305,		0.00,		0.21,		0.42,
306,		0.00,		0.21,		0.42,
307,		0.00,		0.21,		0.42,
308,		0.00,		0.21,		0.41,
309,		0.00,		0.21,		0.41,
310,		0.00,		0.20,		0.41,
311,		0.00,		0.20,		0.41,
312,		0.00,		0.20,		0.41,
313,		0.00,		0.20,		0.41,
314,		0.00,		0.20,		0.41,
315,		0.00,		0.20,		0.40,
316,		0.00,		0.20,		0.40,
317,		0.00,		0.20,		0.40,
318,		0.00,		0.20,		0.40,
319,		0.00,		0.20,		0.39,
320,		0.00,		0.20,		0.39,
321,		0.00,		0.20,		0.39,
322,		0.00,		0.19,		0.39,
323,		0.00,		0.19,		0.39,
324,		0.00,		0.19,		0.39,
325,		0.00,		0.19,		0.39,
326,		0.00,		0.19,		0.38,
327,		0.00,		0.19,		0.38,
328,		0.00,		0.19,		0.38,
329,		0.00,		0.19,		0.37,
330,		0.00,		0.19,		0.37,
331,		0.00,		0.19,		0.37,
332,		0.00,		0.19,		0.37,
333,		0.00,		0.19,		0.37,
334,		0.00,		0.19,		0.37,
335,		0.00,		0.19,		0.37,
336,		0.00,		0.19,		0.37,
337,		0.00,		0.19,		0.37,
338,		0.00,		0.19,		0.37,
339,		0.00,		0.18,		0.36,
340,		0.00,		0.18,		0.36,
341,		0.00,		0.18,		0.36,
342,		0.00,		0.18,		0.36,
343,		0.00,		0.18,		0.36,
344,		0.00,		0.18,		0.35,
345,		0.00,		0.18,		0.35,
346,		0.00,		0.18,		0.35,
347,		0.00,		0.18,		0.35,
348,		0.00,		0.18,		0.35,
349,		0.00,		0.18,		0.35,
350,		0.00,		0.18,		0.34,
351,		0.00,		0.18,		0.34,
352,		0.00,		0.18,		0.34,
353,		0.00,		0.17,		0.34,
354,		0.00,		0.17,		0.34,
355,		0.00,		0.17,		0.33,
356,		0.00,		0.17,		0.33,
357,		0.00,		0.17,		0.33,
358,		0.00,		0.17,		0.33,
359,		0.00,		0.17,		0.33,
360,		0.00,		0.17,		0.33,
361,		0.00,		0.17,		0.33,
362,		0.00,		0.17,		0.33,
363,		0.00,		0.17,		0.33,
364,		0.00,		0.17,		0.33,
365,		0.00,		0.17,		0.33,
366,		0.00,		0.16,		0.33,
367,		0.00,		0.16,		0.32,
368,		0.00,		0.16,		0.32,
369,		0.00,		0.16,		0.32,
370,		0.00,		0.16,		0.32,
371,		0.00,		0.16,		0.31,
372,		0.00,		0.16,		0.31,
373,		0.00,		0.16,		0.31,
374,		0.00,		0.16,		0.31,
375,		0.00,		0.16,		0.31,
376,		0.00,		0.15,		0.31,
377,		0.00,		0.15,		0.31,
378,		0.00,		0.15,		0.31,
379,		0.00,		0.15,		0.30,
380,		0.00,		0.15,		0.30,
381,		0.00,		0.15,		0.30,
382,		0.00,		0.15,		0.30,
383,		0.00,		0.15,		0.30,
384,		0.00,		0.15,		0.30,
385,		0.00,		0.15,		0.29,
386,		0.00,		0.15,		0.29,
387,		0.00,		0.15,		0.29,
388,		0.00,		0.15,		0.29,
389,		0.00,		0.14,		0.29,
390,		0.00,		0.14,		0.29,
391,		0.00,		0.14,		0.29,
392,		0.00,		0.14,		0.29,
393,		0.00,		0.14,		0.29,
394,		0.00,		0.14,		0.29,
395,		0.00,		0.14,		0.29,
396,		0.00,		0.14,		0.28,
397,		0.00,		0.14,		0.28,
398,		0.00,		0.14,		0.28,
399,		0.00,		0.14,		0.28,
400,		0.00,		0.14,		0.28,
401,		0.00,		0.14,		0.28,
402,		0.00,		0.14,		0.27,
403,		0.00,		0.14,		0.27,
404,		0.00,		0.14,		0.27,
405,		0.00,		0.14,		0.27,
406,		0.00,		0.14,		0.27,
407,		0.00,		0.14,		0.27,
408,		0.00,		0.14,		0.27,
409,		0.00,		0.13,		0.27,
410,		0.00,		0.13,		0.27,
411,		0.00,		0.13,		0.26,
412,		0.00,		0.13,		0.26,
413,		0.00,		0.13,		0.26,
414,		0.00,		0.13,		0.26,
415,		0.00,		0.13,		0.26,
416,		0.00,		0.13,		0.26,
417,		0.00,		0.13,		0.26,
418,		0.00,		0.13,		0.26,
419,		0.00,		0.13,		0.26,
420,		0.00,		0.13,		0.26,
421,		0.00,		0.13,		0.25,
422,		0.00,		0.13,		0.25,
423,		0.00,		0.13,		0.25,
424,		0.00,		0.13,		0.25,
425,		0.00,		0.13,		0.25,
426,		0.00,		0.13,		0.25,
427,		0.00,		0.13,		0.25,
428,		0.00,		0.13,		0.25,
429,		0.00,		0.13,		0.25,
430,		0.00,		0.13,		0.25,
431,		0.00,		0.13,		0.25,
432,		0.00,		0.13,		0.25,
433,		0.00,		0.13,		0.25,
434,		0.00,		0.12,		0.25,
435,		0.00,		0.12,		0.25,
436,		0.00,		0.12,		0.25,
437,		0.00,		0.12,		0.25,
438,		0.00,		0.12,		0.25,
439,		0.00,		0.12,		0.25,
440,		0.00,		0.12,		0.25,
441,		0.00,		0.12,		0.25,
442,		0.00,		0.12,		0.25,
443,		0.00,		0.12,		0.24,
444,		0.00,		0.12,		0.24,
445,		0.00,		0.12,		0.24,
446,		0.00,		0.12,		0.24,
447,		0.00,		0.12,		0.24,
448,		0.00,		0.12,		0.24,
449,		0.00,		0.12,		0.24,
450,		0.00,		0.12,		0.24,
451,		0.00,		0.12,		0.23,
452,		0.00,		0.12,		0.23,
453,		0.00,		0.12,		0.23,
454,		0.00,		0.12,		0.23,
455,		0.00,		0.11,		0.23,
456,		0.00,		0.11,		0.23,
457,		0.00,		0.11,		0.23,
458,		0.00,		0.11,		0.23,
459,		0.00,		0.11,		0.23,
460,		0.00,		0.11,		0.23,
461,		0.00,		0.11,		0.23,
462,		0.00,		0.11,		0.23,
463,		0.00,		0.11,		0.23,
464,		0.00,		0.11,		0.23,
465,		0.00,		0.11,		0.23,
466,		0.00,		0.11,		0.22,
467,		0.00,		0.11,		0.22,
468,		0.00,		0.11,		0.22,
469,		0.00,		0.11,		0.22,
470,		0.00,		0.11,		0.22,
471,		0.00,		0.11,		0.22,
472,		0.00,		0.11,		0.22,
473,		0.00,		0.11,		0.22,
474,		0.00,		0.11,		0.22,
475,		0.00,		0.11,		0.22,
476,		0.00,		0.11,		0.22,
477,		0.00,		0.11,		0.22,
478,		0.00,		0.11,		0.22,
479,		0.00,		0.11,		0.22,
480,		0.00,		0.11,		0.22,
481,		0.00,		0.11,		0.22,
482,		0.00,		0.11,		0.22,
483,		0.00,		0.11,		0.22,
484,		0.00,		0.11,		0.21,
485,		0.00,		0.11,		0.21,
486,		0.00,		0.11,		0.21,
487,		0.00,		0.11,		0.21,
488,		0.00,		0.11,		0.21,
489,		0.00,		0.11,		0.21,
490,		0.00,		0.10,		0.21,
491,		0.00,		0.10,		0.21,
492,		0.00,		0.10,		0.21,
493,		0.00,		0.10,		0.21,
494,		0.00,		0.10,		0.21,
495,		0.00,		0.10,		0.21,
496,		0.00,		0.10,		0.21,
497,		0.00,		0.10,		0.21,
498,		0.00,		0.10,		0.21,
499,		0.00,		0.10,		0.21,
500,		0.00,		0.10,		0.21,
501,		0.00,		0.10,		0.21,
502,		0.00,		0.10,		0.21,
503,		0.00,		0.10,		0.21,
504,		0.00,		0.10,		0.21,
505,		0.00,		0.10,		0.20,
506,		0.00,		0.10,		0.20,
507,		0.00,		0.10,		0.20,
508,		0.00,		0.10,		0.20,
509,		0.00,		0.10,		0.20,
510,		0.00,		0.10,		0.20,
511,		0.00,		0.10,		0.20,
512,		0.00,		0.10,		0.20,
513,		0.00,		0.10,		0.20,
514,		0.00,		0.10,		0.20,
515,		0.00,		0.10,		0.20,
516,		0.00,		0.10,		0.20,
517,		0.00,		0.10,		0.20,
518,		0.00,		0.10,		0.20,
519,		0.00,		0.10,		0.20,
520,		0.00,		0.10,		0.19,
521,		0.00,		0.10,		0.19,
522,		0.00,		0.10,		0.19,
523,		0.00,		0.10,		0.19,
524,		0.00,		0.10,		0.19,
525,		0.00,		0.09,		0.19,
526,		0.00,		0.09,		0.19,
527,		0.00,		0.09,		0.19,
528,		0.00,		0.09,		0.19,
529,		0.00,		0.09,		0.19,
530,		0.00,		0.09,		0.19,
531,		0.00,		0.09,		0.19,
532,		0.00,		0.09,		0.19,
533,		0.00,		0.09,		0.19,
534,		0.00,		0.09,		0.19,
535,		0.00,		0.09,		0.19,
536,		0.00,		0.09,		0.19,
537,		0.00,		0.09,		0.19,
538,		0.00,		0.09,		0.18,
539,		0.00,		0.09,		0.18,
540,		0.00,		0.09,		0.18,
541,		0.00,		0.09,		0.18,
542,		0.00,		0.09,		0.18,
543,		0.00,		0.09,		0.18,
544,		0.00,		0.09,		0.18,
545,		0.00,		0.09,		0.18,
546,		0.00,		0.09,		0.18,
547,		0.00,		0.09,		0.18,
548,		0.00,		0.09,		0.18,
549,		0.00,		0.09,		0.18,
550,		0.00,		0.09,		0.18,
551,		0.00,		0.09,		0.18,
552,		0.00,		0.09,		0.18,
553,		0.00,		0.09,		0.18,
554,		0.00,		0.09,		0.18,
555,		0.00,		0.09,		0.18,
556,		0.00,		0.09,		0.18,
557,		0.00,		0.09,		0.18,
558,		0.00,		0.09,		0.18,
559,		0.00,		0.09,		0.17,
560,		0.00,		0.09,		0.17,
561,		0.00,		0.09,		0.17,
562,		0.00,		0.09,		0.17,
563,		0.00,		0.09,		0.17,
564,		0.00,		0.09,		0.17,
565,		0.00,		0.09,		0.17,
566,		0.00,		0.09,		0.17,
567,		0.00,		0.09,		0.17,
568,		0.00,		0.09,		0.17,
569,		0.00,		0.09,		0.17,
570,		0.00,		0.09,		0.17,
571,		0.00,		0.09,		0.17,
572,		0.00,		0.09,		0.17,
573,		0.00,		0.08,		0.17,
574,		0.00,		0.08,		0.17,
575,		0.00,		0.08,		0.17,
576,		0.00,		0.08,		0.17,
577,		0.00,		0.08,		0.17,
578,		0.00,		0.08,		0.17,
579,		0.00,		0.08,		0.17,
580,		0.00,		0.08,		0.17,
581,		0.00,		0.08,		0.17,
582,		0.00,		0.08,		0.17,
583,		0.00,		0.08,		0.17,
584,		0.00,		0.08,		0.17,
585,		0.00,		0.08,		0.17,
586,		0.00,		0.08,		0.16,
587,		0.00,		0.08,		0.16,
588,		0.00,		0.08,		0.16,
589,		0.00,		0.08,		0.16,
590,		0.00,		0.08,		0.16,
591,		0.00,		0.08,		0.16,
592,		0.00,		0.08,		0.16,
593,		0.00,		0.08,		0.16,
594,		0.00,		0.08,		0.16,
595,		0.00,		0.08,		0.16,
596,		0.00,		0.08,		0.16,
597,		0.00,		0.08,		0.16,
598,		0.00,		0.08,		0.16,
599,		0.00,		0.08,		0.16,
600,		0.00,		0.08,		0.16,
601,		0.00,		0.08,		0.16,
602,		0.00,		0.08,		0.16,
603,		0.00,		0.08,		0.16,
604,		0.00,		0.08,		0.16,
605,		0.00,		0.08,		0.16,
606,		0.00,		0.08,		0.16,
607,		0.00,		0.08,		0.16,
608,		0.00,		0.08,		0.16,
609,		0.00,		0.08,		0.15,
610,		0.00,		0.08,		0.15,
611,		0.00,		0.08,		0.15,
612,		0.00,		0.08,		0.15,
613,		0.00,		0.08,		0.15,
614,		0.00,		0.08,		0.15,
615,		0.00,		0.08,		0.15,
616,		0.00,		0.08,		0.15,
617,		0.00,		0.08,		0.15,
618,		0.00,		0.08,		0.15,
619,		0.00,		0.08,		0.15,
620,		0.00,		0.08,		0.15,
621,		0.00,		0.08,		0.15,
622,		0.00,		0.08,		0.15,
623,		0.00,		0.08,		0.15,
624,		0.00,		0.08,		0.15,
625,		0.00,		0.08,		0.15,
626,		0.00,		0.08,		0.15,
627,		0.00,		0.07,		0.15,
628,		0.00,		0.07,		0.15,
629,		0.00,		0.07,		0.14,
630,		0.00,		0.07,		0.14,
631,		0.00,		0.07,		0.14,
632,		0.00,		0.07,		0.14,
633,		0.00,		0.07,		0.14,
634,		0.00,		0.07,		0.14,
635,		0.00,		0.07,		0.14,
636,		0.00,		0.07,		0.14,
637,		0.00,		0.07,		0.14,
638,		0.00,		0.07,		0.14,
639,		0.00,		0.07,		0.14,
640,		0.00,		0.07,		0.14,
641,		0.00,		0.07,		0.14,
642,		0.00,		0.07,		0.14,
643,		0.00,		0.07,		0.14,
644,		0.00,		0.07,		0.14,
645,		0.00,		0.07,		0.14,
646,		0.00,		0.07,		0.14,
647,		0.00,		0.07,		0.14,
648,		0.00,		0.07,		0.14,
649,		0.00,		0.07,		0.14,
650,		0.00,		0.07,		0.14,
651,		0.00,		0.07,		0.14,
652,		0.00,		0.07,		0.14,
653,		0.00,		0.07,		0.14,
654,		0.00,		0.07,		0.14,
655,		0.00,		0.07,		0.14,
656,		0.00,		0.07,		0.14,
657,		0.00,		0.07,		0.14,
658,		0.00,		0.07,		0.14,
659,		0.00,		0.07,		0.14,
660,		0.00,		0.07,		0.14,
661,		0.00,		0.07,		0.14,
662,		0.00,		0.07,		0.14,
663,		0.00,		0.07,		0.14,
664,		0.00,		0.07,		0.14,
665,		0.00,		0.07,		0.14,
666,		0.00,		0.07,		0.14,
667,		0.00,		0.07,		0.14,
668,		0.00,		0.07,		0.14,
669,		0.00,		0.07,		0.14,
670,		0.00,		0.07,		0.14,
671,		0.00,		0.07,		0.14,
672,		0.00,		0.07,		0.14,
673,		0.00,		0.07,		0.14,
674,		0.00,		0.07,		0.14,
675,		0.00,		0.07,		0.14,
676,		0.00,		0.07,		0.14,
677,		0.00,		0.07,		0.14,
678,		0.00,		0.07,		0.14,
679,		0.00,		0.07,		0.13,
680,		0.00,		0.07,		0.13,
681,		0.00,		0.07,		0.13,
682,		0.00,		0.07,		0.13,
683,		0.00,		0.07,		0.13,
684,		0.00,		0.07,		0.13,
685,		0.00,		0.07,		0.13,
686,		0.00,		0.07,		0.13,
687,		0.00,		0.07,		0.13,
688,		0.00,		0.07,		0.13,
689,		0.00,		0.07,		0.13,
690,		0.00,		0.07,		0.13,
691,		0.00,		0.07,		0.13,
692,		0.00,		0.07,		0.13,
693,		0.00,		0.07,		0.13,
694,		0.00,		0.07,		0.13,
695,		0.00,		0.07,		0.13,
696,		0.00,		0.07,		0.13,
697,		0.00,		0.07,		0.13,
698,		0.00,		0.07,		0.13,
699,		0.00,		0.07,		0.13,
700,		0.00,		0.07,		0.13,
701,		0.00,		0.07,		0.13,
702,		0.00,		0.07,		0.13,
703,		0.00,		0.07,		0.13,
704,		0.00,		0.07,		0.13,
705,		0.00,		0.07,		0.13,
706,		0.00,		0.07,		0.13,
707,		0.00,		0.07,		0.13,
708,		0.00,		0.07,		0.13,
709,		0.00,		0.07,		0.13,
710,		0.00,		0.07,		0.13,
711,		0.00,		0.07,		0.13,
712,		0.00,		0.07,		0.13,
713,		0.00,		0.07,		0.13,
714,		0.00,		0.07,		0.13,
715,		0.00,		0.07,		0.13,
716,		0.00,		0.07,		0.13,
717,		0.00,		0.07,		0.13,
718,		0.00,		0.07,		0.13,
719,		0.00,		0.06,		0.13,
720,		0.00,		0.06,		0.13,
721,		0.00,		0.06,		0.13,
722,		0.00,		0.06,		0.13,
723,		0.00,		0.06,		0.13,
724,		0.00,		0.06,		0.13,
725,		0.00,		0.06,		0.13,
726,		0.00,		0.06,		0.13,
727,		0.00,		0.06,		0.13,
728,		0.00,		0.06,		0.13,
729,		0.00,		0.06,		0.13,
730,		0.00,		0.06,		0.13,
731,		0.00,		0.06,		0.13,
732,		0.00,		0.06,		0.13,
733,		0.00,		0.06,		0.13,
734,		0.00,		0.06,		0.13,
735,		0.00,		0.06,		0.13,
736,		0.00,		0.06,		0.13,
737,		0.00,		0.06,		0.13,
738,		0.00,		0.06,		0.13,
739,		0.00,		0.06,		0.13,
740,		0.00,		0.06,		0.13,
741,		0.00,		0.06,		0.13,
742,		0.00,		0.06,		0.13,
743,		0.00,		0.06,		0.13,
744,		0.00,		0.06,		0.13,
745,		0.00,		0.06,		0.13,
746,		0.00,		0.06,		0.13,
747,		0.00,		0.06,		0.12,
748,		0.00,		0.06,		0.12,
749,		0.00,		0.06,		0.12,
750,		0.00,		0.06,		0.12,
751,		0.00,		0.06,		0.12,
752,		0.00,		0.06,		0.12,
753,		0.00,		0.06,		0.12,
754,		0.00,		0.06,		0.12,
755,		0.00,		0.06,		0.12,
756,		0.00,		0.06,		0.12,
757,		0.00,		0.06,		0.12,
758,		0.00,		0.06,		0.12,
759,		0.00,		0.06,		0.12,
760,		0.00,		0.06,		0.12,
761,		0.00,		0.06,		0.12,
762,		0.00,		0.06,		0.12,
763,		0.00,		0.06,		0.12,
764,		0.00,		0.06,		0.12,
765,		0.00,		0.06,		0.12,
766,		0.00,		0.06,		0.12,
767,		0.00,		0.06,		0.12,
768,		0.00,		0.06,		0.12,
769,		0.00,		0.06,		0.12,
770,		0.00,		0.06,		0.12,
771,		0.00,		0.06,		0.12,
772,		0.00,		0.06,		0.12,
773,		0.00,		0.06,		0.12,
774,		0.00,		0.06,		0.12,
775,		0.00,		0.06,		0.12,
776,		0.00,		0.06,		0.12,
777,		0.00,		0.06,		0.12,
778,		0.00,		0.06,		0.12,
779,		0.00,		0.06,		0.12,
780,		0.00,		0.06,		0.12,
781,		0.00,		0.06,		0.12,
782,		0.00,		0.06,		0.12,
783,		0.00,		0.06,		0.12,
784,		0.00,		0.06,		0.12,
785,		0.00,		0.06,		0.12,
786,		0.00,		0.06,		0.12,
787,		0.00,		0.06,		0.12,
788,		0.00,		0.06,		0.12,
789,		0.00,		0.06,		0.12,
790,		0.00,		0.06,		0.12,
791,		0.00,		0.06,		0.12,
792,		0.00,		0.06,		0.12,
793,		0.00,		0.06,		0.12,
794,		0.00,		0.06,		0.12,
795,		0.00,		0.06,		0.12,
796,		0.00,		0.06,		0.11,
797,		0.00,		0.06,		0.11,
798,		0.00,		0.06,		0.11,
799,		0.00,		0.06,		0.11,
800,		0.00,		0.06,		0.11,
801,		0.00,		0.06,		0.11,
802,		0.00,		0.06,		0.11,
803,		0.00,		0.06,		0.11,
804,		0.00,		0.06,		0.11,
805,		0.00,		0.05,		0.11,
806,		0.00,		0.05,		0.11,
807,		0.00,		0.05,		0.11,
808,		0.00,		0.05,		0.11,
809,		0.00,		0.05,		0.11,
810,		0.00,		0.05,		0.11,
811,		0.00,		0.05,		0.11,
812,		0.00,		0.05,		0.11,
813,		0.00,		0.05,		0.11,
814,		0.00,		0.05,		0.11,
815,		0.00,		0.05,		0.11,
816,		0.00,		0.05,		0.11,
817,		0.00,		0.05,		0.11,
818,		0.00,		0.05,		0.11,
819,		0.00,		0.05,		0.11,
820,		0.00,		0.05,		0.11,
821,		0.00,		0.05,		0.11,
822,		0.00,		0.05,		0.11,
823,		0.00,		0.05,		0.11,
824,		0.00,		0.05,		0.11,
825,		0.00,		0.05,		0.11,
826,		0.00,		0.05,		0.11,
827,		0.00,		0.05,		0.11,
828,		0.00,		0.05,		0.11,
829,		0.00,		0.05,		0.11,
830,		0.00,		0.05,		0.11,
831,		0.00,		0.05,		0.11,
832,		0.00,		0.05,		0.11,
833,		0.00,		0.05,		0.11,
834,		0.00,		0.05,		0.11,
835,		0.00,		0.05,		0.11,
836,		0.00,		0.05,		0.11,
837,		0.00,		0.05,		0.11,
838,		0.00,		0.05,		0.11,
839,		0.00,		0.05,		0.11,
840,		0.00,		0.05,		0.11,
841,		0.00,		0.05,		0.11,
842,		0.00,		0.05,		0.11,
843,		0.00,		0.05,		0.11,
844,		0.00,		0.05,		0.11,
845,		0.00,		0.05,		0.11,
846,		0.00,		0.05,		0.11,
847,		0.00,		0.05,		0.11,
848,		0.00,		0.05,		0.11,
849,		0.00,		0.05,		0.11,
850,		0.00,		0.05,		0.11,
851,		0.00,		0.05,		0.10,
852,		0.00,		0.05,		0.10,
853,		0.00,		0.05,		0.10,
854,		0.00,		0.05,		0.10,
855,		0.00,		0.05,		0.10,
856,		0.00,		0.05,		0.10,
857,		0.00,		0.05,		0.10,
858,		0.00,		0.05,		0.10,
859,		0.00,		0.05,		0.10,
860,		0.00,		0.05,		0.10,
861,		0.00,		0.05,		0.10,
862,		0.00,		0.05,		0.10,
863,		0.00,		0.05,		0.10,
864,		0.00,		0.05,		0.10,
865,		0.00,		0.05,		0.10,
866,		0.00,		0.05,		0.10,
867,		0.00,		0.05,		0.10,
868,		0.00,		0.05,		0.10,
869,		0.00,		0.05,		0.10,
870,		0.00,		0.05,		0.10,
871,		0.00,		0.05,		0.10,
872,		0.00,		0.05,		0.10,
873,		0.00,		0.05,		0.10,
874,		0.00,		0.05,		0.10,
875,		0.00,		0.05,		0.10,
876,		0.00,		0.05,		0.10,
877,		0.00,		0.05,		0.10,
878,		0.00,		0.05,		0.10,
879,		0.00,		0.05,		0.10,
880,		0.00,		0.05,		0.10,
881,		0.00,		0.05,		0.10,
882,		0.00,		0.05,		0.10,
883,		0.00,		0.05,		0.10,
884,		0.00,		0.05,		0.10,
885,		0.00,		0.05,		0.10,
886,		0.00,		0.05,		0.10,
887,		0.00,		0.05,		0.10,
888,		0.00,		0.05,		0.10,
889,		0.00,		0.05,		0.10,
890,		0.00,		0.05,		0.10,
891,		0.00,		0.05,		0.10,
892,		0.00,		0.05,		0.10,
893,		0.00,		0.05,		0.10,
894,		0.00,		0.05,		0.10,
895,		0.00,		0.05,		0.10,
896,		0.00,		0.05,		0.10,
897,		0.00,		0.05,		0.10,
898,		0.00,		0.05,		0.10,
899,		0.00,		0.05,		0.10,
900,		0.00,		0.05,		0.10,
901,		0.00,		0.05,		0.10,
902,		0.00,		0.05,		0.10,
903,		0.00,		0.05,		0.10,
904,		0.00,		0.05,		0.10,
905,		0.00,		0.05,		0.10,
906,		0.00,		0.05,		0.10,
907,		0.00,		0.05,		0.10,
908,		0.00,		0.05,		0.10,
909,		0.00,		0.05,		0.10,
910,		0.00,		0.05,		0.10,
911,		0.00,		0.05,		0.10,
912,		0.00,		0.05,		0.10,
913,		0.00,		0.05,		0.10,
914,		0.00,		0.05,		0.10,
915,		0.00,		0.05,		0.10,
916,		0.00,		0.05,		0.10,
917,		0.00,		0.05,		0.10,
918,		0.00,		0.05,		0.10,
919,		0.00,		0.05,		0.10,
920,		0.00,		0.05,		0.10,
921,		0.00,		0.05,		0.10,
922,		0.00,		0.05,		0.10,
923,		0.00,		0.05,		0.10,
924,		0.00,		0.05,		0.10,
925,		0.00,		0.05,		0.10,
926,		0.00,		0.05,		0.10,
927,		0.00,		0.05,		0.10,
928,		0.00,		0.05,		0.10,
929,		0.00,		0.05,		0.10,
930,		0.00,		0.05,		0.10,
931,		0.00,		0.05,		0.10,
932,		0.00,		0.05,		0.10,
933,		0.00,		0.05,		0.10,
934,		0.00,		0.05,		0.10,
935,		0.00,		0.05,		0.10,
936,		0.00,		0.05,		0.09,
937,		0.00,		0.05,		0.09,
938,		0.00,		0.04,		0.09,
939,		0.00,		0.04,		0.09,
940,		0.00,		0.04,		0.09,
941,		0.00,		0.04,		0.09,
942,		0.00,		0.04,		0.09,
943,		0.00,		0.04,		0.09,
944,		0.00,		0.04,		0.09,
945,		0.00,		0.04,		0.09,
946,		0.00,		0.04,		0.09,
947,		0.00,		0.04,		0.09,
948,		0.00,		0.04,		0.09,
949,		0.00,		0.04,		0.09,
950,		0.00,		0.04,		0.09,
951,		0.00,		0.04,		0.09,
952,		0.00,		0.04,		0.09,
953,		0.00,		0.04,		0.09,
954,		0.00,		0.04,		0.09,
955,		0.00,		0.04,		0.09,
956,		0.00,		0.04,		0.09,
957,		0.00,		0.04,		0.09,
958,		0.00,		0.04,		0.09,
959,		0.00,		0.04,		0.09,
960,		0.00,		0.04,		0.09,
961,		0.00,		0.04,		0.09,
962,		0.00,		0.04,		0.09,
963,		0.00,		0.04,		0.09,
964,		0.00,		0.04,		0.09,
965,		0.00,		0.04,		0.09,
966,		0.00,		0.04,		0.09,
967,		0.00,		0.04,		0.09,
968,		0.00,		0.04,		0.09,
969,		0.00,		0.04,		0.09,
970,		0.00,		0.04,		0.09,
971,		0.00,		0.04,		0.09,
972,		0.00,		0.04,		0.09,
973,		0.00,		0.04,		0.09,
974,		0.00,		0.04,		0.09,
975,		0.00,		0.04,		0.09,
976,		0.00,		0.04,		0.09,
977,		0.00,		0.04,		0.09,
978,		0.00,		0.04,		0.09,
979,		0.00,		0.04,		0.09,
980,		0.00,		0.04,		0.09,
981,		0.00,		0.04,		0.09,
982,		0.00,		0.04,		0.09,
983,		0.00,		0.04,		0.09,
984,		0.00,		0.04,		0.09,
985,		0.00,		0.04,		0.09,
986,		0.00,		0.04,		0.09,
987,		0.00,		0.04,		0.09,
988,		0.00,		0.04,		0.09,
989,		0.00,		0.04,		0.09,
990,		0.00,		0.04,		0.09,
991,		0.00,		0.04,		0.09,
992,		0.00,		0.04,		0.09,
993,		0.00,		0.04,		0.09,
994,		0.00,		0.04,		0.09,
995,		0.00,		0.04,		0.09,
996,		0.00,		0.04,		0.09,
997,		0.00,		0.04,		0.09,
998,		0.00,		0.04,		0.09,
999,		0.00,		0.04,		0.09,
