GEN,	MIN,			AVE,			MAX,
  0,		79.63,		252.05,		507.85
  1,		77.07,		198.32,		248.22
  2,		49.41,		132.95,		186.50
  3,		35.30,		84.68,		119.94
  4,		25.81,		54.09,		73.96
  5,		19.00,		38.66,		49.65
  6,		15.00,		30.33,		37.06
  7,		13.02,		25.29,		30.44
  8,		11.24,		21.30,		25.17
  9,		9.93,		18.67,		21.99
 10,		8.75,		16.83,		19.56
 11,		7.75,		15.55,		18.02
 12,		7.26,		14.42,		16.82
 13,		7.09,		13.57,		15.78
 14,		6.46,		12.77,		14.85
 15,		5.77,		12.07,		14.11
 16,		4.73,		11.51,		13.45
 17,		4.29,		10.90,		12.84
 18,		3.86,		10.24,		12.22
 19,		3.80,		9.73,		11.63
 20,		3.57,		9.24,		11.09
 21,		3.32,		8.77,		10.61
 22,		2.69,		8.36,		10.14
 23,		2.46,		7.89,		9.67
 24,		1.26,		7.53,		9.28
 25,		1.17,		7.27,		8.97
 26,		1.08,		6.99,		8.67
 27,		0.94,		6.78,		8.40
 28,		0.93,		6.57,		8.16
 29,		0.92,		6.41,		7.98
 30,		0.92,		6.25,		7.79
 31,		0.91,		6.10,		7.62
 32,		0.91,		5.96,		7.46
 33,		0.89,		5.82,		7.29
 34,		0.77,		5.63,		7.10
 35,		0.77,		5.48,		6.94
 36,		0.75,		5.37,		6.80
 37,		0.71,		5.22,		6.64
 38,		0.71,		5.11,		6.50
 39,		0.71,		5.00,		6.37
 40,		0.71,		4.94,		6.27
 41,		0.71,		4.85,		6.16
 42,		0.69,		4.77,		6.06
 43,		0.69,		4.68,		5.96
 44,		0.68,		4.59,		5.87
 45,		0.55,		4.48,		5.75
 46,		0.54,		4.38,		5.64
 47,		0.53,		4.27,		5.54
 48,		0.52,		4.18,		5.43
 49,		0.52,		4.11,		5.34
 50,		0.52,		4.06,		5.28
 51,		0.51,		3.97,		5.19
 52,		0.51,		3.89,		5.09
 53,		0.51,		3.82,		5.00
 54,		0.51,		3.75,		4.92
 55,		0.50,		3.68,		4.84
 56,		0.37,		3.61,		4.75
 57,		0.37,		3.54,		4.68
 58,		0.36,		3.49,		4.61
 59,		0.36,		3.42,		4.53
 60,		0.36,		3.36,		4.47
 61,		0.35,		3.30,		4.40
 62,		0.32,		3.25,		4.33
 63,		0.30,		3.19,		4.27
 64,		0.30,		3.13,		4.21
 65,		0.30,		3.08,		4.15
 66,		0.19,		3.03,		4.09
 67,		0.19,		2.97,		4.02
 68,		0.19,		2.92,		3.96
 69,		0.18,		2.88,		3.91
 70,		0.18,		2.84,		3.86
 71,		0.18,		2.79,		3.81
 72,		0.18,		2.75,		3.75
 73,		0.18,		2.71,		3.70
 74,		0.17,		2.66,		3.64
 75,		0.17,		2.61,		3.58
 76,		0.17,		2.57,		3.54
 77,		0.17,		2.53,		3.49
 78,		0.17,		2.50,		3.45
 79,		0.17,		2.47,		3.41
 80,		0.14,		2.43,		3.35
 81,		0.11,		2.38,		3.31
 82,		0.11,		2.33,		3.26
 83,		0.11,		2.31,		3.23
 84,		0.11,		2.26,		3.18
 85,		0.07,		2.21,		3.14
 86,		0.07,		2.18,		3.10
 87,		0.07,		2.13,		3.05
 88,		0.07,		2.09,		2.99
 89,		0.07,		2.06,		2.95
 90,		0.07,		2.02,		2.90
 91,		0.07,		1.97,		2.86
 92,		0.07,		1.95,		2.83
 93,		0.07,		1.92,		2.79
 94,		0.07,		1.88,		2.75
 95,		0.07,		1.85,		2.72
 96,		0.07,		1.83,		2.68
 97,		0.07,		1.80,		2.64
 98,		0.07,		1.78,		2.61
 99,		0.07,		1.75,		2.58
100,		0.07,		1.72,		2.54
101,		0.07,		1.69,		2.51
102,		0.07,		1.67,		2.49
103,		0.07,		1.65,		2.46
104,		0.07,		1.64,		2.44
105,		0.07,		1.62,		2.42
106,		0.07,		1.59,		2.38
107,		0.07,		1.56,		2.35
108,		0.07,		1.54,		2.33
109,		0.07,		1.52,		2.29
110,		0.07,		1.50,		2.27
111,		0.07,		1.48,		2.23
112,		0.07,		1.46,		2.20
113,		0.07,		1.44,		2.18
114,		0.07,		1.42,		2.15
115,		0.07,		1.40,		2.12
116,		0.07,		1.39,		2.10
117,		0.07,		1.38,		2.08
118,		0.07,		1.37,		2.06
119,		0.06,		1.34,		2.03
120,		0.06,		1.33,		2.01
121,		0.06,		1.32,		1.99
122,		0.06,		1.30,		1.97
123,		0.06,		1.29,		1.95
124,		0.06,		1.27,		1.93
125,		0.06,		1.26,		1.91
126,		0.06,		1.25,		1.90
127,		0.06,		1.24,		1.88
128,		0.06,		1.23,		1.86
129,		0.06,		1.22,		1.84
130,		0.06,		1.21,		1.83
131,		0.06,		1.20,		1.81
132,		0.06,		1.18,		1.80
133,		0.06,		1.17,		1.78
134,		0.06,		1.16,		1.76
135,		0.06,		1.15,		1.75
136,		0.06,		1.14,		1.74
137,		0.06,		1.14,		1.73
138,		0.06,		1.13,		1.71
139,		0.06,		1.11,		1.70
140,		0.06,		1.11,		1.68
141,		0.06,		1.10,		1.67
142,		0.06,		1.09,		1.66
143,		0.06,		1.08,		1.65
144,		0.06,		1.08,		1.64
145,		0.06,		1.07,		1.62
146,		0.06,		1.06,		1.61
147,		0.06,		1.05,		1.60
148,		0.06,		1.04,		1.59
149,		0.06,		1.03,		1.58
150,		0.06,		1.03,		1.57
151,		0.06,		1.02,		1.56
152,		0.06,		1.02,		1.55
153,		0.06,		1.01,		1.54
154,		0.06,		1.00,		1.53
155,		0.05,		0.99,		1.52
156,		0.05,		0.98,		1.50
157,		0.05,		0.97,		1.49
158,		0.05,		0.97,		1.48
159,		0.05,		0.96,		1.48
160,		0.05,		0.96,		1.47
161,		0.05,		0.95,		1.45
162,		0.04,		0.94,		1.44
163,		0.04,		0.93,		1.44
164,		0.04,		0.93,		1.43
165,		0.04,		0.92,		1.42
166,		0.04,		0.92,		1.41
167,		0.04,		0.91,		1.40
168,		0.04,		0.90,		1.39
169,		0.04,		0.89,		1.38
170,		0.04,		0.89,		1.36
171,		0.04,		0.88,		1.35
172,		0.04,		0.87,		1.34
173,		0.04,		0.87,		1.34
174,		0.04,		0.86,		1.33
175,		0.04,		0.86,		1.32
176,		0.04,		0.85,		1.31
177,		0.04,		0.84,		1.30
178,		0.04,		0.84,		1.29
179,		0.04,		0.83,		1.28
180,		0.04,		0.83,		1.28
181,		0.04,		0.82,		1.27
182,		0.04,		0.82,		1.26
183,		0.04,		0.81,		1.25
184,		0.04,		0.81,		1.25
185,		0.04,		0.80,		1.24
186,		0.04,		0.80,		1.23
187,		0.04,		0.79,		1.23
188,		0.04,		0.78,		1.21
189,		0.04,		0.78,		1.21
190,		0.04,		0.77,		1.20
191,		0.04,		0.77,		1.19
192,		0.04,		0.76,		1.19
193,		0.04,		0.76,		1.18
194,		0.04,		0.75,		1.18
195,		0.04,		0.75,		1.17
196,		0.04,		0.74,		1.16
197,		0.04,		0.74,		1.15
198,		0.04,		0.73,		1.14
199,		0.04,		0.73,		1.14
200,		0.04,		0.72,		1.13
201,		0.04,		0.72,		1.12
202,		0.04,		0.72,		1.12
203,		0.04,		0.71,		1.11
204,		0.04,		0.70,		1.10
205,		0.02,		0.70,		1.09
206,		0.02,		0.69,		1.08
207,		0.02,		0.68,		1.08
208,		0.02,		0.68,		1.07
209,		0.02,		0.67,		1.06
210,		0.02,		0.66,		1.05
211,		0.02,		0.66,		1.04
212,		0.02,		0.65,		1.04
213,		0.01,		0.65,		1.03
214,		0.01,		0.64,		1.03
215,		0.00,		0.64,		1.02
216,		0.00,		0.63,		1.01
217,		0.00,		0.62,		1.00
218,		0.00,		0.61,		0.99
219,		0.00,		0.61,		0.98
220,		0.00,		0.60,		0.97
221,		0.00,		0.59,		0.97
222,		0.00,		0.59,		0.96
223,		0.00,		0.58,		0.95
224,		0.00,		0.58,		0.94
225,		0.00,		0.57,		0.94
226,		0.00,		0.57,		0.93
227,		0.00,		0.56,		0.92
228,		0.00,		0.56,		0.91
229,		0.00,		0.55,		0.91
230,		0.00,		0.55,		0.90
231,		0.00,		0.54,		0.89
232,		0.00,		0.54,		0.89
233,		0.00,		0.53,		0.88
234,		0.00,		0.53,		0.87
235,		0.00,		0.52,		0.87
236,		0.00,		0.51,		0.86
237,		0.00,		0.51,		0.85
238,		0.00,		0.51,		0.85
239,		0.00,		0.50,		0.84
240,		0.00,		0.50,		0.83
241,		0.00,		0.49,		0.83
242,		0.00,		0.49,		0.82
243,		0.00,		0.49,		0.82
244,		0.00,		0.48,		0.81
245,		0.00,		0.48,		0.81
246,		0.00,		0.47,		0.80
247,		0.00,		0.47,		0.79
248,		0.00,		0.47,		0.79
249,		0.00,		0.46,		0.78
250,		0.00,		0.46,		0.78
251,		0.00,		0.46,		0.78
252,		0.00,		0.45,		0.77
253,		0.00,		0.45,		0.76
254,		0.00,		0.45,		0.76
255,		0.00,		0.44,		0.75
256,		0.00,		0.44,		0.75
257,		0.00,		0.43,		0.74
258,		0.00,		0.43,		0.74
259,		0.00,		0.43,		0.73
260,		0.00,		0.42,		0.73
261,		0.00,		0.42,		0.72
262,		0.00,		0.42,		0.72
263,		0.00,		0.41,		0.71
264,		0.00,		0.41,		0.71
265,		0.00,		0.41,		0.70
266,		0.00,		0.40,		0.70
267,		0.00,		0.40,		0.69
268,		0.00,		0.40,		0.69
269,		0.00,		0.39,		0.68
270,		0.00,		0.39,		0.68
271,		0.00,		0.39,		0.68
272,		0.00,		0.38,		0.67
273,		0.00,		0.38,		0.67
274,		0.00,		0.38,		0.66
275,		0.00,		0.38,		0.66
276,		0.00,		0.38,		0.66
277,		0.00,		0.37,		0.65
278,		0.00,		0.37,		0.65
279,		0.00,		0.37,		0.64
280,		0.00,		0.36,		0.64
281,		0.00,		0.36,		0.64
282,		0.00,		0.36,		0.63
283,		0.00,		0.36,		0.63
284,		0.00,		0.36,		0.63
285,		0.00,		0.35,		0.62
286,		0.00,		0.35,		0.62
287,		0.00,		0.35,		0.61
288,		0.00,		0.35,		0.61
289,		0.00,		0.35,		0.61
290,		0.00,		0.34,		0.60
291,		0.00,		0.34,		0.60
292,		0.00,		0.34,		0.60
293,		0.00,		0.34,		0.60
294,		0.00,		0.33,		0.59
295,		0.00,		0.33,		0.59
296,		0.00,		0.33,		0.59
297,		0.00,		0.33,		0.58
298,		0.00,		0.32,		0.58
299,		0.00,		0.32,		0.57
300,		0.00,		0.32,		0.57
301,		0.00,		0.32,		0.57
302,		0.00,		0.32,		0.57
303,		0.00,		0.31,		0.56
304,		0.00,		0.31,		0.56
305,		0.00,		0.31,		0.55
306,		0.00,		0.31,		0.55
307,		0.00,		0.31,		0.55
308,		0.00,		0.31,		0.55
309,		0.00,		0.30,		0.54
310,		0.00,		0.30,		0.54
311,		0.00,		0.30,		0.54
312,		0.00,		0.30,		0.54
313,		0.00,		0.29,		0.53
314,		0.00,		0.29,		0.53
315,		0.00,		0.29,		0.53
316,		0.00,		0.29,		0.52
317,		0.00,		0.29,		0.52
318,		0.00,		0.28,		0.52
319,		0.00,		0.28,		0.52
320,		0.00,		0.28,		0.51
321,		0.00,		0.28,		0.51
322,		0.00,		0.28,		0.51
323,		0.00,		0.27,		0.50
324,		0.00,		0.27,		0.50
325,		0.00,		0.27,		0.50
326,		0.00,		0.27,		0.49
327,		0.00,		0.26,		0.49
328,		0.00,		0.26,		0.49
329,		0.00,		0.26,		0.48
330,		0.00,		0.26,		0.48
331,		0.00,		0.26,		0.47
332,		0.00,		0.25,		0.47
333,		0.00,		0.25,		0.47
334,		0.00,		0.25,		0.47
335,		0.00,		0.25,		0.46
336,		0.00,		0.25,		0.46
337,		0.00,		0.25,		0.46
338,		0.00,		0.24,		0.46
339,		0.00,		0.24,		0.45
340,		0.00,		0.24,		0.45
341,		0.00,		0.24,		0.44
342,		0.00,		0.24,		0.44
343,		0.00,		0.23,		0.44
344,		0.00,		0.23,		0.44
345,		0.00,		0.23,		0.43
346,		0.00,		0.23,		0.43
347,		0.00,		0.23,		0.43
348,		0.00,		0.23,		0.43
349,		0.00,		0.23,		0.43
350,		0.00,		0.23,		0.42
351,		0.00,		0.22,		0.42
352,		0.00,		0.22,		0.42
353,		0.00,		0.22,		0.41
354,		0.00,		0.22,		0.41
355,		0.00,		0.22,		0.41
356,		0.00,		0.22,		0.41
357,		0.00,		0.22,		0.40
358,		0.00,		0.21,		0.40
359,		0.00,		0.21,		0.40
360,		0.00,		0.21,		0.40
361,		0.00,		0.21,		0.40
362,		0.00,		0.21,		0.39
363,		0.00,		0.21,		0.39
364,		0.00,		0.21,		0.39
365,		0.00,		0.21,		0.39
366,		0.00,		0.21,		0.39
367,		0.00,		0.20,		0.38
368,		0.00,		0.20,		0.38
369,		0.00,		0.20,		0.38
370,		0.00,		0.20,		0.38
371,		0.00,		0.20,		0.37
372,		0.00,		0.20,		0.37
373,		0.00,		0.20,		0.37
374,		0.00,		0.20,		0.37
375,		0.00,		0.19,		0.37
376,		0.00,		0.19,		0.36
377,		0.00,		0.19,		0.36
378,		0.00,		0.19,		0.36
379,		0.00,		0.19,		0.36
380,		0.00,		0.19,		0.36
381,		0.00,		0.19,		0.36
382,		0.00,		0.19,		0.36
383,		0.00,		0.19,		0.35
384,		0.00,		0.19,		0.35
385,		0.00,		0.18,		0.35
386,		0.00,		0.18,		0.35
387,		0.00,		0.18,		0.35
388,		0.00,		0.18,		0.34
389,		0.00,		0.18,		0.34
390,		0.00,		0.18,		0.34
391,		0.00,		0.18,		0.34
392,		0.00,		0.18,		0.34
393,		0.00,		0.18,		0.33
394,		0.00,		0.18,		0.33
395,		0.00,		0.18,		0.33
396,		0.00,		0.18,		0.33
397,		0.00,		0.17,		0.33
398,		0.00,		0.17,		0.33
399,		0.00,		0.17,		0.32
400,		0.00,		0.17,		0.32
401,		0.00,		0.17,		0.32
402,		0.00,		0.17,		0.32
403,		0.00,		0.17,		0.32
404,		0.00,		0.17,		0.32
405,		0.00,		0.17,		0.32
406,		0.00,		0.17,		0.31
407,		0.00,		0.17,		0.31
408,		0.00,		0.16,		0.31
409,		0.00,		0.16,		0.31
410,		0.00,		0.16,		0.31
411,		0.00,		0.16,		0.31
412,		0.00,		0.16,		0.31
413,		0.00,		0.16,		0.30
414,		0.00,		0.16,		0.30
415,		0.00,		0.16,		0.30
416,		0.00,		0.16,		0.30
417,		0.00,		0.16,		0.30
418,		0.00,		0.16,		0.30
419,		0.00,		0.16,		0.30
420,		0.00,		0.16,		0.30
421,		0.00,		0.16,		0.29
422,		0.00,		0.15,		0.29
423,		0.00,		0.15,		0.29
424,		0.00,		0.15,		0.29
425,		0.00,		0.15,		0.29
426,		0.00,		0.15,		0.29
427,		0.00,		0.15,		0.29
428,		0.00,		0.15,		0.29
429,		0.00,		0.15,		0.29
430,		0.00,		0.15,		0.28
431,		0.00,		0.15,		0.28
432,		0.00,		0.15,		0.28
433,		0.00,		0.15,		0.28
434,		0.00,		0.15,		0.28
435,		0.00,		0.15,		0.28
436,		0.00,		0.15,		0.28
437,		0.00,		0.15,		0.28
438,		0.00,		0.15,		0.28
439,		0.00,		0.15,		0.28
440,		0.00,		0.15,		0.28
441,		0.00,		0.14,		0.27
442,		0.00,		0.14,		0.27
443,		0.00,		0.14,		0.27
444,		0.00,		0.14,		0.27
445,		0.00,		0.14,		0.27
446,		0.00,		0.14,		0.27
447,		0.00,		0.14,		0.27
448,		0.00,		0.14,		0.27
449,		0.00,		0.14,		0.27
450,		0.00,		0.14,		0.27
451,		0.00,		0.14,		0.26
452,		0.00,		0.14,		0.26
453,		0.00,		0.14,		0.26
454,		0.00,		0.14,		0.26
455,		0.00,		0.14,		0.26
456,		0.00,		0.14,		0.26
457,		0.00,		0.14,		0.26
458,		0.00,		0.14,		0.26
459,		0.00,		0.14,		0.26
460,		0.00,		0.13,		0.25
461,		0.00,		0.13,		0.25
462,		0.00,		0.13,		0.25
463,		0.00,		0.13,		0.25
464,		0.00,		0.13,		0.25
465,		0.00,		0.13,		0.25
466,		0.00,		0.13,		0.25
467,		0.00,		0.13,		0.25
468,		0.00,		0.13,		0.25
469,		0.00,		0.13,		0.25
470,		0.00,		0.13,		0.25
471,		0.00,		0.13,		0.25
472,		0.00,		0.13,		0.25
473,		0.00,		0.13,		0.24
474,		0.00,		0.13,		0.24
475,		0.00,		0.13,		0.24
476,		0.00,		0.13,		0.24
477,		0.00,		0.13,		0.24
478,		0.00,		0.13,		0.24
479,		0.00,		0.13,		0.24
480,		0.00,		0.12,		0.24
481,		0.00,		0.12,		0.24
482,		0.00,		0.12,		0.24
483,		0.00,		0.12,		0.24
484,		0.00,		0.12,		0.24
485,		0.00,		0.12,		0.24
486,		0.00,		0.12,		0.23
487,		0.00,		0.12,		0.23
488,		0.00,		0.12,		0.23
489,		0.00,		0.12,		0.23
490,		0.00,		0.12,		0.23
491,		0.00,		0.12,		0.23
492,		0.00,		0.12,		0.23
493,		0.00,		0.12,		0.23
494,		0.00,		0.12,		0.23
495,		0.00,		0.12,		0.23
496,		0.00,		0.12,		0.23
497,		0.00,		0.12,		0.23
498,		0.00,		0.12,		0.22
499,		0.00,		0.12,		0.22
500,		0.00,		0.12,		0.22
501,		0.00,		0.12,		0.22
502,		0.00,		0.12,		0.22
503,		0.00,		0.12,		0.22
504,		0.00,		0.12,		0.22
505,		0.00,		0.12,		0.22
506,		0.00,		0.12,		0.22
507,		0.00,		0.11,		0.22
508,		0.00,		0.11,		0.22
509,		0.00,		0.11,		0.22
510,		0.00,		0.11,		0.22
511,		0.00,		0.11,		0.22
512,		0.00,		0.11,		0.22
513,		0.00,		0.11,		0.21
514,		0.00,		0.11,		0.21
515,		0.00,		0.11,		0.21
516,		0.00,		0.11,		0.21
517,		0.00,		0.11,		0.21
518,		0.00,		0.11,		0.21
519,		0.00,		0.11,		0.21
520,		0.00,		0.11,		0.21
521,		0.00,		0.11,		0.21
522,		0.00,		0.11,		0.21
523,		0.00,		0.11,		0.21
524,		0.00,		0.11,		0.21
525,		0.00,		0.11,		0.21
526,		0.00,		0.11,		0.20
527,		0.00,		0.11,		0.20
528,		0.00,		0.11,		0.20
529,		0.00,		0.11,		0.20
530,		0.00,		0.10,		0.20
531,		0.00,		0.10,		0.20
532,		0.00,		0.10,		0.20
533,		0.00,		0.10,		0.20
534,		0.00,		0.10,		0.20
535,		0.00,		0.10,		0.20
536,		0.00,		0.10,		0.20
537,		0.00,		0.10,		0.20
538,		0.00,		0.10,		0.20
539,		0.00,		0.10,		0.20
540,		0.00,		0.10,		0.20
541,		0.00,		0.10,		0.20
542,		0.00,		0.10,		0.20
543,		0.00,		0.10,		0.20
544,		0.00,		0.10,		0.19
545,		0.00,		0.10,		0.19
546,		0.00,		0.10,		0.19
547,		0.00,		0.10,		0.19
548,		0.00,		0.10,		0.19
549,		0.00,		0.10,		0.19
550,		0.00,		0.10,		0.19
551,		0.00,		0.10,		0.19
552,		0.00,		0.10,		0.19
553,		0.00,		0.10,		0.19
554,		0.00,		0.10,		0.19
555,		0.00,		0.10,		0.19
556,		0.00,		0.10,		0.19
557,		0.00,		0.10,		0.19
558,		0.00,		0.10,		0.19
559,		0.00,		0.10,		0.19
560,		0.00,		0.10,		0.19
561,		0.00,		0.10,		0.19
562,		0.00,		0.10,		0.19
563,		0.00,		0.10,		0.18
564,		0.00,		0.10,		0.18
565,		0.00,		0.10,		0.18
566,		0.00,		0.09,		0.18
567,		0.00,		0.09,		0.18
568,		0.00,		0.09,		0.18
569,		0.00,		0.09,		0.18
570,		0.00,		0.09,		0.18
571,		0.00,		0.09,		0.18
572,		0.00,		0.09,		0.18
573,		0.00,		0.09,		0.18
574,		0.00,		0.09,		0.18
575,		0.00,		0.09,		0.18
576,		0.00,		0.09,		0.18
577,		0.00,		0.09,		0.18
578,		0.00,		0.09,		0.18
579,		0.00,		0.09,		0.18
580,		0.00,		0.09,		0.18
581,		0.00,		0.09,		0.18
582,		0.00,		0.09,		0.17
583,		0.00,		0.09,		0.17
584,		0.00,		0.09,		0.17
585,		0.00,		0.09,		0.17
586,		0.00,		0.09,		0.17
587,		0.00,		0.09,		0.17
588,		0.00,		0.09,		0.17
589,		0.00,		0.09,		0.17
590,		0.00,		0.09,		0.17
591,		0.00,		0.09,		0.17
592,		0.00,		0.09,		0.17
593,		0.00,		0.09,		0.17
594,		0.00,		0.09,		0.17
595,		0.00,		0.09,		0.17
596,		0.00,		0.09,		0.17
597,		0.00,		0.09,		0.17
598,		0.00,		0.09,		0.17
599,		0.00,		0.09,		0.17
600,		0.00,		0.09,		0.17
601,		0.00,		0.09,		0.17
602,		0.00,		0.09,		0.17
603,		0.00,		0.09,		0.17
604,		0.00,		0.09,		0.17
605,		0.00,		0.09,		0.17
606,		0.00,		0.09,		0.17
607,		0.00,		0.09,		0.17
608,		0.00,		0.09,		0.17
609,		0.00,		0.09,		0.16
610,		0.00,		0.09,		0.16
611,		0.00,		0.09,		0.16
612,		0.00,		0.09,		0.16
613,		0.00,		0.09,		0.16
614,		0.00,		0.09,		0.16
615,		0.00,		0.08,		0.16
616,		0.00,		0.08,		0.16
617,		0.00,		0.08,		0.16
618,		0.00,		0.08,		0.16
619,		0.00,		0.08,		0.16
620,		0.00,		0.08,		0.16
621,		0.00,		0.08,		0.16
622,		0.00,		0.08,		0.16
623,		0.00,		0.08,		0.16
624,		0.00,		0.08,		0.16
625,		0.00,		0.08,		0.16
626,		0.00,		0.08,		0.16
627,		0.00,		0.08,		0.16
628,		0.00,		0.08,		0.16
629,		0.00,		0.08,		0.15
630,		0.00,		0.08,		0.15
631,		0.00,		0.08,		0.15
632,		0.00,		0.08,		0.15
633,		0.00,		0.08,		0.15
634,		0.00,		0.08,		0.15
635,		0.00,		0.08,		0.15
636,		0.00,		0.08,		0.15
637,		0.00,		0.08,		0.15
638,		0.00,		0.08,		0.15
639,		0.00,		0.08,		0.15
640,		0.00,		0.08,		0.15
641,		0.00,		0.08,		0.15
642,		0.00,		0.08,		0.15
643,		0.00,		0.08,		0.15
644,		0.00,		0.08,		0.15
645,		0.00,		0.08,		0.15
646,		0.00,		0.08,		0.15
647,		0.00,		0.08,		0.15
648,		0.00,		0.08,		0.15
649,		0.00,		0.08,		0.15
650,		0.00,		0.08,		0.15
651,		0.00,		0.08,		0.15
652,		0.00,		0.08,		0.15
653,		0.00,		0.08,		0.15
654,		0.00,		0.08,		0.15
655,		0.00,		0.08,		0.15
656,		0.00,		0.08,		0.15
657,		0.00,		0.08,		0.15
658,		0.00,		0.08,		0.15
659,		0.00,		0.08,		0.15
660,		0.00,		0.08,		0.15
661,		0.00,		0.08,		0.14
662,		0.00,		0.08,		0.14
663,		0.00,		0.08,		0.14
664,		0.00,		0.08,		0.14
665,		0.00,		0.08,		0.14
666,		0.00,		0.08,		0.14
667,		0.00,		0.08,		0.14
668,		0.00,		0.08,		0.14
669,		0.00,		0.08,		0.14
670,		0.00,		0.07,		0.14
671,		0.00,		0.07,		0.14
672,		0.00,		0.07,		0.14
673,		0.00,		0.07,		0.14
674,		0.00,		0.07,		0.14
675,		0.00,		0.07,		0.14
676,		0.00,		0.07,		0.14
677,		0.00,		0.07,		0.14
678,		0.00,		0.07,		0.14
679,		0.00,		0.07,		0.14
680,		0.00,		0.07,		0.14
681,		0.00,		0.07,		0.14
682,		0.00,		0.07,		0.14
683,		0.00,		0.07,		0.14
684,		0.00,		0.07,		0.14
685,		0.00,		0.07,		0.14
686,		0.00,		0.07,		0.14
687,		0.00,		0.07,		0.14
688,		0.00,		0.07,		0.14
689,		0.00,		0.07,		0.14
690,		0.00,		0.07,		0.14
691,		0.00,		0.07,		0.14
692,		0.00,		0.07,		0.14
693,		0.00,		0.07,		0.14
694,		0.00,		0.07,		0.13
695,		0.00,		0.07,		0.13
696,		0.00,		0.07,		0.13
697,		0.00,		0.07,		0.13
698,		0.00,		0.07,		0.13
699,		0.00,		0.07,		0.13
700,		0.00,		0.07,		0.13
701,		0.00,		0.07,		0.13
702,		0.00,		0.07,		0.13
703,		0.00,		0.07,		0.13
704,		0.00,		0.07,		0.13
705,		0.00,		0.07,		0.13
706,		0.00,		0.07,		0.13
707,		0.00,		0.07,		0.13
708,		0.00,		0.07,		0.13
709,		0.00,		0.07,		0.13
710,		0.00,		0.07,		0.13
711,		0.00,		0.07,		0.13
712,		0.00,		0.07,		0.13
713,		0.00,		0.07,		0.13
714,		0.00,		0.07,		0.13
715,		0.00,		0.07,		0.13
716,		0.00,		0.07,		0.13
717,		0.00,		0.07,		0.13
718,		0.00,		0.07,		0.13
719,		0.00,		0.07,		0.13
720,		0.00,		0.07,		0.13
721,		0.00,		0.07,		0.13
722,		0.00,		0.07,		0.13
723,		0.00,		0.07,		0.13
724,		0.00,		0.07,		0.13
725,		0.00,		0.07,		0.12
726,		0.00,		0.07,		0.12
727,		0.00,		0.07,		0.12
728,		0.00,		0.07,		0.12
729,		0.00,		0.07,		0.12
730,		0.00,		0.06,		0.12
731,		0.00,		0.06,		0.12
732,		0.00,		0.06,		0.12
733,		0.00,		0.06,		0.12
734,		0.00,		0.06,		0.12
735,		0.00,		0.06,		0.12
736,		0.00,		0.06,		0.12
737,		0.00,		0.06,		0.12
738,		0.00,		0.06,		0.12
739,		0.00,		0.06,		0.12
740,		0.00,		0.06,		0.12
741,		0.00,		0.06,		0.12
742,		0.00,		0.06,		0.12
743,		0.00,		0.06,		0.12
744,		0.00,		0.06,		0.12
745,		0.00,		0.06,		0.12
746,		0.00,		0.06,		0.12
747,		0.00,		0.06,		0.12
748,		0.00,		0.06,		0.12
749,		0.00,		0.06,		0.12
750,		0.00,		0.06,		0.12
751,		0.00,		0.06,		0.12
752,		0.00,		0.06,		0.12
753,		0.00,		0.06,		0.12
754,		0.00,		0.06,		0.12
755,		0.00,		0.06,		0.12
756,		0.00,		0.06,		0.12
757,		0.00,		0.06,		0.11
758,		0.00,		0.06,		0.11
759,		0.00,		0.06,		0.11
760,		0.00,		0.06,		0.11
761,		0.00,		0.06,		0.11
762,		0.00,		0.06,		0.11
763,		0.00,		0.06,		0.11
764,		0.00,		0.06,		0.11
765,		0.00,		0.06,		0.11
766,		0.00,		0.06,		0.11
767,		0.00,		0.06,		0.11
768,		0.00,		0.06,		0.11
769,		0.00,		0.06,		0.11
770,		0.00,		0.06,		0.11
771,		0.00,		0.06,		0.11
772,		0.00,		0.06,		0.11
773,		0.00,		0.06,		0.11
774,		0.00,		0.06,		0.11
775,		0.00,		0.06,		0.11
776,		0.00,		0.06,		0.11
777,		0.00,		0.06,		0.11
778,		0.00,		0.06,		0.11
779,		0.00,		0.06,		0.11
780,		0.00,		0.06,		0.11
781,		0.00,		0.06,		0.11
782,		0.00,		0.06,		0.11
783,		0.00,		0.06,		0.11
784,		0.00,		0.06,		0.11
785,		0.00,		0.06,		0.11
786,		0.00,		0.06,		0.11
787,		0.00,		0.06,		0.11
788,		0.00,		0.06,		0.11
789,		0.00,		0.06,		0.11
790,		0.00,		0.06,		0.11
791,		0.00,		0.06,		0.11
792,		0.00,		0.06,		0.11
793,		0.00,		0.06,		0.11
794,		0.00,		0.06,		0.11
795,		0.00,		0.06,		0.11
796,		0.00,		0.06,		0.11
797,		0.00,		0.06,		0.11
798,		0.00,		0.06,		0.11
799,		0.00,		0.06,		0.11
800,		0.00,		0.06,		0.11
801,		0.00,		0.06,		0.11
802,		0.00,		0.06,		0.11
803,		0.00,		0.06,		0.11
804,		0.00,		0.06,		0.11
805,		0.00,		0.06,		0.11
806,		0.00,		0.06,		0.11
807,		0.00,		0.06,		0.10
808,		0.00,		0.06,		0.10
809,		0.00,		0.06,		0.10
810,		0.00,		0.05,		0.10
811,		0.00,		0.05,		0.10
812,		0.00,		0.05,		0.10
813,		0.00,		0.05,		0.10
814,		0.00,		0.05,		0.10
815,		0.00,		0.05,		0.10
816,		0.00,		0.05,		0.10
817,		0.00,		0.05,		0.10
818,		0.00,		0.05,		0.10
819,		0.00,		0.05,		0.10
820,		0.00,		0.05,		0.10
821,		0.00,		0.05,		0.10
822,		0.00,		0.05,		0.10
823,		0.00,		0.05,		0.10
824,		0.00,		0.05,		0.10
825,		0.00,		0.05,		0.10
826,		0.00,		0.05,		0.10
827,		0.00,		0.05,		0.10
828,		0.00,		0.05,		0.10
829,		0.00,		0.05,		0.10
830,		0.00,		0.05,		0.10
831,		0.00,		0.05,		0.10
832,		0.00,		0.05,		0.10
833,		0.00,		0.05,		0.10
834,		0.00,		0.05,		0.10
835,		0.00,		0.05,		0.10
836,		0.00,		0.05,		0.10
837,		0.00,		0.05,		0.10
838,		0.00,		0.05,		0.10
839,		0.00,		0.05,		0.10
840,		0.00,		0.05,		0.10
841,		0.00,		0.05,		0.10
842,		0.00,		0.05,		0.10
843,		0.00,		0.05,		0.10
844,		0.00,		0.05,		0.10
845,		0.00,		0.05,		0.10
846,		0.00,		0.05,		0.10
847,		0.00,		0.05,		0.10
848,		0.00,		0.05,		0.10
849,		0.00,		0.05,		0.10
850,		0.00,		0.05,		0.10
851,		0.00,		0.05,		0.10
852,		0.00,		0.05,		0.10
853,		0.00,		0.05,		0.10
854,		0.00,		0.05,		0.10
855,		0.00,		0.05,		0.10
856,		0.00,		0.05,		0.10
857,		0.00,		0.05,		0.10
858,		0.00,		0.05,		0.10
859,		0.00,		0.05,		0.10
860,		0.00,		0.05,		0.10
861,		0.00,		0.05,		0.10
862,		0.00,		0.05,		0.10
863,		0.00,		0.05,		0.10
864,		0.00,		0.05,		0.10
865,		0.00,		0.05,		0.10
866,		0.00,		0.05,		0.10
867,		0.00,		0.05,		0.10
868,		0.00,		0.05,		0.10
869,		0.00,		0.05,		0.10
870,		0.00,		0.05,		0.10
871,		0.00,		0.05,		0.10
872,		0.00,		0.05,		0.10
873,		0.00,		0.05,		0.09
874,		0.00,		0.05,		0.09
875,		0.00,		0.05,		0.09
876,		0.00,		0.05,		0.09
877,		0.00,		0.05,		0.09
878,		0.00,		0.05,		0.09
879,		0.00,		0.05,		0.09
880,		0.00,		0.05,		0.09
881,		0.00,		0.05,		0.09
882,		0.00,		0.05,		0.09
883,		0.00,		0.05,		0.09
884,		0.00,		0.05,		0.09
885,		0.00,		0.05,		0.09
886,		0.00,		0.05,		0.09
887,		0.00,		0.05,		0.09
888,		0.00,		0.05,		0.09
889,		0.00,		0.05,		0.09
890,		0.00,		0.05,		0.09
891,		0.00,		0.05,		0.09
892,		0.00,		0.05,		0.09
893,		0.00,		0.05,		0.09
894,		0.00,		0.05,		0.09
895,		0.00,		0.05,		0.09
896,		0.00,		0.05,		0.09
897,		0.00,		0.05,		0.09
898,		0.00,		0.05,		0.09
899,		0.00,		0.05,		0.09
900,		0.00,		0.05,		0.09
901,		0.00,		0.05,		0.09
902,		0.00,		0.05,		0.09
903,		0.00,		0.05,		0.09
904,		0.00,		0.05,		0.09
905,		0.00,		0.05,		0.09
906,		0.00,		0.05,		0.09
907,		0.00,		0.05,		0.09
908,		0.00,		0.05,		0.09
909,		0.00,		0.05,		0.09
910,		0.00,		0.05,		0.09
911,		0.00,		0.05,		0.09
912,		0.00,		0.05,		0.09
913,		0.00,		0.05,		0.09
914,		0.00,		0.05,		0.09
915,		0.00,		0.05,		0.09
916,		0.00,		0.05,		0.09
917,		0.00,		0.05,		0.09
918,		0.00,		0.05,		0.09
919,		0.00,		0.05,		0.09
920,		0.00,		0.05,		0.09
921,		0.00,		0.05,		0.09
922,		0.00,		0.05,		0.09
923,		0.00,		0.05,		0.09
924,		0.00,		0.05,		0.09
925,		0.00,		0.05,		0.09
926,		0.00,		0.05,		0.09
927,		0.00,		0.05,		0.09
928,		0.00,		0.05,		0.09
929,		0.00,		0.05,		0.09
930,		0.00,		0.05,		0.09
931,		0.00,		0.05,		0.09
932,		0.00,		0.05,		0.09
933,		0.00,		0.05,		0.09
934,		0.00,		0.05,		0.09
935,		0.00,		0.05,		0.09
936,		0.00,		0.05,		0.09
937,		0.00,		0.05,		0.09
938,		0.00,		0.04,		0.09
939,		0.00,		0.04,		0.08
940,		0.00,		0.04,		0.08
941,		0.00,		0.04,		0.08
942,		0.00,		0.04,		0.08
943,		0.00,		0.04,		0.08
944,		0.00,		0.04,		0.08
945,		0.00,		0.04,		0.08
946,		0.00,		0.04,		0.08
947,		0.00,		0.04,		0.08
948,		0.00,		0.04,		0.08
949,		0.00,		0.04,		0.08
950,		0.00,		0.04,		0.08
951,		0.00,		0.04,		0.08
952,		0.00,		0.04,		0.08
953,		0.00,		0.04,		0.08
954,		0.00,		0.04,		0.08
955,		0.00,		0.04,		0.08
956,		0.00,		0.04,		0.08
957,		0.00,		0.04,		0.08
958,		0.00,		0.04,		0.08
959,		0.00,		0.04,		0.08
960,		0.00,		0.04,		0.08
961,		0.00,		0.04,		0.08
962,		0.00,		0.04,		0.08
963,		0.00,		0.04,		0.08
964,		0.00,		0.04,		0.08
965,		0.00,		0.04,		0.08
966,		0.00,		0.04,		0.08
967,		0.00,		0.04,		0.08
968,		0.00,		0.04,		0.08
969,		0.00,		0.04,		0.08
970,		0.00,		0.04,		0.08
971,		0.00,		0.04,		0.08
972,		0.00,		0.04,		0.08
973,		0.00,		0.04,		0.08
974,		0.00,		0.04,		0.08
975,		0.00,		0.04,		0.08
976,		0.00,		0.04,		0.08
977,		0.00,		0.04,		0.08
978,		0.00,		0.04,		0.08
979,		0.00,		0.04,		0.08
980,		0.00,		0.04,		0.08
981,		0.00,		0.04,		0.08
982,		0.00,		0.04,		0.08
983,		0.00,		0.04,		0.08
984,		0.00,		0.04,		0.08
985,		0.00,		0.04,		0.08
986,		0.00,		0.04,		0.08
987,		0.00,		0.04,		0.08
988,		0.00,		0.04,		0.08
989,		0.00,		0.04,		0.08
990,		0.00,		0.04,		0.08
991,		0.00,		0.04,		0.08
992,		0.00,		0.04,		0.08
993,		0.00,		0.04,		0.08
994,		0.00,		0.04,		0.08
995,		0.00,		0.04,		0.08
996,		0.00,		0.04,		0.08
997,		0.00,		0.04,		0.08
998,		0.00,		0.04,		0.08
999,		0.00,		0.04,		0.08
