RANDOM_SEED, 1698996483
GEN,		MIN,			AVE,			MAX,
0,		83.01,		251.87,		452.30,
1,		82.79,		208.14,		262.90,
2,		63.18,		181.31,		221.75,
3,		49.24,		127.05,		178.83,
4,		24.47,		65.42,		101.02,
5,		20.34,		41.19,		53.99,
6,		14.69,		28.82,		36.55,
7,		12.22,		23.10,		27.66,
8,		8.06,		19.59,		23.55,
9,		8.06,		16.69,		20.05,
10,		6.12,		14.94,		17.59,
11,		4.56,		13.20,		15.61,
12,		4.56,		12.03,		14.36,
13,		3.23,		11.20,		13.30,
14,		3.23,		10.35,		12.32,
15,		3.23,		9.88,		11.80,
16,		1.92,		9.40,		11.19,
17,		1.92,		9.02,		10.80,
18,		1.92,		8.64,		10.48,
19,		1.92,		8.35,		10.12,
20,		1.92,		8.08,		9.73,
21,		1.92,		7.83,		9.47,
22,		1.92,		7.66,		9.31,
23,		1.92,		7.44,		9.03,
24,		1.92,		7.30,		8.89,
25,		1.66,		7.16,		8.71,
26,		1.66,		7.01,		8.53,
27,		0.74,		6.90,		8.40,
28,		0.74,		6.77,		8.25,
29,		0.74,		6.67,		8.16,
30,		0.74,		6.58,		8.06,
31,		0.74,		6.50,		7.94,
32,		0.74,		6.41,		7.86,
33,		0.74,		6.33,		7.77,
34,		0.74,		6.21,		7.66,
35,		0.74,		6.13,		7.55,
36,		0.74,		6.05,		7.47,
37,		0.74,		5.95,		7.39,
38,		0.74,		5.89,		7.27,
39,		0.74,		5.82,		7.20,
40,		0.74,		5.79,		7.15,
41,		0.74,		5.74,		7.06,
42,		0.74,		5.70,		7.00,
43,		0.74,		5.65,		6.92,
44,		0.74,		5.61,		6.88,
45,		0.14,		5.55,		6.83,
46,		0.14,		5.51,		6.78,
47,		0.14,		5.44,		6.74,
48,		0.14,		5.39,		6.67,
49,		0.14,		5.34,		6.64,
50,		0.14,		5.32,		6.62,
51,		0.14,		5.25,		6.57,
52,		0.14,		5.19,		6.50,
53,		0.14,		5.14,		6.43,
54,		0.14,		5.11,		6.38,
55,		0.14,		5.06,		6.34,
56,		0.14,		4.97,		6.29,
57,		0.14,		4.91,		6.25,
58,		0.14,		4.89,		6.20,
59,		0.14,		4.84,		6.17,
60,		0.14,		4.80,		6.15,
61,		0.14,		4.75,		6.10,
62,		0.14,		4.70,		6.05,
63,		0.14,		4.65,		6.01,
64,		0.14,		4.60,		5.95,
65,		0.14,		4.55,		5.90,
66,		0.14,		4.53,		5.88,
67,		0.14,		4.50,		5.81,
68,		0.14,		4.38,		5.71,
69,		0.14,		4.34,		5.68,
70,		0.14,		4.31,		5.65,
71,		0.07,		4.24,		5.58,
72,		0.02,		4.10,		5.45,
73,		0.02,		4.05,		5.39,
74,		0.02,		3.89,		5.25,
75,		0.02,		3.71,		5.10,
76,		0.02,		3.63,		5.03,
77,		0.02,		3.46,		4.88,
78,		0.02,		3.34,		4.73,
79,		0.02,		3.23,		4.62,
80,		0.02,		3.09,		4.49,
81,		0.02,		2.97,		4.35,
82,		0.02,		2.87,		4.27,
83,		0.02,		2.81,		4.18,
84,		0.02,		2.72,		4.08,
85,		0.01,		2.62,		4.01,
86,		0.01,		2.54,		3.92,
87,		0.01,		2.43,		3.78,
88,		0.01,		2.35,		3.67,
89,		0.01,		2.30,		3.61,
90,		0.01,		2.23,		3.50,
91,		0.01,		2.15,		3.41,
92,		0.01,		2.11,		3.35,
93,		0.01,		2.06,		3.27,
94,		0.01,		2.00,		3.20,
95,		0.01,		1.94,		3.16,
96,		0.01,		1.90,		3.11,
97,		0.01,		1.86,		3.06,
98,		0.01,		1.82,		3.00,
99,		0.01,		1.77,		2.95,
100,		0.01,		1.72,		2.90,
101,		0.01,		1.68,		2.84,
102,		0.01,		1.65,		2.76,
103,		0.01,		1.63,		2.72,
104,		0.01,		1.60,		2.69,
105,		0.01,		1.57,		2.66,
106,		0.01,		1.55,		2.61,
107,		0.01,		1.51,		2.57,
108,		0.01,		1.49,		2.55,
109,		0.01,		1.46,		2.52,
110,		0.01,		1.42,		2.46,
111,		0.01,		1.38,		2.40,
112,		0.01,		1.36,		2.36,
113,		0.01,		1.32,		2.30,
114,		0.01,		1.31,		2.29,
115,		0.01,		1.24,		2.21,
116,		0.01,		1.21,		2.16,
117,		0.01,		1.17,		2.10,
118,		0.01,		1.15,		2.06,
119,		0.00,		1.12,		2.01,
120,		0.00,		1.09,		1.99,
121,		0.00,		1.08,		1.96,
122,		0.00,		1.06,		1.94,
123,		0.00,		1.05,		1.91,
124,		0.00,		1.02,		1.85,
125,		0.00,		0.99,		1.80,
126,		0.00,		0.98,		1.76,
127,		0.00,		0.97,		1.75,
128,		0.00,		0.95,		1.73,
129,		0.00,		0.93,		1.68,
130,		0.00,		0.91,		1.65,
131,		0.00,		0.90,		1.64,
132,		0.00,		0.89,		1.63,
133,		0.00,		0.88,		1.60,
134,		0.00,		0.87,		1.60,
135,		0.00,		0.86,		1.58,
136,		0.00,		0.85,		1.58,
137,		0.00,		0.85,		1.57,
138,		0.00,		0.83,		1.54,
139,		0.00,		0.82,		1.52,
140,		0.00,		0.81,		1.50,
141,		0.00,		0.80,		1.50,
142,		0.00,		0.80,		1.48,
143,		0.00,		0.78,		1.46,
144,		0.00,		0.78,		1.45,
145,		0.00,		0.77,		1.44,
146,		0.00,		0.76,		1.42,
147,		0.00,		0.75,		1.41,
148,		0.00,		0.75,		1.40,
149,		0.00,		0.74,		1.39,
150,		0.00,		0.74,		1.38,
151,		0.00,		0.72,		1.35,
152,		0.00,		0.72,		1.35,
153,		0.00,		0.70,		1.32,
154,		0.00,		0.69,		1.32,
155,		0.00,		0.68,		1.31,
156,		0.00,		0.67,		1.29,
157,		0.00,		0.67,		1.28,
158,		0.00,		0.67,		1.28,
159,		0.00,		0.66,		1.27,
160,		0.00,		0.66,		1.27,
161,		0.00,		0.64,		1.25,
162,		0.00,		0.63,		1.23,
163,		0.00,		0.63,		1.23,
164,		0.00,		0.62,		1.23,
165,		0.00,		0.62,		1.22,
166,		0.00,		0.60,		1.20,
167,		0.00,		0.60,		1.19,
168,		0.00,		0.59,		1.18,
169,		0.00,		0.59,		1.17,
170,		0.00,		0.59,		1.16,
171,		0.00,		0.58,		1.14,
172,		0.00,		0.57,		1.14,
173,		0.00,		0.57,		1.13,
174,		0.00,		0.57,		1.12,
175,		0.00,		0.56,		1.09,
176,		0.00,		0.55,		1.08,
177,		0.00,		0.54,		1.07,
178,		0.00,		0.54,		1.05,
179,		0.00,		0.53,		1.04,
180,		0.00,		0.53,		1.03,
181,		0.00,		0.52,		1.03,
182,		0.00,		0.52,		1.02,
183,		0.00,		0.52,		1.02,
184,		0.00,		0.51,		1.01,
185,		0.00,		0.50,		1.00,
186,		0.00,		0.50,		0.99,
187,		0.00,		0.49,		0.99,
188,		0.00,		0.48,		0.97,
189,		0.00,		0.48,		0.96,
190,		0.00,		0.48,		0.96,
191,		0.00,		0.48,		0.96,
192,		0.00,		0.47,		0.95,
193,		0.00,		0.47,		0.94,
194,		0.00,		0.47,		0.94,
195,		0.00,		0.47,		0.93,
196,		0.00,		0.46,		0.91,
197,		0.00,		0.45,		0.90,
198,		0.00,		0.45,		0.89,
199,		0.00,		0.44,		0.88,
200,		0.00,		0.44,		0.88,
201,		0.00,		0.44,		0.87,
202,		0.00,		0.44,		0.87,
203,		0.00,		0.43,		0.85,
204,		0.00,		0.43,		0.84,
205,		0.00,		0.42,		0.84,
206,		0.00,		0.42,		0.84,
207,		0.00,		0.42,		0.83,
208,		0.00,		0.42,		0.83,
209,		0.00,		0.41,		0.82,
210,		0.00,		0.41,		0.81,
211,		0.00,		0.40,		0.81,
212,		0.00,		0.40,		0.80,
213,		0.00,		0.40,		0.80,
214,		0.00,		0.40,		0.79,
215,		0.00,		0.39,		0.78,
216,		0.00,		0.39,		0.78,
217,		0.00,		0.39,		0.78,
218,		0.00,		0.38,		0.77,
219,		0.00,		0.38,		0.76,
220,		0.00,		0.37,		0.74,
221,		0.00,		0.37,		0.74,
222,		0.00,		0.37,		0.74,
223,		0.00,		0.36,		0.73,
224,		0.00,		0.36,		0.71,
225,		0.00,		0.35,		0.71,
226,		0.00,		0.35,		0.71,
227,		0.00,		0.35,		0.70,
228,		0.00,		0.34,		0.70,
229,		0.00,		0.34,		0.70,
230,		0.00,		0.34,		0.68,
231,		0.00,		0.33,		0.67,
232,		0.00,		0.33,		0.67,
233,		0.00,		0.33,		0.66,
234,		0.00,		0.33,		0.66,
235,		0.00,		0.32,		0.65,
236,		0.00,		0.32,		0.65,
237,		0.00,		0.32,		0.64,
238,		0.00,		0.32,		0.64,
239,		0.00,		0.32,		0.63,
240,		0.00,		0.31,		0.63,
241,		0.00,		0.31,		0.63,
242,		0.00,		0.31,		0.63,
243,		0.00,		0.31,		0.63,
244,		0.00,		0.31,		0.62,
245,		0.00,		0.30,		0.62,
246,		0.00,		0.30,		0.61,
247,		0.00,		0.30,		0.61,
248,		0.00,		0.30,		0.60,
249,		0.00,		0.30,		0.60,
250,		0.00,		0.30,		0.59,
251,		0.00,		0.29,		0.59,
252,		0.00,		0.29,		0.58,
253,		0.00,		0.29,		0.58,
254,		0.00,		0.29,		0.58,
255,		0.00,		0.29,		0.58,
256,		0.00,		0.29,		0.58,
257,		0.00,		0.29,		0.58,
258,		0.00,		0.28,		0.58,
259,		0.00,		0.28,		0.58,
260,		0.00,		0.28,		0.57,
261,		0.00,		0.28,		0.57,
262,		0.00,		0.28,		0.56,
263,		0.00,		0.28,		0.56,
264,		0.00,		0.27,		0.56,
265,		0.00,		0.27,		0.55,
266,		0.00,		0.27,		0.55,
267,		0.00,		0.27,		0.55,
268,		0.00,		0.27,		0.55,
269,		0.00,		0.27,		0.54,
270,		0.00,		0.27,		0.54,
271,		0.00,		0.26,		0.54,
272,		0.00,		0.26,		0.53,
273,		0.00,		0.26,		0.53,
274,		0.00,		0.26,		0.52,
275,		0.00,		0.26,		0.52,
276,		0.00,		0.26,		0.52,
277,		0.00,		0.26,		0.51,
278,		0.00,		0.26,		0.51,
279,		0.00,		0.25,		0.51,
280,		0.00,		0.25,		0.51,
281,		0.00,		0.25,		0.51,
282,		0.00,		0.25,		0.50,
283,		0.00,		0.25,		0.50,
284,		0.00,		0.25,		0.50,
285,		0.00,		0.25,		0.50,
286,		0.00,		0.25,		0.50,
287,		0.00,		0.25,		0.49,
288,		0.00,		0.24,		0.49,
289,		0.00,		0.24,		0.49,
290,		0.00,		0.24,		0.49,
291,		0.00,		0.24,		0.48,
292,		0.00,		0.24,		0.48,
293,		0.00,		0.24,		0.48,
294,		0.00,		0.24,		0.47,
295,		0.00,		0.24,		0.47,
296,		0.00,		0.24,		0.47,
297,		0.00,		0.24,		0.47,
298,		0.00,		0.23,		0.47,
299,		0.00,		0.23,		0.46,
300,		0.00,		0.23,		0.46,
301,		0.00,		0.23,		0.46,
302,		0.00,		0.23,		0.46,
303,		0.00,		0.23,		0.45,
304,		0.00,		0.23,		0.45,
305,		0.00,		0.23,		0.45,
306,		0.00,		0.22,		0.45,
307,		0.00,		0.22,		0.45,
308,		0.00,		0.22,		0.45,
309,		0.00,		0.22,		0.45,
310,		0.00,		0.22,		0.44,
311,		0.00,		0.22,		0.44,
312,		0.00,		0.22,		0.44,
313,		0.00,		0.21,		0.44,
314,		0.00,		0.21,		0.43,
315,		0.00,		0.21,		0.43,
316,		0.00,		0.21,		0.43,
317,		0.00,		0.21,		0.43,
318,		0.00,		0.21,		0.43,
319,		0.00,		0.21,		0.43,
320,		0.00,		0.21,		0.43,
321,		0.00,		0.21,		0.43,
322,		0.00,		0.21,		0.43,
323,		0.00,		0.21,		0.42,
324,		0.00,		0.21,		0.42,
325,		0.00,		0.21,		0.42,
326,		0.00,		0.21,		0.42,
327,		0.00,		0.20,		0.42,
328,		0.00,		0.20,		0.42,
329,		0.00,		0.20,		0.41,
330,		0.00,		0.20,		0.41,
331,		0.00,		0.20,		0.41,
332,		0.00,		0.20,		0.41,
333,		0.00,		0.20,		0.40,
334,		0.00,		0.19,		0.40,
335,		0.00,		0.19,		0.40,
336,		0.00,		0.19,		0.40,
337,		0.00,		0.19,		0.40,
338,		0.00,		0.19,		0.40,
339,		0.00,		0.19,		0.39,
340,		0.00,		0.19,		0.39,
341,		0.00,		0.19,		0.39,
342,		0.00,		0.19,		0.39,
343,		0.00,		0.19,		0.39,
344,		0.00,		0.19,		0.39,
345,		0.00,		0.19,		0.38,
346,		0.00,		0.18,		0.38,
347,		0.00,		0.18,		0.38,
348,		0.00,		0.18,		0.37,
349,		0.00,		0.18,		0.37,
350,		0.00,		0.18,		0.37,
351,		0.00,		0.18,		0.37,
352,		0.00,		0.18,		0.37,
353,		0.00,		0.18,		0.36,
354,		0.00,		0.18,		0.36,
355,		0.00,		0.18,		0.36,
356,		0.00,		0.18,		0.36,
357,		0.00,		0.18,		0.36,
358,		0.00,		0.17,		0.36,
359,		0.00,		0.17,		0.35,
360,		0.00,		0.17,		0.35,
361,		0.00,		0.17,		0.35,
362,		0.00,		0.17,		0.35,
363,		0.00,		0.17,		0.35,
364,		0.00,		0.17,		0.35,
365,		0.00,		0.17,		0.34,
366,		0.00,		0.17,		0.34,
367,		0.00,		0.17,		0.34,
368,		0.00,		0.17,		0.34,
369,		0.00,		0.17,		0.34,
370,		0.00,		0.17,		0.34,
371,		0.00,		0.17,		0.34,
372,		0.00,		0.16,		0.34,
373,		0.00,		0.16,		0.34,
374,		0.00,		0.16,		0.33,
375,		0.00,		0.16,		0.33,
376,		0.00,		0.16,		0.33,
377,		0.00,		0.16,		0.33,
378,		0.00,		0.16,		0.33,
379,		0.00,		0.16,		0.32,
380,		0.00,		0.16,		0.32,
381,		0.00,		0.16,		0.32,
382,		0.00,		0.16,		0.32,
383,		0.00,		0.16,		0.32,
384,		0.00,		0.16,		0.32,
385,		0.00,		0.15,		0.31,
386,		0.00,		0.15,		0.31,
387,		0.00,		0.15,		0.31,
388,		0.00,		0.15,		0.30,
389,		0.00,		0.15,		0.30,
390,		0.00,		0.15,		0.30,
391,		0.00,		0.15,		0.30,
392,		0.00,		0.15,		0.30,
393,		0.00,		0.15,		0.29,
394,		0.00,		0.15,		0.29,
395,		0.00,		0.15,		0.29,
396,		0.00,		0.15,		0.29,
397,		0.00,		0.15,		0.29,
398,		0.00,		0.15,		0.29,
399,		0.00,		0.15,		0.29,
400,		0.00,		0.15,		0.29,
401,		0.00,		0.14,		0.29,
402,		0.00,		0.14,		0.29,
403,		0.00,		0.14,		0.29,
404,		0.00,		0.14,		0.29,
405,		0.00,		0.14,		0.29,
406,		0.00,		0.14,		0.29,
407,		0.00,		0.14,		0.28,
408,		0.00,		0.14,		0.28,
409,		0.00,		0.14,		0.28,
410,		0.00,		0.14,		0.28,
411,		0.00,		0.14,		0.28,
412,		0.00,		0.14,		0.28,
413,		0.00,		0.14,		0.28,
414,		0.00,		0.14,		0.28,
415,		0.00,		0.14,		0.28,
416,		0.00,		0.14,		0.28,
417,		0.00,		0.14,		0.28,
418,		0.00,		0.13,		0.27,
419,		0.00,		0.13,		0.27,
420,		0.00,		0.13,		0.27,
421,		0.00,		0.13,		0.27,
422,		0.00,		0.13,		0.27,
423,		0.00,		0.13,		0.27,
424,		0.00,		0.13,		0.27,
425,		0.00,		0.13,		0.27,
426,		0.00,		0.13,		0.27,
427,		0.00,		0.13,		0.27,
428,		0.00,		0.13,		0.27,
429,		0.00,		0.13,		0.27,
430,		0.00,		0.13,		0.26,
431,		0.00,		0.13,		0.26,
432,		0.00,		0.13,		0.26,
433,		0.00,		0.13,		0.26,
434,		0.00,		0.13,		0.26,
435,		0.00,		0.13,		0.26,
436,		0.00,		0.13,		0.26,
437,		0.00,		0.12,		0.25,
438,		0.00,		0.12,		0.25,
439,		0.00,		0.12,		0.25,
440,		0.00,		0.12,		0.25,
441,		0.00,		0.12,		0.25,
442,		0.00,		0.12,		0.25,
443,		0.00,		0.12,		0.25,
444,		0.00,		0.12,		0.25,
445,		0.00,		0.12,		0.25,
446,		0.00,		0.12,		0.25,
447,		0.00,		0.12,		0.25,
448,		0.00,		0.12,		0.24,
449,		0.00,		0.12,		0.24,
450,		0.00,		0.12,		0.24,
451,		0.00,		0.12,		0.24,
452,		0.00,		0.12,		0.24,
453,		0.00,		0.12,		0.24,
454,		0.00,		0.12,		0.24,
455,		0.00,		0.12,		0.24,
456,		0.00,		0.12,		0.24,
457,		0.00,		0.12,		0.24,
458,		0.00,		0.12,		0.24,
459,		0.00,		0.12,		0.23,
460,		0.00,		0.12,		0.23,
461,		0.00,		0.12,		0.23,
462,		0.00,		0.12,		0.23,
463,		0.00,		0.12,		0.23,
464,		0.00,		0.11,		0.23,
465,		0.00,		0.11,		0.23,
466,		0.00,		0.11,		0.23,
467,		0.00,		0.11,		0.23,
468,		0.00,		0.11,		0.23,
469,		0.00,		0.11,		0.22,
470,		0.00,		0.11,		0.22,
471,		0.00,		0.11,		0.22,
472,		0.00,		0.11,		0.22,
473,		0.00,		0.11,		0.22,
474,		0.00,		0.11,		0.22,
475,		0.00,		0.11,		0.22,
476,		0.00,		0.11,		0.22,
477,		0.00,		0.11,		0.22,
478,		0.00,		0.11,		0.22,
479,		0.00,		0.11,		0.22,
480,		0.00,		0.11,		0.21,
481,		0.00,		0.11,		0.21,
482,		0.00,		0.11,		0.21,
483,		0.00,		0.11,		0.21,
484,		0.00,		0.10,		0.21,
485,		0.00,		0.10,		0.20,
486,		0.00,		0.10,		0.20,
487,		0.00,		0.10,		0.20,
488,		0.00,		0.10,		0.20,
489,		0.00,		0.10,		0.20,
490,		0.00,		0.10,		0.19,
491,		0.00,		0.10,		0.19,
492,		0.00,		0.10,		0.19,
493,		0.00,		0.09,		0.19,
494,		0.00,		0.09,		0.19,
495,		0.00,		0.09,		0.19,
496,		0.00,		0.09,		0.18,
497,		0.00,		0.09,		0.18,
498,		0.00,		0.09,		0.18,
499,		0.00,		0.09,		0.18,
500,		0.00,		0.09,		0.18,
501,		0.00,		0.09,		0.17,
502,		0.00,		0.09,		0.17,
503,		0.00,		0.09,		0.17,
504,		0.00,		0.09,		0.17,
505,		0.00,		0.09,		0.17,
506,		0.00,		0.09,		0.17,
507,		0.00,		0.09,		0.17,
508,		0.00,		0.09,		0.17,
509,		0.00,		0.09,		0.17,
510,		0.00,		0.08,		0.17,
511,		0.00,		0.08,		0.17,
512,		0.00,		0.08,		0.16,
513,		0.00,		0.08,		0.16,
514,		0.00,		0.08,		0.16,
515,		0.00,		0.08,		0.16,
516,		0.00,		0.08,		0.16,
517,		0.00,		0.08,		0.16,
518,		0.00,		0.08,		0.16,
519,		0.00,		0.08,		0.16,
520,		0.00,		0.08,		0.16,
521,		0.00,		0.08,		0.16,
522,		0.00,		0.08,		0.15,
523,		0.00,		0.08,		0.15,
524,		0.00,		0.08,		0.15,
525,		0.00,		0.08,		0.15,
526,		0.00,		0.08,		0.15,
527,		0.00,		0.08,		0.15,
528,		0.00,		0.08,		0.15,
529,		0.00,		0.08,		0.15,
530,		0.00,		0.07,		0.15,
531,		0.00,		0.07,		0.14,
532,		0.00,		0.07,		0.14,
533,		0.00,		0.07,		0.14,
534,		0.00,		0.07,		0.14,
535,		0.00,		0.07,		0.14,
536,		0.00,		0.07,		0.14,
537,		0.00,		0.07,		0.14,
538,		0.00,		0.07,		0.14,
539,		0.00,		0.07,		0.14,
540,		0.00,		0.07,		0.14,
541,		0.00,		0.07,		0.14,
542,		0.00,		0.07,		0.14,
543,		0.00,		0.07,		0.14,
544,		0.00,		0.07,		0.14,
545,		0.00,		0.07,		0.14,
546,		0.00,		0.07,		0.14,
547,		0.00,		0.07,		0.14,
548,		0.00,		0.07,		0.14,
549,		0.00,		0.07,		0.13,
550,		0.00,		0.07,		0.13,
551,		0.00,		0.07,		0.13,
552,		0.00,		0.07,		0.13,
553,		0.00,		0.07,		0.13,
554,		0.00,		0.07,		0.13,
555,		0.00,		0.07,		0.13,
556,		0.00,		0.07,		0.13,
557,		0.00,		0.07,		0.13,
558,		0.00,		0.07,		0.13,
559,		0.00,		0.07,		0.13,
560,		0.00,		0.07,		0.13,
561,		0.00,		0.06,		0.13,
562,		0.00,		0.06,		0.13,
563,		0.00,		0.06,		0.13,
564,		0.00,		0.06,		0.13,
565,		0.00,		0.06,		0.12,
566,		0.00,		0.06,		0.12,
567,		0.00,		0.06,		0.12,
568,		0.00,		0.06,		0.12,
569,		0.00,		0.06,		0.12,
570,		0.00,		0.06,		0.12,
571,		0.00,		0.06,		0.12,
572,		0.00,		0.06,		0.12,
573,		0.00,		0.06,		0.12,
574,		0.00,		0.06,		0.12,
575,		0.00,		0.06,		0.12,
576,		0.00,		0.06,		0.12,
577,		0.00,		0.06,		0.12,
578,		0.00,		0.06,		0.12,
579,		0.00,		0.06,		0.12,
580,		0.00,		0.06,		0.12,
581,		0.00,		0.06,		0.12,
582,		0.00,		0.06,		0.12,
583,		0.00,		0.06,		0.12,
584,		0.00,		0.06,		0.12,
585,		0.00,		0.06,		0.12,
586,		0.00,		0.06,		0.12,
587,		0.00,		0.06,		0.12,
588,		0.00,		0.06,		0.12,
589,		0.00,		0.06,		0.12,
590,		0.00,		0.06,		0.11,
591,		0.00,		0.06,		0.11,
592,		0.00,		0.06,		0.11,
593,		0.00,		0.06,		0.11,
594,		0.00,		0.06,		0.11,
595,		0.00,		0.05,		0.11,
596,		0.00,		0.05,		0.11,
597,		0.00,		0.05,		0.11,
598,		0.00,		0.05,		0.11,
599,		0.00,		0.05,		0.11,
600,		0.00,		0.05,		0.11,
601,		0.00,		0.05,		0.11,
602,		0.00,		0.05,		0.11,
603,		0.00,		0.05,		0.11,
604,		0.00,		0.05,		0.11,
605,		0.00,		0.05,		0.11,
606,		0.00,		0.05,		0.11,
607,		0.00,		0.05,		0.11,
608,		0.00,		0.05,		0.10,
609,		0.00,		0.05,		0.10,
610,		0.00,		0.05,		0.10,
611,		0.00,		0.05,		0.10,
612,		0.00,		0.05,		0.10,
613,		0.00,		0.05,		0.10,
614,		0.00,		0.05,		0.10,
615,		0.00,		0.05,		0.10,
616,		0.00,		0.05,		0.10,
617,		0.00,		0.05,		0.10,
618,		0.00,		0.05,		0.10,
619,		0.00,		0.05,		0.10,
620,		0.00,		0.05,		0.10,
621,		0.00,		0.05,		0.10,
622,		0.00,		0.05,		0.09,
623,		0.00,		0.05,		0.09,
624,		0.00,		0.05,		0.09,
625,		0.00,		0.05,		0.09,
626,		0.00,		0.05,		0.09,
627,		0.00,		0.05,		0.09,
628,		0.00,		0.05,		0.09,
629,		0.00,		0.05,		0.09,
630,		0.00,		0.04,		0.09,
631,		0.00,		0.04,		0.09,
632,		0.00,		0.04,		0.09,
633,		0.00,		0.04,		0.09,
634,		0.00,		0.04,		0.09,
635,		0.00,		0.04,		0.09,
636,		0.00,		0.04,		0.09,
637,		0.00,		0.04,		0.09,
638,		0.00,		0.04,		0.09,
639,		0.00,		0.04,		0.09,
640,		0.00,		0.04,		0.09,
641,		0.00,		0.04,		0.09,
642,		0.00,		0.04,		0.09,
643,		0.00,		0.04,		0.08,
644,		0.00,		0.04,		0.08,
645,		0.00,		0.04,		0.08,
646,		0.00,		0.04,		0.08,
647,		0.00,		0.04,		0.08,
648,		0.00,		0.04,		0.08,
649,		0.00,		0.04,		0.08,
650,		0.00,		0.04,		0.08,
651,		0.00,		0.04,		0.08,
652,		0.00,		0.04,		0.08,
653,		0.00,		0.04,		0.08,
654,		0.00,		0.04,		0.08,
655,		0.00,		0.04,		0.08,
656,		0.00,		0.04,		0.08,
657,		0.00,		0.04,		0.08,
658,		0.00,		0.04,		0.08,
659,		0.00,		0.04,		0.08,
660,		0.00,		0.04,		0.08,
661,		0.00,		0.04,		0.08,
662,		0.00,		0.04,		0.08,
663,		0.00,		0.04,		0.08,
664,		0.00,		0.04,		0.08,
665,		0.00,		0.04,		0.08,
666,		0.00,		0.04,		0.08,
667,		0.00,		0.04,		0.08,
668,		0.00,		0.04,		0.08,
669,		0.00,		0.04,		0.08,
670,		0.00,		0.04,		0.08,
671,		0.00,		0.04,		0.08,
672,		0.00,		0.04,		0.08,
673,		0.00,		0.04,		0.08,
674,		0.00,		0.04,		0.08,
675,		0.00,		0.04,		0.08,
676,		0.00,		0.04,		0.08,
677,		0.00,		0.04,		0.08,
678,		0.00,		0.04,		0.08,
679,		0.00,		0.04,		0.08,
680,		0.00,		0.04,		0.08,
681,		0.00,		0.04,		0.07,
682,		0.00,		0.04,		0.07,
683,		0.00,		0.04,		0.07,
684,		0.00,		0.04,		0.07,
685,		0.00,		0.04,		0.07,
686,		0.00,		0.04,		0.07,
687,		0.00,		0.04,		0.07,
688,		0.00,		0.04,		0.07,
689,		0.00,		0.04,		0.07,
690,		0.00,		0.04,		0.07,
691,		0.00,		0.04,		0.07,
692,		0.00,		0.04,		0.07,
693,		0.00,		0.03,		0.07,
694,		0.00,		0.03,		0.07,
695,		0.00,		0.03,		0.07,
696,		0.00,		0.03,		0.07,
697,		0.00,		0.03,		0.07,
698,		0.00,		0.03,		0.07,
699,		0.00,		0.03,		0.07,
700,		0.00,		0.03,		0.07,
701,		0.00,		0.03,		0.07,
702,		0.00,		0.03,		0.07,
703,		0.00,		0.03,		0.07,
704,		0.00,		0.03,		0.07,
705,		0.00,		0.03,		0.07,
706,		0.00,		0.03,		0.07,
707,		0.00,		0.03,		0.07,
708,		0.00,		0.03,		0.07,
709,		0.00,		0.03,		0.07,
710,		0.00,		0.03,		0.07,
711,		0.00,		0.03,		0.07,
712,		0.00,		0.03,		0.07,
713,		0.00,		0.03,		0.07,
714,		0.00,		0.03,		0.07,
715,		0.00,		0.03,		0.07,
716,		0.00,		0.03,		0.07,
717,		0.00,		0.03,		0.07,
718,		0.00,		0.03,		0.07,
719,		0.00,		0.03,		0.07,
720,		0.00,		0.03,		0.07,
721,		0.00,		0.03,		0.06,
722,		0.00,		0.03,		0.06,
723,		0.00,		0.03,		0.06,
724,		0.00,		0.03,		0.06,
725,		0.00,		0.03,		0.06,
726,		0.00,		0.03,		0.06,
727,		0.00,		0.03,		0.06,
728,		0.00,		0.03,		0.06,
729,		0.00,		0.03,		0.06,
730,		0.00,		0.03,		0.06,
731,		0.00,		0.03,		0.06,
732,		0.00,		0.03,		0.06,
733,		0.00,		0.03,		0.06,
734,		0.00,		0.03,		0.06,
735,		0.00,		0.03,		0.06,
736,		0.00,		0.03,		0.06,
737,		0.00,		0.03,		0.06,
738,		0.00,		0.03,		0.06,
739,		0.00,		0.03,		0.06,
740,		0.00,		0.03,		0.06,
741,		0.00,		0.03,		0.06,
742,		0.00,		0.03,		0.06,
743,		0.00,		0.03,		0.06,
744,		0.00,		0.03,		0.06,
745,		0.00,		0.03,		0.06,
746,		0.00,		0.03,		0.06,
747,		0.00,		0.03,		0.06,
748,		0.00,		0.03,		0.06,
749,		0.00,		0.03,		0.06,
750,		0.00,		0.03,		0.06,
751,		0.00,		0.03,		0.06,
752,		0.00,		0.03,		0.06,
753,		0.00,		0.03,		0.06,
754,		0.00,		0.03,		0.06,
755,		0.00,		0.03,		0.06,
756,		0.00,		0.03,		0.06,
757,		0.00,		0.03,		0.06,
758,		0.00,		0.03,		0.06,
759,		0.00,		0.03,		0.06,
760,		0.00,		0.03,		0.06,
761,		0.00,		0.03,		0.06,
762,		0.00,		0.03,		0.06,
763,		0.00,		0.03,		0.06,
764,		0.00,		0.03,		0.06,
765,		0.00,		0.03,		0.06,
766,		0.00,		0.03,		0.06,
767,		0.00,		0.03,		0.06,
768,		0.00,		0.03,		0.06,
769,		0.00,		0.03,		0.06,
770,		0.00,		0.03,		0.06,
771,		0.00,		0.03,		0.06,
772,		0.00,		0.03,		0.06,
773,		0.00,		0.03,		0.06,
774,		0.00,		0.03,		0.06,
775,		0.00,		0.03,		0.06,
776,		0.00,		0.03,		0.06,
777,		0.00,		0.03,		0.06,
778,		0.00,		0.03,		0.06,
779,		0.00,		0.03,		0.06,
780,		0.00,		0.03,		0.06,
781,		0.00,		0.03,		0.05,
782,		0.00,		0.03,		0.05,
783,		0.00,		0.03,		0.05,
784,		0.00,		0.03,		0.05,
785,		0.00,		0.03,		0.05,
786,		0.00,		0.03,		0.05,
787,		0.00,		0.03,		0.05,
788,		0.00,		0.03,		0.05,
789,		0.00,		0.03,		0.05,
790,		0.00,		0.03,		0.05,
791,		0.00,		0.03,		0.05,
792,		0.00,		0.03,		0.05,
793,		0.00,		0.03,		0.05,
794,		0.00,		0.03,		0.05,
795,		0.00,		0.03,		0.05,
796,		0.00,		0.03,		0.05,
797,		0.00,		0.03,		0.05,
798,		0.00,		0.03,		0.05,
799,		0.00,		0.03,		0.05,
800,		0.00,		0.03,		0.05,
801,		0.00,		0.03,		0.05,
802,		0.00,		0.03,		0.05,
803,		0.00,		0.03,		0.05,
804,		0.00,		0.02,		0.05,
805,		0.00,		0.02,		0.05,
806,		0.00,		0.02,		0.05,
807,		0.00,		0.02,		0.05,
808,		0.00,		0.02,		0.05,
809,		0.00,		0.02,		0.05,
810,		0.00,		0.02,		0.05,
811,		0.00,		0.02,		0.05,
812,		0.00,		0.02,		0.05,
813,		0.00,		0.02,		0.05,
814,		0.00,		0.02,		0.05,
815,		0.00,		0.02,		0.05,
816,		0.00,		0.02,		0.05,
817,		0.00,		0.02,		0.05,
818,		0.00,		0.02,		0.05,
819,		0.00,		0.02,		0.05,
820,		0.00,		0.02,		0.05,
821,		0.00,		0.02,		0.05,
822,		0.00,		0.02,		0.05,
823,		0.00,		0.02,		0.05,
824,		0.00,		0.02,		0.05,
825,		0.00,		0.02,		0.05,
826,		0.00,		0.02,		0.05,
827,		0.00,		0.02,		0.05,
828,		0.00,		0.02,		0.05,
829,		0.00,		0.02,		0.05,
830,		0.00,		0.02,		0.05,
831,		0.00,		0.02,		0.05,
832,		0.00,		0.02,		0.05,
833,		0.00,		0.02,		0.05,
834,		0.00,		0.02,		0.05,
835,		0.00,		0.02,		0.05,
836,		0.00,		0.02,		0.05,
837,		0.00,		0.02,		0.05,
838,		0.00,		0.02,		0.05,
839,		0.00,		0.02,		0.05,
840,		0.00,		0.02,		0.05,
841,		0.00,		0.02,		0.05,
842,		0.00,		0.02,		0.05,
843,		0.00,		0.02,		0.05,
844,		0.00,		0.02,		0.05,
845,		0.00,		0.02,		0.05,
846,		0.00,		0.02,		0.05,
847,		0.00,		0.02,		0.05,
848,		0.00,		0.02,		0.05,
849,		0.00,		0.02,		0.05,
850,		0.00,		0.02,		0.05,
851,		0.00,		0.02,		0.05,
852,		0.00,		0.02,		0.05,
853,		0.00,		0.02,		0.04,
854,		0.00,		0.02,		0.04,
855,		0.00,		0.02,		0.04,
856,		0.00,		0.02,		0.04,
857,		0.00,		0.02,		0.04,
858,		0.00,		0.02,		0.04,
859,		0.00,		0.02,		0.04,
860,		0.00,		0.02,		0.04,
861,		0.00,		0.02,		0.04,
862,		0.00,		0.02,		0.04,
863,		0.00,		0.02,		0.04,
864,		0.00,		0.02,		0.04,
865,		0.00,		0.02,		0.04,
866,		0.00,		0.02,		0.04,
867,		0.00,		0.02,		0.04,
868,		0.00,		0.02,		0.04,
869,		0.00,		0.02,		0.04,
870,		0.00,		0.02,		0.04,
871,		0.00,		0.02,		0.04,
872,		0.00,		0.02,		0.04,
873,		0.00,		0.02,		0.04,
874,		0.00,		0.02,		0.04,
875,		0.00,		0.02,		0.04,
876,		0.00,		0.02,		0.04,
877,		0.00,		0.02,		0.04,
878,		0.00,		0.02,		0.04,
879,		0.00,		0.02,		0.04,
880,		0.00,		0.02,		0.04,
881,		0.00,		0.02,		0.04,
882,		0.00,		0.02,		0.04,
883,		0.00,		0.02,		0.04,
884,		0.00,		0.02,		0.04,
885,		0.00,		0.02,		0.04,
886,		0.00,		0.02,		0.04,
887,		0.00,		0.02,		0.04,
888,		0.00,		0.02,		0.04,
889,		0.00,		0.02,		0.04,
890,		0.00,		0.02,		0.04,
891,		0.00,		0.02,		0.04,
892,		0.00,		0.02,		0.04,
893,		0.00,		0.02,		0.04,
894,		0.00,		0.02,		0.04,
895,		0.00,		0.02,		0.04,
896,		0.00,		0.02,		0.04,
897,		0.00,		0.02,		0.04,
898,		0.00,		0.02,		0.04,
899,		0.00,		0.02,		0.04,
900,		0.00,		0.02,		0.04,
901,		0.00,		0.02,		0.04,
902,		0.00,		0.02,		0.04,
903,		0.00,		0.02,		0.04,
904,		0.00,		0.02,		0.04,
905,		0.00,		0.02,		0.04,
906,		0.00,		0.02,		0.04,
907,		0.00,		0.02,		0.04,
908,		0.00,		0.02,		0.04,
909,		0.00,		0.02,		0.04,
910,		0.00,		0.02,		0.04,
911,		0.00,		0.02,		0.04,
912,		0.00,		0.02,		0.04,
913,		0.00,		0.02,		0.04,
914,		0.00,		0.02,		0.04,
915,		0.00,		0.02,		0.04,
916,		0.00,		0.02,		0.04,
917,		0.00,		0.02,		0.04,
918,		0.00,		0.02,		0.04,
919,		0.00,		0.02,		0.04,
920,		0.00,		0.02,		0.04,
921,		0.00,		0.02,		0.04,
922,		0.00,		0.02,		0.04,
923,		0.00,		0.02,		0.04,
924,		0.00,		0.02,		0.04,
925,		0.00,		0.02,		0.04,
926,		0.00,		0.02,		0.04,
927,		0.00,		0.02,		0.04,
928,		0.00,		0.02,		0.04,
929,		0.00,		0.02,		0.04,
930,		0.00,		0.02,		0.04,
931,		0.00,		0.02,		0.04,
932,		0.00,		0.02,		0.04,
933,		0.00,		0.02,		0.04,
934,		0.00,		0.02,		0.04,
935,		0.00,		0.02,		0.04,
936,		0.00,		0.02,		0.04,
937,		0.00,		0.02,		0.04,
938,		0.00,		0.02,		0.04,
939,		0.00,		0.02,		0.04,
940,		0.00,		0.02,		0.04,
941,		0.00,		0.02,		0.04,
942,		0.00,		0.02,		0.04,
943,		0.00,		0.02,		0.04,
944,		0.00,		0.02,		0.04,
945,		0.00,		0.02,		0.04,
946,		0.00,		0.02,		0.04,
947,		0.00,		0.02,		0.04,
948,		0.00,		0.02,		0.04,
949,		0.00,		0.02,		0.04,
950,		0.00,		0.02,		0.04,
951,		0.00,		0.02,		0.04,
952,		0.00,		0.02,		0.04,
953,		0.00,		0.02,		0.04,
954,		0.00,		0.02,		0.04,
955,		0.00,		0.02,		0.04,
956,		0.00,		0.02,		0.04,
957,		0.00,		0.02,		0.04,
958,		0.00,		0.02,		0.04,
959,		0.00,		0.02,		0.04,
960,		0.00,		0.02,		0.04,
961,		0.00,		0.02,		0.04,
962,		0.00,		0.02,		0.04,
963,		0.00,		0.02,		0.04,
964,		0.00,		0.02,		0.04,
965,		0.00,		0.02,		0.04,
966,		0.00,		0.02,		0.04,
967,		0.00,		0.02,		0.04,
968,		0.00,		0.02,		0.04,
969,		0.00,		0.02,		0.03,
970,		0.00,		0.02,		0.03,
971,		0.00,		0.02,		0.03,
972,		0.00,		0.02,		0.03,
973,		0.00,		0.02,		0.03,
974,		0.00,		0.02,		0.03,
975,		0.00,		0.02,		0.03,
976,		0.00,		0.02,		0.03,
977,		0.00,		0.02,		0.03,
978,		0.00,		0.02,		0.03,
979,		0.00,		0.02,		0.03,
980,		0.00,		0.02,		0.03,
981,		0.00,		0.02,		0.03,
982,		0.00,		0.02,		0.03,
983,		0.00,		0.02,		0.03,
984,		0.00,		0.02,		0.03,
985,		0.00,		0.02,		0.03,
986,		0.00,		0.02,		0.03,
987,		0.00,		0.02,		0.03,
988,		0.00,		0.02,		0.03,
989,		0.00,		0.02,		0.03,
990,		0.00,		0.02,		0.03,
991,		0.00,		0.02,		0.03,
992,		0.00,		0.02,		0.03,
993,		0.00,		0.02,		0.03,
994,		0.00,		0.02,		0.03,
995,		0.00,		0.02,		0.03,
996,		0.00,		0.02,		0.03,
997,		0.00,		0.02,		0.03,
998,		0.00,		0.02,		0.03,
999,		0.00,		0.02,		0.03,
