RANDOM_SEED, 1698996202
GEN,		MIN,			AVE,			MAX,
0,		87.10,		253.50,		539.97,
1,		87.10,		199.73,		244.96,
2,		53.46,		123.20,		180.37,
3,		28.29,		71.54,		94.60,
4,		21.40,		45.20,		58.63,
5,		21.40,		37.35,		49.98,
6,		19.15,		28.89,		33.45,
7,		15.88,		26.72,		29.48,
8,		14.16,		23.06,		26.58,
9,		12.42,		21.25,		24.72,
10,		10.20,		20.08,		23.46,
11,		8.16,		17.82,		21.07,
12,		7.32,		15.84,		18.59,
13,		7.32,		14.60,		17.12,
14,		7.32,		13.73,		15.95,
15,		7.18,		13.12,		15.15,
16,		6.17,		12.68,		14.63,
17,		6.17,		12.36,		14.24,
18,		6.17,		12.05,		13.89,
19,		6.17,		11.81,		13.53,
20,		6.17,		11.57,		13.19,
21,		6.17,		11.35,		12.99,
22,		6.17,		11.18,		12.84,
23,		2.39,		10.16,		12.10,
24,		2.39,		9.33,		11.36,
25,		2.39,		8.74,		10.79,
26,		0.02,		8.06,		10.16,
27,		0.02,		7.53,		9.50,
28,		0.02,		7.02,		8.96,
29,		0.02,		6.71,		8.53,
30,		0.02,		6.41,		8.18,
31,		0.02,		6.18,		7.90,
32,		0.02,		5.99,		7.67,
33,		0.02,		5.79,		7.43,
34,		0.02,		5.54,		7.15,
35,		0.02,		5.39,		6.99,
36,		0.02,		5.26,		6.86,
37,		0.02,		5.10,		6.70,
38,		0.02,		5.01,		6.55,
39,		0.02,		4.90,		6.42,
40,		0.02,		4.85,		6.32,
41,		0.02,		4.75,		6.17,
42,		0.02,		4.69,		6.11,
43,		0.02,		4.61,		6.01,
44,		0.02,		4.56,		5.96,
45,		0.02,		4.48,		5.86,
46,		0.02,		4.41,		5.76,
47,		0.02,		4.33,		5.71,
48,		0.02,		4.28,		5.65,
49,		0.02,		4.23,		5.59,
50,		0.02,		4.21,		5.56,
51,		0.02,		4.14,		5.48,
52,		0.02,		4.09,		5.41,
53,		0.02,		4.05,		5.37,
54,		0.02,		4.01,		5.32,
55,		0.02,		3.97,		5.27,
56,		0.01,		3.90,		5.22,
57,		0.01,		3.86,		5.18,
58,		0.01,		3.83,		5.14,
59,		0.01,		3.77,		5.07,
60,		0.01,		3.74,		5.02,
61,		0.01,		3.70,		4.95,
62,		0.01,		3.66,		4.89,
63,		0.01,		3.62,		4.86,
64,		0.01,		3.59,		4.84,
65,		0.01,		3.55,		4.82,
66,		0.01,		3.50,		4.77,
67,		0.01,		3.47,		4.73,
68,		0.01,		3.44,		4.70,
69,		0.01,		3.42,		4.70,
70,		0.01,		3.40,		4.67,
71,		0.01,		3.36,		4.65,
72,		0.01,		3.34,		4.62,
73,		0.01,		3.32,		4.59,
74,		0.01,		3.29,		4.57,
75,		0.01,		3.25,		4.50,
76,		0.01,		3.23,		4.48,
77,		0.01,		3.20,		4.43,
78,		0.01,		3.19,		4.41,
79,		0.01,		3.16,		4.38,
80,		0.01,		3.13,		4.34,
81,		0.01,		3.10,		4.30,
82,		0.01,		3.06,		4.28,
83,		0.01,		3.05,		4.26,
84,		0.01,		3.02,		4.24,
85,		0.01,		2.98,		4.20,
86,		0.01,		2.97,		4.19,
87,		0.01,		2.95,		4.14,
88,		0.01,		2.93,		4.12,
89,		0.01,		2.91,		4.08,
90,		0.01,		2.86,		4.04,
91,		0.01,		2.84,		4.03,
92,		0.01,		2.82,		4.01,
93,		0.01,		2.82,		4.00,
94,		0.01,		2.78,		3.95,
95,		0.01,		2.76,		3.92,
96,		0.01,		2.74,		3.91,
97,		0.01,		2.73,		3.89,
98,		0.01,		2.72,		3.88,
99,		0.01,		2.65,		3.84,
100,		0.01,		2.61,		3.81,
101,		0.01,		2.59,		3.78,
102,		0.01,		2.58,		3.77,
103,		0.01,		2.55,		3.75,
104,		0.01,		2.54,		3.74,
105,		0.01,		2.53,		3.73,
106,		0.01,		2.52,		3.71,
107,		0.01,		2.50,		3.69,
108,		0.01,		2.48,		3.68,
109,		0.01,		2.46,		3.65,
110,		0.01,		2.46,		3.65,
111,		0.01,		2.44,		3.64,
112,		0.01,		2.43,		3.61,
113,		0.01,		2.42,		3.59,
114,		0.01,		2.41,		3.57,
115,		0.01,		2.40,		3.54,
116,		0.01,		2.40,		3.53,
117,		0.01,		2.38,		3.52,
118,		0.01,		2.38,		3.51,
119,		0.01,		2.35,		3.48,
120,		0.01,		2.33,		3.47,
121,		0.01,		2.33,		3.46,
122,		0.01,		2.31,		3.43,
123,		0.00,		2.28,		3.41,
124,		0.00,		2.26,		3.39,
125,		0.00,		2.25,		3.37,
126,		0.00,		2.25,		3.37,
127,		0.00,		2.23,		3.36,
128,		0.00,		2.21,		3.34,
129,		0.00,		2.20,		3.32,
130,		0.00,		2.19,		3.31,
131,		0.00,		2.19,		3.30,
132,		0.00,		2.16,		3.29,
133,		0.00,		2.13,		3.25,
134,		0.00,		2.11,		3.23,
135,		0.00,		2.09,		3.21,
136,		0.00,		2.07,		3.18,
137,		0.00,		2.05,		3.16,
138,		0.00,		2.05,		3.14,
139,		0.00,		2.03,		3.11,
140,		0.00,		2.02,		3.08,
141,		0.00,		2.01,		3.07,
142,		0.00,		2.00,		3.06,
143,		0.00,		1.99,		3.04,
144,		0.00,		1.99,		3.04,
145,		0.00,		1.96,		3.00,
146,		0.00,		1.95,		2.99,
147,		0.00,		1.93,		2.98,
148,		0.00,		1.92,		2.98,
149,		0.00,		1.90,		2.96,
150,		0.00,		1.90,		2.95,
151,		0.00,		1.89,		2.92,
152,		0.00,		1.88,		2.92,
153,		0.00,		1.86,		2.90,
154,		0.00,		1.84,		2.89,
155,		0.00,		1.82,		2.88,
156,		0.00,		1.81,		2.87,
157,		0.00,		1.80,		2.86,
158,		0.00,		1.79,		2.85,
159,		0.00,		1.78,		2.83,
160,		0.00,		1.76,		2.82,
161,		0.00,		1.75,		2.78,
162,		0.00,		1.71,		2.74,
163,		0.00,		1.71,		2.73,
164,		0.00,		1.70,		2.72,
165,		0.00,		1.69,		2.72,
166,		0.00,		1.68,		2.69,
167,		0.00,		1.67,		2.69,
168,		0.00,		1.66,		2.67,
169,		0.00,		1.65,		2.66,
170,		0.00,		1.64,		2.65,
171,		0.00,		1.63,		2.65,
172,		0.00,		1.63,		2.64,
173,		0.00,		1.62,		2.63,
174,		0.00,		1.61,		2.63,
175,		0.00,		1.59,		2.62,
176,		0.00,		1.57,		2.60,
177,		0.00,		1.57,		2.60,
178,		0.00,		1.55,		2.58,
179,		0.00,		1.53,		2.57,
180,		0.00,		1.53,		2.56,
181,		0.00,		1.52,		2.54,
182,		0.00,		1.51,		2.51,
183,		0.00,		1.50,		2.50,
184,		0.00,		1.49,		2.50,
185,		0.00,		1.49,		2.49,
186,		0.00,		1.48,		2.48,
187,		0.00,		1.47,		2.46,
188,		0.00,		1.46,		2.44,
189,		0.00,		1.45,		2.44,
190,		0.00,		1.44,		2.43,
191,		0.00,		1.43,		2.43,
192,		0.00,		1.43,		2.41,
193,		0.00,		1.42,		2.39,
194,		0.00,		1.40,		2.38,
195,		0.00,		1.39,		2.35,
196,		0.00,		1.38,		2.31,
197,		0.00,		1.37,		2.31,
198,		0.00,		1.35,		2.28,
199,		0.00,		1.35,		2.25,
200,		0.00,		1.34,		2.24,
201,		0.00,		1.32,		2.22,
202,		0.00,		1.31,		2.21,
203,		0.00,		1.30,		2.19,
204,		0.00,		1.29,		2.18,
205,		0.00,		1.29,		2.18,
206,		0.00,		1.28,		2.17,
207,		0.00,		1.28,		2.16,
208,		0.00,		1.27,		2.15,
209,		0.00,		1.25,		2.13,
210,		0.00,		1.24,		2.12,
211,		0.00,		1.23,		2.12,
212,		0.00,		1.23,		2.12,
213,		0.00,		1.22,		2.11,
214,		0.00,		1.22,		2.10,
215,		0.00,		1.22,		2.09,
216,		0.00,		1.22,		2.09,
217,		0.00,		1.21,		2.08,
218,		0.00,		1.20,		2.06,
219,		0.00,		1.19,		2.05,
220,		0.00,		1.17,		2.02,
221,		0.00,		1.16,		1.99,
222,		0.00,		1.14,		1.97,
223,		0.00,		1.12,		1.94,
224,		0.00,		1.11,		1.91,
225,		0.00,		1.09,		1.89,
226,		0.00,		1.08,		1.88,
227,		0.00,		1.05,		1.84,
228,		0.00,		1.03,		1.82,
229,		0.00,		1.02,		1.79,
230,		0.00,		1.01,		1.77,
231,		0.00,		0.99,		1.76,
232,		0.00,		0.97,		1.73,
233,		0.00,		0.96,		1.71,
234,		0.00,		0.94,		1.69,
235,		0.00,		0.93,		1.68,
236,		0.00,		0.91,		1.66,
237,		0.00,		0.90,		1.64,
238,		0.00,		0.89,		1.62,
239,		0.00,		0.87,		1.59,
240,		0.00,		0.86,		1.56,
241,		0.00,		0.85,		1.55,
242,		0.00,		0.85,		1.55,
243,		0.00,		0.84,		1.53,
244,		0.00,		0.83,		1.51,
245,		0.00,		0.82,		1.49,
246,		0.00,		0.81,		1.48,
247,		0.00,		0.80,		1.47,
248,		0.00,		0.79,		1.45,
249,		0.00,		0.77,		1.43,
250,		0.00,		0.77,		1.42,
251,		0.00,		0.76,		1.41,
252,		0.00,		0.75,		1.38,
253,		0.00,		0.73,		1.35,
254,		0.00,		0.73,		1.34,
255,		0.00,		0.71,		1.32,
256,		0.00,		0.71,		1.31,
257,		0.00,		0.70,		1.30,
258,		0.00,		0.70,		1.29,
259,		0.00,		0.69,		1.28,
260,		0.00,		0.67,		1.27,
261,		0.00,		0.67,		1.26,
262,		0.00,		0.66,		1.23,
263,		0.00,		0.65,		1.21,
264,		0.00,		0.64,		1.19,
265,		0.00,		0.63,		1.18,
266,		0.00,		0.62,		1.16,
267,		0.00,		0.61,		1.15,
268,		0.00,		0.60,		1.13,
269,		0.00,		0.59,		1.12,
270,		0.00,		0.59,		1.11,
271,		0.00,		0.58,		1.10,
272,		0.00,		0.56,		1.06,
273,		0.00,		0.56,		1.06,
274,		0.00,		0.54,		1.04,
275,		0.00,		0.54,		1.03,
276,		0.00,		0.53,		1.02,
277,		0.00,		0.52,		1.01,
278,		0.00,		0.52,		1.01,
279,		0.00,		0.51,		0.99,
280,		0.00,		0.50,		0.96,
281,		0.00,		0.49,		0.95,
282,		0.00,		0.48,		0.94,
283,		0.00,		0.47,		0.92,
284,		0.00,		0.47,		0.91,
285,		0.00,		0.46,		0.90,
286,		0.00,		0.45,		0.89,
287,		0.00,		0.45,		0.88,
288,		0.00,		0.45,		0.87,
289,		0.00,		0.45,		0.86,
290,		0.00,		0.44,		0.86,
291,		0.00,		0.44,		0.84,
292,		0.00,		0.43,		0.84,
293,		0.00,		0.43,		0.83,
294,		0.00,		0.42,		0.82,
295,		0.00,		0.41,		0.81,
296,		0.00,		0.40,		0.79,
297,		0.00,		0.39,		0.77,
298,		0.00,		0.39,		0.75,
299,		0.00,		0.38,		0.74,
300,		0.00,		0.37,		0.73,
301,		0.00,		0.37,		0.73,
302,		0.00,		0.37,		0.72,
303,		0.00,		0.36,		0.72,
304,		0.00,		0.36,		0.71,
305,		0.00,		0.35,		0.70,
306,		0.00,		0.35,		0.69,
307,		0.00,		0.34,		0.69,
308,		0.00,		0.34,		0.68,
309,		0.00,		0.34,		0.67,
310,		0.00,		0.33,		0.66,
311,		0.00,		0.32,		0.66,
312,		0.00,		0.32,		0.65,
313,		0.00,		0.32,		0.64,
314,		0.00,		0.31,		0.63,
315,		0.00,		0.31,		0.62,
316,		0.00,		0.30,		0.62,
317,		0.00,		0.29,		0.60,
318,		0.00,		0.29,		0.58,
319,		0.00,		0.28,		0.58,
320,		0.00,		0.28,		0.57,
321,		0.00,		0.27,		0.56,
322,		0.00,		0.27,		0.56,
323,		0.00,		0.26,		0.54,
324,		0.00,		0.26,		0.53,
325,		0.00,		0.25,		0.52,
326,		0.00,		0.25,		0.51,
327,		0.00,		0.25,		0.50,
328,		0.00,		0.24,		0.49,
329,		0.00,		0.24,		0.48,
330,		0.00,		0.23,		0.47,
331,		0.00,		0.23,		0.46,
332,		0.00,		0.23,		0.46,
333,		0.00,		0.22,		0.45,
334,		0.00,		0.22,		0.44,
335,		0.00,		0.22,		0.44,
336,		0.00,		0.22,		0.44,
337,		0.00,		0.22,		0.43,
338,		0.00,		0.21,		0.43,
339,		0.00,		0.21,		0.42,
340,		0.00,		0.21,		0.42,
341,		0.00,		0.20,		0.41,
342,		0.00,		0.20,		0.41,
343,		0.00,		0.20,		0.40,
344,		0.00,		0.19,		0.39,
345,		0.00,		0.19,		0.38,
346,		0.00,		0.19,		0.38,
347,		0.00,		0.19,		0.38,
348,		0.00,		0.19,		0.36,
349,		0.00,		0.18,		0.36,
350,		0.00,		0.18,		0.36,
351,		0.00,		0.18,		0.35,
352,		0.00,		0.18,		0.35,
353,		0.00,		0.17,		0.34,
354,		0.00,		0.17,		0.34,
355,		0.00,		0.17,		0.34,
356,		0.00,		0.17,		0.34,
357,		0.00,		0.17,		0.33,
358,		0.00,		0.16,		0.33,
359,		0.00,		0.16,		0.32,
360,		0.00,		0.16,		0.32,
361,		0.00,		0.16,		0.31,
362,		0.00,		0.15,		0.30,
363,		0.00,		0.15,		0.30,
364,		0.00,		0.15,		0.30,
365,		0.00,		0.15,		0.30,
366,		0.00,		0.15,		0.30,
367,		0.00,		0.15,		0.29,
368,		0.00,		0.15,		0.29,
369,		0.00,		0.15,		0.29,
370,		0.00,		0.14,		0.29,
371,		0.00,		0.14,		0.28,
372,		0.00,		0.14,		0.28,
373,		0.00,		0.14,		0.28,
374,		0.00,		0.14,		0.28,
375,		0.00,		0.14,		0.27,
376,		0.00,		0.14,		0.27,
377,		0.00,		0.13,		0.27,
378,		0.00,		0.13,		0.26,
379,		0.00,		0.13,		0.26,
380,		0.00,		0.13,		0.26,
381,		0.00,		0.13,		0.26,
382,		0.00,		0.13,		0.26,
383,		0.00,		0.13,		0.26,
384,		0.00,		0.13,		0.26,
385,		0.00,		0.12,		0.25,
386,		0.00,		0.12,		0.25,
387,		0.00,		0.12,		0.25,
388,		0.00,		0.12,		0.25,
389,		0.00,		0.12,		0.25,
390,		0.00,		0.12,		0.24,
391,		0.00,		0.12,		0.24,
392,		0.00,		0.12,		0.24,
393,		0.00,		0.12,		0.24,
394,		0.00,		0.12,		0.24,
395,		0.00,		0.12,		0.24,
396,		0.00,		0.11,		0.23,
397,		0.00,		0.11,		0.23,
398,		0.00,		0.11,		0.23,
399,		0.00,		0.11,		0.23,
400,		0.00,		0.11,		0.22,
401,		0.00,		0.11,		0.22,
402,		0.00,		0.11,		0.22,
403,		0.00,		0.11,		0.22,
404,		0.00,		0.11,		0.22,
405,		0.00,		0.11,		0.22,
406,		0.00,		0.11,		0.21,
407,		0.00,		0.10,		0.21,
408,		0.00,		0.10,		0.21,
409,		0.00,		0.10,		0.21,
410,		0.00,		0.10,		0.21,
411,		0.00,		0.10,		0.21,
412,		0.00,		0.10,		0.21,
413,		0.00,		0.10,		0.20,
414,		0.00,		0.10,		0.20,
415,		0.00,		0.10,		0.20,
416,		0.00,		0.10,		0.20,
417,		0.00,		0.10,		0.19,
418,		0.00,		0.09,		0.19,
419,		0.00,		0.09,		0.19,
420,		0.00,		0.09,		0.19,
421,		0.00,		0.09,		0.19,
422,		0.00,		0.09,		0.19,
423,		0.00,		0.09,		0.19,
424,		0.00,		0.09,		0.19,
425,		0.00,		0.09,		0.19,
426,		0.00,		0.09,		0.19,
427,		0.00,		0.09,		0.18,
428,		0.00,		0.09,		0.18,
429,		0.00,		0.09,		0.18,
430,		0.00,		0.09,		0.18,
431,		0.00,		0.09,		0.18,
432,		0.00,		0.08,		0.18,
433,		0.00,		0.08,		0.18,
434,		0.00,		0.08,		0.17,
435,		0.00,		0.08,		0.17,
436,		0.00,		0.08,		0.17,
437,		0.00,		0.08,		0.17,
438,		0.00,		0.08,		0.17,
439,		0.00,		0.08,		0.17,
440,		0.00,		0.08,		0.17,
441,		0.00,		0.08,		0.17,
442,		0.00,		0.08,		0.17,
443,		0.00,		0.08,		0.16,
444,		0.00,		0.08,		0.16,
445,		0.00,		0.08,		0.16,
446,		0.00,		0.08,		0.16,
447,		0.00,		0.08,		0.16,
448,		0.00,		0.08,		0.16,
449,		0.00,		0.08,		0.16,
450,		0.00,		0.08,		0.16,
451,		0.00,		0.08,		0.16,
452,		0.00,		0.08,		0.16,
453,		0.00,		0.08,		0.16,
454,		0.00,		0.07,		0.16,
455,		0.00,		0.07,		0.16,
456,		0.00,		0.07,		0.15,
457,		0.00,		0.07,		0.15,
458,		0.00,		0.07,		0.15,
459,		0.00,		0.07,		0.15,
460,		0.00,		0.07,		0.15,
461,		0.00,		0.07,		0.15,
462,		0.00,		0.07,		0.15,
463,		0.00,		0.07,		0.15,
464,		0.00,		0.07,		0.15,
465,		0.00,		0.07,		0.15,
466,		0.00,		0.07,		0.15,
467,		0.00,		0.07,		0.14,
468,		0.00,		0.07,		0.14,
469,		0.00,		0.07,		0.14,
470,		0.00,		0.07,		0.14,
471,		0.00,		0.07,		0.14,
472,		0.00,		0.07,		0.14,
473,		0.00,		0.07,		0.14,
474,		0.00,		0.07,		0.14,
475,		0.00,		0.07,		0.14,
476,		0.00,		0.06,		0.14,
477,		0.00,		0.06,		0.13,
478,		0.00,		0.06,		0.13,
479,		0.00,		0.06,		0.13,
480,		0.00,		0.06,		0.13,
481,		0.00,		0.06,		0.13,
482,		0.00,		0.06,		0.13,
483,		0.00,		0.06,		0.13,
484,		0.00,		0.06,		0.13,
485,		0.00,		0.06,		0.13,
486,		0.00,		0.06,		0.13,
487,		0.00,		0.06,		0.13,
488,		0.00,		0.06,		0.13,
489,		0.00,		0.06,		0.13,
490,		0.00,		0.06,		0.13,
491,		0.00,		0.06,		0.13,
492,		0.00,		0.06,		0.13,
493,		0.00,		0.06,		0.13,
494,		0.00,		0.06,		0.13,
495,		0.00,		0.06,		0.12,
496,		0.00,		0.06,		0.12,
497,		0.00,		0.06,		0.12,
498,		0.00,		0.06,		0.12,
499,		0.00,		0.06,		0.12,
500,		0.00,		0.06,		0.12,
501,		0.00,		0.06,		0.12,
502,		0.00,		0.06,		0.12,
503,		0.00,		0.06,		0.12,
504,		0.00,		0.06,		0.12,
505,		0.00,		0.06,		0.12,
506,		0.00,		0.06,		0.12,
507,		0.00,		0.06,		0.11,
508,		0.00,		0.06,		0.11,
509,		0.00,		0.06,		0.11,
510,		0.00,		0.06,		0.11,
511,		0.00,		0.05,		0.11,
512,		0.00,		0.05,		0.11,
513,		0.00,		0.05,		0.11,
514,		0.00,		0.05,		0.11,
515,		0.00,		0.05,		0.11,
516,		0.00,		0.05,		0.11,
517,		0.00,		0.05,		0.11,
518,		0.00,		0.05,		0.11,
519,		0.00,		0.05,		0.11,
520,		0.00,		0.05,		0.11,
521,		0.00,		0.05,		0.11,
522,		0.00,		0.05,		0.11,
523,		0.00,		0.05,		0.10,
524,		0.00,		0.05,		0.10,
525,		0.00,		0.05,		0.10,
526,		0.00,		0.05,		0.10,
527,		0.00,		0.05,		0.10,
528,		0.00,		0.05,		0.10,
529,		0.00,		0.05,		0.10,
530,		0.00,		0.05,		0.10,
531,		0.00,		0.05,		0.10,
532,		0.00,		0.05,		0.10,
533,		0.00,		0.05,		0.10,
534,		0.00,		0.05,		0.10,
535,		0.00,		0.05,		0.10,
536,		0.00,		0.05,		0.10,
537,		0.00,		0.05,		0.10,
538,		0.00,		0.05,		0.10,
539,		0.00,		0.05,		0.10,
540,		0.00,		0.05,		0.10,
541,		0.00,		0.05,		0.10,
542,		0.00,		0.05,		0.10,
543,		0.00,		0.05,		0.10,
544,		0.00,		0.05,		0.10,
545,		0.00,		0.05,		0.09,
546,		0.00,		0.05,		0.09,
547,		0.00,		0.05,		0.09,
548,		0.00,		0.05,		0.09,
549,		0.00,		0.05,		0.09,
550,		0.00,		0.05,		0.09,
551,		0.00,		0.05,		0.09,
552,		0.00,		0.05,		0.09,
553,		0.00,		0.05,		0.09,
554,		0.00,		0.05,		0.09,
555,		0.00,		0.05,		0.09,
556,		0.00,		0.05,		0.09,
557,		0.00,		0.05,		0.09,
558,		0.00,		0.05,		0.09,
559,		0.00,		0.05,		0.09,
560,		0.00,		0.05,		0.09,
561,		0.00,		0.05,		0.09,
562,		0.00,		0.05,		0.09,
563,		0.00,		0.05,		0.09,
564,		0.00,		0.05,		0.09,
565,		0.00,		0.05,		0.09,
566,		0.00,		0.04,		0.09,
567,		0.00,		0.04,		0.09,
568,		0.00,		0.04,		0.09,
569,		0.00,		0.04,		0.09,
570,		0.00,		0.04,		0.09,
571,		0.00,		0.04,		0.09,
572,		0.00,		0.04,		0.09,
573,		0.00,		0.04,		0.09,
574,		0.00,		0.04,		0.09,
575,		0.00,		0.04,		0.09,
576,		0.00,		0.04,		0.09,
577,		0.00,		0.04,		0.09,
578,		0.00,		0.04,		0.08,
579,		0.00,		0.04,		0.08,
580,		0.00,		0.04,		0.08,
581,		0.00,		0.04,		0.08,
582,		0.00,		0.04,		0.08,
583,		0.00,		0.04,		0.08,
584,		0.00,		0.04,		0.08,
585,		0.00,		0.04,		0.08,
586,		0.00,		0.04,		0.08,
587,		0.00,		0.04,		0.08,
588,		0.00,		0.04,		0.08,
589,		0.00,		0.04,		0.08,
590,		0.00,		0.04,		0.08,
591,		0.00,		0.04,		0.08,
592,		0.00,		0.04,		0.08,
593,		0.00,		0.04,		0.08,
594,		0.00,		0.04,		0.08,
595,		0.00,		0.04,		0.08,
596,		0.00,		0.04,		0.08,
597,		0.00,		0.04,		0.08,
598,		0.00,		0.04,		0.08,
599,		0.00,		0.04,		0.08,
600,		0.00,		0.04,		0.08,
601,		0.00,		0.04,		0.08,
602,		0.00,		0.04,		0.08,
603,		0.00,		0.04,		0.08,
604,		0.00,		0.04,		0.08,
605,		0.00,		0.04,		0.08,
606,		0.00,		0.04,		0.08,
607,		0.00,		0.04,		0.08,
608,		0.00,		0.04,		0.08,
609,		0.00,		0.04,		0.07,
610,		0.00,		0.04,		0.07,
611,		0.00,		0.04,		0.07,
612,		0.00,		0.04,		0.07,
613,		0.00,		0.04,		0.07,
614,		0.00,		0.04,		0.07,
615,		0.00,		0.04,		0.07,
616,		0.00,		0.04,		0.07,
617,		0.00,		0.04,		0.07,
618,		0.00,		0.04,		0.07,
619,		0.00,		0.04,		0.07,
620,		0.00,		0.04,		0.07,
621,		0.00,		0.04,		0.07,
622,		0.00,		0.04,		0.07,
623,		0.00,		0.04,		0.07,
624,		0.00,		0.04,		0.07,
625,		0.00,		0.04,		0.07,
626,		0.00,		0.04,		0.07,
627,		0.00,		0.03,		0.07,
628,		0.00,		0.03,		0.07,
629,		0.00,		0.03,		0.07,
630,		0.00,		0.03,		0.07,
631,		0.00,		0.03,		0.07,
632,		0.00,		0.03,		0.07,
633,		0.00,		0.03,		0.07,
634,		0.00,		0.03,		0.07,
635,		0.00,		0.03,		0.07,
636,		0.00,		0.03,		0.07,
637,		0.00,		0.03,		0.07,
638,		0.00,		0.03,		0.07,
639,		0.00,		0.03,		0.07,
640,		0.00,		0.03,		0.07,
641,		0.00,		0.03,		0.07,
642,		0.00,		0.03,		0.07,
643,		0.00,		0.03,		0.07,
644,		0.00,		0.03,		0.07,
645,		0.00,		0.03,		0.07,
646,		0.00,		0.03,		0.07,
647,		0.00,		0.03,		0.07,
648,		0.00,		0.03,		0.07,
649,		0.00,		0.03,		0.07,
650,		0.00,		0.03,		0.07,
651,		0.00,		0.03,		0.07,
652,		0.00,		0.03,		0.07,
653,		0.00,		0.03,		0.07,
654,		0.00,		0.03,		0.06,
655,		0.00,		0.03,		0.06,
656,		0.00,		0.03,		0.06,
657,		0.00,		0.03,		0.06,
658,		0.00,		0.03,		0.06,
659,		0.00,		0.03,		0.06,
660,		0.00,		0.03,		0.06,
661,		0.00,		0.03,		0.06,
662,		0.00,		0.03,		0.06,
663,		0.00,		0.03,		0.06,
664,		0.00,		0.03,		0.06,
665,		0.00,		0.03,		0.06,
666,		0.00,		0.03,		0.06,
667,		0.00,		0.03,		0.06,
668,		0.00,		0.03,		0.06,
669,		0.00,		0.03,		0.06,
670,		0.00,		0.03,		0.06,
671,		0.00,		0.03,		0.06,
672,		0.00,		0.03,		0.06,
673,		0.00,		0.03,		0.06,
674,		0.00,		0.03,		0.06,
675,		0.00,		0.03,		0.06,
676,		0.00,		0.03,		0.06,
677,		0.00,		0.03,		0.06,
678,		0.00,		0.03,		0.06,
679,		0.00,		0.03,		0.06,
680,		0.00,		0.03,		0.06,
681,		0.00,		0.03,		0.06,
682,		0.00,		0.03,		0.06,
683,		0.00,		0.03,		0.06,
684,		0.00,		0.03,		0.06,
685,		0.00,		0.03,		0.06,
686,		0.00,		0.03,		0.06,
687,		0.00,		0.03,		0.06,
688,		0.00,		0.03,		0.06,
689,		0.00,		0.03,		0.06,
690,		0.00,		0.03,		0.06,
691,		0.00,		0.03,		0.06,
692,		0.00,		0.03,		0.06,
693,		0.00,		0.03,		0.06,
694,		0.00,		0.03,		0.06,
695,		0.00,		0.03,		0.06,
696,		0.00,		0.03,		0.06,
697,		0.00,		0.03,		0.06,
698,		0.00,		0.03,		0.06,
699,		0.00,		0.03,		0.06,
700,		0.00,		0.03,		0.06,
701,		0.00,		0.03,		0.06,
702,		0.00,		0.03,		0.06,
703,		0.00,		0.03,		0.06,
704,		0.00,		0.03,		0.06,
705,		0.00,		0.03,		0.06,
706,		0.00,		0.03,		0.06,
707,		0.00,		0.03,		0.06,
708,		0.00,		0.03,		0.06,
709,		0.00,		0.03,		0.06,
710,		0.00,		0.03,		0.06,
711,		0.00,		0.03,		0.06,
712,		0.00,		0.03,		0.06,
713,		0.00,		0.03,		0.05,
714,		0.00,		0.03,		0.05,
715,		0.00,		0.03,		0.05,
716,		0.00,		0.03,		0.05,
717,		0.00,		0.03,		0.05,
718,		0.00,		0.03,		0.05,
719,		0.00,		0.03,		0.05,
720,		0.00,		0.03,		0.05,
721,		0.00,		0.03,		0.05,
722,		0.00,		0.03,		0.05,
723,		0.00,		0.03,		0.05,
724,		0.00,		0.03,		0.05,
725,		0.00,		0.03,		0.05,
726,		0.00,		0.03,		0.05,
727,		0.00,		0.03,		0.05,
728,		0.00,		0.03,		0.05,
729,		0.00,		0.03,		0.05,
730,		0.00,		0.03,		0.05,
731,		0.00,		0.03,		0.05,
732,		0.00,		0.03,		0.05,
733,		0.00,		0.03,		0.05,
734,		0.00,		0.03,		0.05,
735,		0.00,		0.03,		0.05,
736,		0.00,		0.03,		0.05,
737,		0.00,		0.03,		0.05,
738,		0.00,		0.03,		0.05,
739,		0.00,		0.03,		0.05,
740,		0.00,		0.03,		0.05,
741,		0.00,		0.03,		0.05,
742,		0.00,		0.03,		0.05,
743,		0.00,		0.03,		0.05,
744,		0.00,		0.03,		0.05,
745,		0.00,		0.03,		0.05,
746,		0.00,		0.03,		0.05,
747,		0.00,		0.03,		0.05,
748,		0.00,		0.03,		0.05,
749,		0.00,		0.03,		0.05,
750,		0.00,		0.03,		0.05,
751,		0.00,		0.03,		0.05,
752,		0.00,		0.03,		0.05,
753,		0.00,		0.03,		0.05,
754,		0.00,		0.03,		0.05,
755,		0.00,		0.03,		0.05,
756,		0.00,		0.03,		0.05,
757,		0.00,		0.03,		0.05,
758,		0.00,		0.03,		0.05,
759,		0.00,		0.03,		0.05,
760,		0.00,		0.03,		0.05,
761,		0.00,		0.03,		0.05,
762,		0.00,		0.03,		0.05,
763,		0.00,		0.03,		0.05,
764,		0.00,		0.03,		0.05,
765,		0.00,		0.02,		0.05,
766,		0.00,		0.02,		0.05,
767,		0.00,		0.02,		0.05,
768,		0.00,		0.02,		0.05,
769,		0.00,		0.02,		0.05,
770,		0.00,		0.02,		0.05,
771,		0.00,		0.02,		0.05,
772,		0.00,		0.02,		0.05,
773,		0.00,		0.02,		0.05,
774,		0.00,		0.02,		0.05,
775,		0.00,		0.02,		0.05,
776,		0.00,		0.02,		0.05,
777,		0.00,		0.02,		0.05,
778,		0.00,		0.02,		0.05,
779,		0.00,		0.02,		0.05,
780,		0.00,		0.02,		0.05,
781,		0.00,		0.02,		0.05,
782,		0.00,		0.02,		0.05,
783,		0.00,		0.02,		0.05,
784,		0.00,		0.02,		0.05,
785,		0.00,		0.02,		0.05,
786,		0.00,		0.02,		0.05,
787,		0.00,		0.02,		0.05,
788,		0.00,		0.02,		0.05,
789,		0.00,		0.02,		0.05,
790,		0.00,		0.02,		0.05,
791,		0.00,		0.02,		0.05,
792,		0.00,		0.02,		0.05,
793,		0.00,		0.02,		0.05,
794,		0.00,		0.02,		0.05,
795,		0.00,		0.02,		0.05,
796,		0.00,		0.02,		0.05,
797,		0.00,		0.02,		0.05,
798,		0.00,		0.02,		0.05,
799,		0.00,		0.02,		0.05,
800,		0.00,		0.02,		0.05,
801,		0.00,		0.02,		0.05,
802,		0.00,		0.02,		0.05,
803,		0.00,		0.02,		0.05,
804,		0.00,		0.02,		0.05,
805,		0.00,		0.02,		0.05,
806,		0.00,		0.02,		0.05,
807,		0.00,		0.02,		0.05,
808,		0.00,		0.02,		0.05,
809,		0.00,		0.02,		0.05,
810,		0.00,		0.02,		0.05,
811,		0.00,		0.02,		0.05,
812,		0.00,		0.02,		0.05,
813,		0.00,		0.02,		0.05,
814,		0.00,		0.02,		0.05,
815,		0.00,		0.02,		0.05,
816,		0.00,		0.02,		0.05,
817,		0.00,		0.02,		0.05,
818,		0.00,		0.02,		0.05,
819,		0.00,		0.02,		0.05,
820,		0.00,		0.02,		0.05,
821,		0.00,		0.02,		0.05,
822,		0.00,		0.02,		0.05,
823,		0.00,		0.02,		0.05,
824,		0.00,		0.02,		0.05,
825,		0.00,		0.02,		0.05,
826,		0.00,		0.02,		0.05,
827,		0.00,		0.02,		0.05,
828,		0.00,		0.02,		0.04,
829,		0.00,		0.02,		0.04,
830,		0.00,		0.02,		0.04,
831,		0.00,		0.02,		0.04,
832,		0.00,		0.02,		0.04,
833,		0.00,		0.02,		0.04,
834,		0.00,		0.02,		0.04,
835,		0.00,		0.02,		0.04,
836,		0.00,		0.02,		0.04,
837,		0.00,		0.02,		0.04,
838,		0.00,		0.02,		0.04,
839,		0.00,		0.02,		0.04,
840,		0.00,		0.02,		0.04,
841,		0.00,		0.02,		0.04,
842,		0.00,		0.02,		0.04,
843,		0.00,		0.02,		0.04,
844,		0.00,		0.02,		0.04,
845,		0.00,		0.02,		0.04,
846,		0.00,		0.02,		0.04,
847,		0.00,		0.02,		0.04,
848,		0.00,		0.02,		0.04,
849,		0.00,		0.02,		0.04,
850,		0.00,		0.02,		0.04,
851,		0.00,		0.02,		0.04,
852,		0.00,		0.02,		0.04,
853,		0.00,		0.02,		0.04,
854,		0.00,		0.02,		0.04,
855,		0.00,		0.02,		0.04,
856,		0.00,		0.02,		0.04,
857,		0.00,		0.02,		0.04,
858,		0.00,		0.02,		0.04,
859,		0.00,		0.02,		0.04,
860,		0.00,		0.02,		0.04,
861,		0.00,		0.02,		0.04,
862,		0.00,		0.02,		0.04,
863,		0.00,		0.02,		0.04,
864,		0.00,		0.02,		0.04,
865,		0.00,		0.02,		0.04,
866,		0.00,		0.02,		0.04,
867,		0.00,		0.02,		0.04,
868,		0.00,		0.02,		0.04,
869,		0.00,		0.02,		0.04,
870,		0.00,		0.02,		0.04,
871,		0.00,		0.02,		0.04,
872,		0.00,		0.02,		0.04,
873,		0.00,		0.02,		0.04,
874,		0.00,		0.02,		0.04,
875,		0.00,		0.02,		0.04,
876,		0.00,		0.02,		0.04,
877,		0.00,		0.02,		0.04,
878,		0.00,		0.02,		0.04,
879,		0.00,		0.02,		0.04,
880,		0.00,		0.02,		0.04,
881,		0.00,		0.02,		0.04,
882,		0.00,		0.02,		0.04,
883,		0.00,		0.02,		0.04,
884,		0.00,		0.02,		0.04,
885,		0.00,		0.02,		0.04,
886,		0.00,		0.02,		0.04,
887,		0.00,		0.02,		0.04,
888,		0.00,		0.02,		0.04,
889,		0.00,		0.02,		0.04,
890,		0.00,		0.02,		0.04,
891,		0.00,		0.02,		0.04,
892,		0.00,		0.02,		0.04,
893,		0.00,		0.02,		0.04,
894,		0.00,		0.02,		0.04,
895,		0.00,		0.02,		0.04,
896,		0.00,		0.02,		0.04,
897,		0.00,		0.02,		0.04,
898,		0.00,		0.02,		0.04,
899,		0.00,		0.02,		0.04,
900,		0.00,		0.02,		0.04,
901,		0.00,		0.02,		0.04,
902,		0.00,		0.02,		0.04,
903,		0.00,		0.02,		0.04,
904,		0.00,		0.02,		0.04,
905,		0.00,		0.02,		0.04,
906,		0.00,		0.02,		0.04,
907,		0.00,		0.02,		0.04,
908,		0.00,		0.02,		0.04,
909,		0.00,		0.02,		0.04,
910,		0.00,		0.02,		0.04,
911,		0.00,		0.02,		0.04,
912,		0.00,		0.02,		0.04,
913,		0.00,		0.02,		0.04,
914,		0.00,		0.02,		0.04,
915,		0.00,		0.02,		0.04,
916,		0.00,		0.02,		0.04,
917,		0.00,		0.02,		0.04,
918,		0.00,		0.02,		0.04,
919,		0.00,		0.02,		0.04,
920,		0.00,		0.02,		0.04,
921,		0.00,		0.02,		0.04,
922,		0.00,		0.02,		0.04,
923,		0.00,		0.02,		0.04,
924,		0.00,		0.02,		0.04,
925,		0.00,		0.02,		0.04,
926,		0.00,		0.02,		0.04,
927,		0.00,		0.02,		0.04,
928,		0.00,		0.02,		0.04,
929,		0.00,		0.02,		0.04,
930,		0.00,		0.02,		0.04,
931,		0.00,		0.02,		0.04,
932,		0.00,		0.02,		0.04,
933,		0.00,		0.02,		0.04,
934,		0.00,		0.02,		0.04,
935,		0.00,		0.02,		0.04,
936,		0.00,		0.02,		0.04,
937,		0.00,		0.02,		0.04,
938,		0.00,		0.02,		0.04,
939,		0.00,		0.02,		0.04,
940,		0.00,		0.02,		0.04,
941,		0.00,		0.02,		0.04,
942,		0.00,		0.02,		0.04,
943,		0.00,		0.02,		0.04,
944,		0.00,		0.02,		0.04,
945,		0.00,		0.02,		0.04,
946,		0.00,		0.02,		0.04,
947,		0.00,		0.02,		0.04,
948,		0.00,		0.02,		0.04,
949,		0.00,		0.02,		0.04,
950,		0.00,		0.02,		0.04,
951,		0.00,		0.02,		0.04,
952,		0.00,		0.02,		0.04,
953,		0.00,		0.02,		0.04,
954,		0.00,		0.02,		0.04,
955,		0.00,		0.02,		0.04,
956,		0.00,		0.02,		0.04,
957,		0.00,		0.02,		0.04,
958,		0.00,		0.02,		0.04,
959,		0.00,		0.02,		0.04,
960,		0.00,		0.02,		0.04,
961,		0.00,		0.02,		0.04,
962,		0.00,		0.02,		0.04,
963,		0.00,		0.02,		0.04,
964,		0.00,		0.02,		0.04,
965,		0.00,		0.02,		0.04,
966,		0.00,		0.02,		0.04,
967,		0.00,		0.02,		0.04,
968,		0.00,		0.02,		0.04,
969,		0.00,		0.02,		0.04,
970,		0.00,		0.02,		0.04,
971,		0.00,		0.02,		0.04,
972,		0.00,		0.02,		0.04,
973,		0.00,		0.02,		0.04,
974,		0.00,		0.02,		0.04,
975,		0.00,		0.02,		0.04,
976,		0.00,		0.02,		0.04,
977,		0.00,		0.02,		0.04,
978,		0.00,		0.02,		0.04,
979,		0.00,		0.02,		0.03,
980,		0.00,		0.02,		0.03,
981,		0.00,		0.02,		0.03,
982,		0.00,		0.02,		0.03,
983,		0.00,		0.02,		0.03,
984,		0.00,		0.02,		0.03,
985,		0.00,		0.02,		0.03,
986,		0.00,		0.02,		0.03,
987,		0.00,		0.02,		0.03,
988,		0.00,		0.02,		0.03,
989,		0.00,		0.02,		0.03,
990,		0.00,		0.02,		0.03,
991,		0.00,		0.02,		0.03,
992,		0.00,		0.02,		0.03,
993,		0.00,		0.02,		0.03,
994,		0.00,		0.02,		0.03,
995,		0.00,		0.02,		0.03,
996,		0.00,		0.02,		0.03,
997,		0.00,		0.02,		0.03,
998,		0.00,		0.02,		0.03,
999,		0.00,		0.02,		0.03,
