GEN,	MIN,			AVE,			MAX,			CONV_A
  0,		0.86871,		0.99765,		1.00000,		1.00000
  1,		0.90171,		0.99848,		1.00000,		1.00000
  2,		0.92973,		0.99890,		1.00000,		1.00000
  3,		0.96602,		0.99577,		1.00000,		1.00000
  4,		0.96967,		0.99594,		1.00000,		1.00000
  5,		0.95965,		0.99236,		1.00000,		1.00000
  6,		0.96106,		0.99405,		1.00000,		1.00000
  7,		0.97511,		0.99321,		1.00000,		1.00000
  8,		0.97961,		0.99625,		1.00000,		1.00000
  9,		0.98297,		0.99785,		1.00000,		1.00000
 10,		0.98380,		0.99243,		1.00000,		1.00000
 11,		0.98407,		0.99649,		0.99999,		0.99999
 12,		0.96933,		0.99257,		0.99999,		0.99999
 13,		0.96881,		0.99430,		0.99999,		0.99999
 14,		0.97315,		0.99135,		0.99966,		0.99966
 15,		0.97317,		0.98972,		1.00000,		1.00000
 16,		0.97376,		0.99262,		0.99859,		0.99859
 17,		0.97322,		0.99200,		0.99999,		0.99999
 18,		0.97193,		0.99134,		0.99999,		0.99999
 19,		0.97191,		0.98984,		0.99998,		0.99998
 20,		0.97292,		0.98277,		0.99998,		0.99998
 21,		0.96784,		0.99320,		0.99998,		0.99998
 22,		0.96661,		0.99088,		1.00000,		1.00000
 23,		0.96640,		0.98918,		1.00000,		1.00000
 24,		0.97173,		0.98743,		0.99995,		0.99995
 25,		0.97386,		0.98749,		0.99995,		0.99995
 26,		0.98621,		0.98816,		0.99994,		0.99994
 27,		0.98534,		0.98796,		1.00000,		1.00000
 28,		0.98560,		0.99047,		0.99999,		0.99999
 29,		0.98620,		0.99206,		0.99994,		0.99994
 30,		0.97894,		0.99238,		0.99999,		0.99999
 31,		0.98556,		0.99262,		0.99999,		0.99999
 32,		0.98581,		0.99271,		0.99992,		0.99992
 33,		0.98763,		0.99260,		1.00000,		1.00000
 34,		0.98691,		0.99272,		0.99999,		0.99999
 35,		0.98703,		0.99246,		0.99999,		0.99999
 36,		0.98897,		0.99268,		0.99999,		0.99999
 37,		0.98729,		0.99259,		0.99993,		0.99993
 38,		0.98762,		0.99265,		0.99992,		0.99992
 39,		0.99228,		0.99273,		0.99995,		0.99995
 40,		0.98241,		0.99262,		1.00000,		1.00000
 41,		0.98905,		0.99248,		1.00000,		1.00000
 42,		0.98838,		0.99263,		1.00000,		1.00000
 43,		0.98711,		0.99253,		0.99996,		0.99996
 44,		0.98474,		0.99263,		1.00000,		1.00000
 45,		0.98698,		0.99257,		0.99995,		0.99995
 46,		0.99024,		0.99264,		0.99999,		0.99999
 47,		0.99061,		0.99268,		0.99999,		0.99999
 48,		0.99211,		0.99274,		0.99988,		0.99988
 49,		0.98898,		0.99405,		0.99988,		0.99988
 50,		0.98767,		0.99335,		0.99991,		0.99991
 51,		0.98903,		0.99290,		0.99988,		0.99988
 52,		0.99119,		0.99268,		0.99988,		0.99988
 53,		0.98899,		0.99274,		0.99999,		0.99999
 54,		0.98678,		0.99263,		0.99999,		0.99999
 55,		0.99014,		0.99290,		1.00000,		1.00000
 56,		0.99154,		0.99592,		0.99996,		0.99996
 57,		0.98969,		0.99457,		0.99993,		0.99993
 58,		0.99222,		0.99844,		0.99994,		0.99994
 59,		0.99220,		0.99907,		0.99999,		0.99999
 60,		0.99153,		0.99945,		1.00000,		1.00000
 61,		0.99223,		0.99970,		0.99996,		0.99996
 62,		0.99231,		0.99967,		1.00000,		1.00000
 63,		0.99955,		0.99975,		0.99996,		0.99996
 64,		0.99955,		0.99975,		1.00000,		1.00000
 65,		0.99956,		0.99975,		0.99996,		0.99996
 66,		0.99891,		0.99975,		0.99999,		0.99999
 67,		0.99529,		0.99970,		0.99999,		0.99999
 68,		0.99699,		0.99972,		0.99999,		0.99999
 69,		0.99698,		0.99949,		0.99994,		0.99994
 70,		0.99698,		0.99962,		0.99994,		0.99994
 71,		0.99699,		0.99968,		1.00000,		1.00000
 72,		0.99759,		0.99974,		0.99996,		0.99996
 73,		0.99763,		0.99975,		0.99999,		0.99999
 74,		0.99973,		0.99980,		1.00000,		1.00000
 75,		0.99802,		0.99976,		0.99997,		0.99997
 76,		0.99896,		0.99975,		0.99999,		0.99999
 77,		0.99892,		0.99974,		0.99995,		0.99995
 78,		0.99819,		0.99973,		0.99987,		0.99987
 79,		0.99606,		0.99972,		0.99987,		0.99987
 80,		0.99950,		0.99975,		0.99986,		0.99986
 81,		0.99856,		0.99974,		0.99986,		0.99986
 82,		0.99955,		0.99975,		0.99985,		0.99985
 83,		0.99945,		0.99966,		0.99998,		0.99998
 84,		0.99854,		0.99969,		1.00000,		1.00000
 85,		0.99875,		0.99970,		0.99998,		0.99998
 86,		0.99725,		0.99971,		0.99998,		0.99998
 87,		0.99804,		0.99968,		0.99988,		0.99988
 88,		0.99596,		0.99968,		0.99989,		0.99989
 89,		0.99678,		0.99934,		0.99999,		0.99999
 90,		0.99757,		0.99955,		0.99986,		0.99986
 91,		0.99562,		0.99962,		0.99995,		0.99995
 92,		0.98821,		0.99932,		0.99978,		0.99978
 93,		0.99026,		0.99950,		0.99981,		0.99981
 94,		0.99052,		0.99958,		0.99979,		0.99979
 95,		0.99669,		0.99931,		1.00000,		1.00000
 96,		0.99666,		0.99946,		0.99999,		0.99999
 97,		0.99894,		0.99928,		0.99995,		0.99995
 98,		0.99787,		0.99910,		0.99999,		0.99999
 99,		0.99795,		0.99903,		0.99991,		0.99991
100,		0.99859,		0.99901,		0.99992,		0.99992
101,		0.99863,		0.99901,		0.99992,		0.99992
102,		0.99607,		0.99897,		0.99999,		0.99999
103,		0.99624,		0.99902,		0.99995,		0.99995
104,		0.99836,		0.99904,		1.00000,		1.00000
105,		0.99739,		0.99904,		1.00000,		1.00000
106,		0.99678,		0.99902,		1.00000,		1.00000
107,		0.99747,		0.99902,		0.99999,		0.99999
108,		0.99792,		0.99906,		0.99999,		0.99999
109,		0.99781,		0.99904,		0.99996,		0.99996
110,		0.98990,		0.99897,		0.99999,		0.99999
111,		0.98920,		0.99901,		0.99999,		0.99999
112,		0.99865,		0.99905,		0.99994,		0.99994
113,		0.99893,		0.99905,		0.99999,		0.99999
114,		0.99874,		0.99907,		0.99999,		0.99999
115,		0.99812,		0.99890,		1.00000,		1.00000
116,		0.99846,		0.99896,		0.99991,		0.99991
117,		0.99801,		0.99898,		0.99999,		0.99999
118,		0.99804,		0.99901,		0.99997,		0.99997
119,		0.99855,		0.99902,		1.00000,		1.00000
120,		0.99854,		0.99905,		1.00000,		1.00000
121,		0.99072,		0.99898,		1.00000,		1.00000
122,		0.99895,		0.99908,		1.00000,		1.00000
123,		0.99050,		0.99940,		0.99999,		0.99999
124,		0.98991,		0.99919,		0.99999,		0.99999
125,		0.99048,		0.99945,		0.99999,		0.99999
126,		0.99892,		0.99939,		0.99999,		0.99999
127,		0.99671,		0.99961,		0.99999,		0.99999
128,		0.99811,		0.99976,		0.99999,		0.99999
129,		0.99896,		0.99980,		0.99999,		0.99999
130,		0.99820,		0.99969,		0.99994,		0.99994
131,		0.98849,		0.99924,		0.99999,		0.99999
132,		0.99730,		0.99959,		0.99999,		0.99999
133,		0.99788,		0.99969,		0.99995,		0.99995
134,		0.99787,		0.99977,		0.99997,		0.99997
135,		0.99858,		0.99980,		1.00000,		1.00000
136,		0.99804,		0.99979,		0.99997,		0.99997
137,		0.99848,		0.99979,		0.99999,		0.99999
138,		0.99892,		0.99979,		1.00000,		1.00000
139,		0.99604,		0.99975,		0.99999,		0.99999
140,		0.99695,		0.99974,		0.99998,		0.99998
141,		0.99772,		0.99975,		1.00000,		1.00000
142,		0.99427,		0.99973,		0.99997,		0.99997
143,		0.99673,		0.99955,		0.99987,		0.99987
144,		0.99714,		0.99958,		0.99989,		0.99989
145,		0.99844,		0.99971,		0.99984,		0.99984
146,		0.99543,		0.99940,		0.99989,		0.99989
147,		0.99759,		0.99964,		0.99988,		0.99988
148,		0.99328,		0.99951,		0.99999,		0.99999
149,		0.99552,		0.99929,		0.99997,		0.99997
