RANDOM_SEED, 1698991639
GEN,		MIN,			AVE,			MAX,
0,		0.00200,		0.00273,		0.02901,
1,		0.00200,		0.00259,		0.02901,
2,		0.00200,		0.00207,		0.00521,
3,		0.00200,		0.00205,		0.00521,
4,		0.00200,		0.00204,		0.00521,
5,		0.00200,		0.00200,		0.00204,
6,		0.00200,		0.00201,		0.00204,
7,		0.00200,		0.00201,		0.00203,
8,		0.00200,		0.00201,		0.00204,
9,		0.00200,		0.00201,		0.00204,
10,		0.00200,		0.00201,		0.00202,
11,		0.00200,		0.00202,		0.00202,
12,		0.00200,		0.00202,		0.00202,
13,		0.00200,		0.00202,		0.00203,
14,		0.00200,		0.00202,		0.00202,
15,		0.00200,		0.00202,		0.00203,
16,		0.00202,		0.00202,		0.00203,
17,		0.00202,		0.00202,		0.00202,
18,		0.00201,		0.00202,		0.00204,
19,		0.00202,		0.00202,		0.00202,
20,		0.00202,		0.00202,		0.00203,
21,		0.00202,		0.00202,		0.00204,
22,		0.00200,		0.00202,		0.00203,
23,		0.00201,		0.00202,		0.00203,
24,		0.00201,		0.00202,		0.00202,
25,		0.00202,		0.00202,		0.00203,
26,		0.00202,		0.00202,		0.00203,
27,		0.00200,		0.00202,		0.00204,
28,		0.00200,		0.00202,		0.00204,
29,		0.00202,		0.00202,		0.00204,
30,		0.00201,		0.00202,		0.00203,
31,		0.00201,		0.00202,		0.00203,
32,		0.00201,		0.00202,		0.00205,
33,		0.00200,		0.00202,		0.00205,
34,		0.00201,		0.00202,		0.00205,
35,		0.00201,		0.00202,		0.00202,
36,		0.00201,		0.00202,		0.00202,
37,		0.00202,		0.00202,		0.00203,
38,		0.00202,		0.00202,		0.00203,
39,		0.00201,		0.00202,		0.00203,
40,		0.00200,		0.00202,		0.00202,
41,		0.00201,		0.00202,		0.00202,
42,		0.00201,		0.00202,		0.00202,
43,		0.00201,		0.00202,		0.00203,
44,		0.00200,		0.00202,		0.00204,
45,		0.00200,		0.00202,		0.00202,
46,		0.00201,		0.00201,		0.00202,
47,		0.00201,		0.00202,		0.00202,
48,		0.00201,		0.00202,		0.00202,
49,		0.00200,		0.00202,		0.00204,
50,		0.00200,		0.00201,		0.00202,
51,		0.00200,		0.00201,		0.00202,
52,		0.00200,		0.00201,		0.00203,
53,		0.00200,		0.00201,		0.00203,
54,		0.00201,		0.00201,		0.00203,
55,		0.00200,		0.00202,		0.00203,
56,		0.00201,		0.00202,		0.00204,
57,		0.00201,		0.00202,		0.00204,
58,		0.00201,		0.00202,		0.00204,
59,		0.00201,		0.00202,		0.00204,
60,		0.00201,		0.00202,		0.00204,
61,		0.00201,		0.00202,		0.00204,
62,		0.00201,		0.00202,		0.00204,
63,		0.00202,		0.00202,		0.00202,
64,		0.00201,		0.00202,		0.00202,
65,		0.00202,		0.00202,		0.00204,
66,		0.00201,		0.00202,		0.00204,
67,		0.00200,		0.00202,		0.00204,
68,		0.00200,		0.00202,		0.00204,
69,		0.00200,		0.00202,		0.00204,
70,		0.00202,		0.00202,		0.00202,
71,		0.00201,		0.00202,		0.00204,
72,		0.00202,		0.00202,		0.00204,
73,		0.00201,		0.00202,		0.00202,
74,		0.00201,		0.00202,		0.00202,
75,		0.00202,		0.00202,		0.00203,
76,		0.00201,		0.00202,		0.00204,
77,		0.00201,		0.00202,		0.00204,
78,		0.00202,		0.00202,		0.00204,
79,		0.00202,		0.00202,		0.00202,
80,		0.00202,		0.00202,		0.00204,
81,		0.00202,		0.00202,		0.00203,
82,		0.00201,		0.00202,		0.00202,
83,		0.00200,		0.00202,		0.00202,
84,		0.00200,		0.00202,		0.00203,
85,		0.00200,		0.00202,		0.00202,
86,		0.00200,		0.00202,		0.00204,
87,		0.00200,		0.00202,		0.00204,
88,		0.00200,		0.00202,		0.00204,
89,		0.00201,		0.00202,		0.00204,
90,		0.00202,		0.00202,		0.00204,
91,		0.00202,		0.00202,		0.00204,
92,		0.00202,		0.00202,		0.00203,
93,		0.00202,		0.00202,		0.00203,
94,		0.00201,		0.00202,		0.00203,
95,		0.00201,		0.00202,		0.00203,
96,		0.00201,		0.00202,		0.00202,
97,		0.00201,		0.00202,		0.00202,
98,		0.00200,		0.00202,		0.00202,
99,		0.00200,		0.00202,		0.00203,
100,		0.00200,		0.00202,		0.00202,
101,		0.00200,		0.00202,		0.00202,
102,		0.00200,		0.00202,		0.00203,
103,		0.00200,		0.00202,		0.00203,
104,		0.00200,		0.00202,		0.00203,
105,		0.00202,		0.00202,		0.00202,
106,		0.00202,		0.00202,		0.00203,
107,		0.00202,		0.00202,		0.00203,
108,		0.00201,		0.00202,		0.00202,
109,		0.00200,		0.00202,		0.00202,
110,		0.00201,		0.00202,		0.00202,
111,		0.00201,		0.00202,		0.00203,
112,		0.00201,		0.00202,		0.00203,
113,		0.00200,		0.00202,		0.00203,
114,		0.00202,		0.00202,		0.00203,
115,		0.00202,		0.00202,		0.00203,
116,		0.00202,		0.00202,		0.00202,
117,		0.00201,		0.00202,		0.00203,
118,		0.00201,		0.00202,		0.00202,
119,		0.00201,		0.00202,		0.00203,
120,		0.00202,		0.00202,		0.00203,
121,		0.00201,		0.00202,		0.00203,
122,		0.00202,		0.00202,		0.00203,
123,		0.00200,		0.00202,		0.00202,
124,		0.00201,		0.00202,		0.00202,
125,		0.00201,		0.00201,		0.00202,
126,		0.00201,		0.00201,		0.00202,
127,		0.00201,		0.00202,		0.00203,
128,		0.00200,		0.00202,		0.00202,
129,		0.00200,		0.00201,		0.00202,
130,		0.00201,		0.00202,		0.00202,
131,		0.00201,		0.00202,		0.00203,
132,		0.00202,		0.00202,		0.00203,
133,		0.00202,		0.00202,		0.00203,
134,		0.00201,		0.00202,		0.00203,
135,		0.00201,		0.00202,		0.00203,
136,		0.00200,		0.00202,		0.00203,
137,		0.00200,		0.00202,		0.00203,
138,		0.00201,		0.00202,		0.00203,
139,		0.00200,		0.00202,		0.00203,
140,		0.00202,		0.00202,		0.00203,
141,		0.00202,		0.00202,		0.00202,
142,		0.00202,		0.00202,		0.00203,
143,		0.00200,		0.00202,		0.00203,
144,		0.00201,		0.00202,		0.00203,
145,		0.00202,		0.00202,		0.00203,
146,		0.00201,		0.00202,		0.00205,
147,		0.00201,		0.00202,		0.00205,
148,		0.00202,		0.00202,		0.00203,
149,		0.00202,		0.00202,		0.00203,
