RANDOM_SEED, 1698991641
GEN,		MIN,			AVE,			MAX,
0,		0.00200,		0.00222,		0.00941,
1,		0.00200,		0.00222,		0.00941,
2,		0.00200,		0.00215,		0.00937,
3,		0.00200,		0.00212,		0.00937,
4,		0.00200,		0.00209,		0.00937,
5,		0.00200,		0.00209,		0.00937,
6,		0.00200,		0.00208,		0.00948,
7,		0.00200,		0.00201,		0.00219,
8,		0.00200,		0.00200,		0.00201,
9,		0.00200,		0.00200,		0.00201,
10,		0.00200,		0.00200,		0.00201,
11,		0.00200,		0.00200,		0.00201,
12,		0.00200,		0.00200,		0.00201,
13,		0.00200,		0.00200,		0.00202,
14,		0.00200,		0.00200,		0.00202,
15,		0.00200,		0.00200,		0.00202,
16,		0.00200,		0.00201,		0.00297,
17,		0.00200,		0.00200,		0.00200,
18,		0.00200,		0.00200,		0.00200,
19,		0.00200,		0.00200,		0.00200,
20,		0.00200,		0.00200,		0.00200,
21,		0.00200,		0.00200,		0.00200,
22,		0.00200,		0.00200,		0.00200,
23,		0.00200,		0.00200,		0.00200,
24,		0.00200,		0.00200,		0.00200,
25,		0.00200,		0.00200,		0.00200,
26,		0.00200,		0.00200,		0.00200,
27,		0.00200,		0.00200,		0.00200,
28,		0.00200,		0.00201,		0.00298,
29,		0.00200,		0.00200,		0.00200,
30,		0.00200,		0.00200,		0.00202,
31,		0.00200,		0.00200,		0.00200,
32,		0.00200,		0.00200,		0.00200,
33,		0.00200,		0.00200,		0.00200,
34,		0.00200,		0.00200,		0.00200,
35,		0.00200,		0.00200,		0.00202,
36,		0.00200,		0.00200,		0.00202,
37,		0.00200,		0.00200,		0.00202,
38,		0.00200,		0.00200,		0.00200,
39,		0.00200,		0.00200,		0.00200,
40,		0.00200,		0.00200,		0.00200,
41,		0.00200,		0.00200,		0.00200,
42,		0.00200,		0.00200,		0.00200,
43,		0.00200,		0.00200,		0.00200,
44,		0.00200,		0.00200,		0.00201,
45,		0.00200,		0.00200,		0.00200,
46,		0.00200,		0.00200,		0.00200,
47,		0.00200,		0.00200,		0.00202,
48,		0.00200,		0.00200,		0.00201,
49,		0.00200,		0.00200,		0.00201,
50,		0.00200,		0.00200,		0.00200,
51,		0.00200,		0.00200,		0.00200,
52,		0.00200,		0.00200,		0.00200,
53,		0.00200,		0.00200,		0.00200,
54,		0.00200,		0.00200,		0.00201,
55,		0.00200,		0.00200,		0.00200,
56,		0.00200,		0.00200,		0.00202,
57,		0.00200,		0.00200,		0.00201,
58,		0.00200,		0.00200,		0.00201,
59,		0.00200,		0.00200,		0.00201,
60,		0.00200,		0.00200,		0.00200,
61,		0.00200,		0.00200,		0.00200,
62,		0.00200,		0.00200,		0.00200,
63,		0.00200,		0.00200,		0.00200,
64,		0.00200,		0.00200,		0.00201,
65,		0.00200,		0.00200,		0.00200,
66,		0.00200,		0.00200,		0.00200,
67,		0.00200,		0.00200,		0.00200,
68,		0.00200,		0.00200,		0.00200,
69,		0.00200,		0.00200,		0.00200,
70,		0.00200,		0.00200,		0.00200,
71,		0.00200,		0.00200,		0.00200,
72,		0.00200,		0.00200,		0.00201,
73,		0.00200,		0.00200,		0.00200,
74,		0.00200,		0.00200,		0.00200,
75,		0.00200,		0.00200,		0.00200,
76,		0.00200,		0.00200,		0.00200,
77,		0.00200,		0.00200,		0.00200,
78,		0.00200,		0.00200,		0.00201,
79,		0.00200,		0.00200,		0.00200,
80,		0.00200,		0.00200,		0.00200,
81,		0.00200,		0.00200,		0.00200,
82,		0.00200,		0.00200,		0.00202,
83,		0.00200,		0.00200,		0.00202,
84,		0.00200,		0.00200,		0.00200,
85,		0.00200,		0.00200,		0.00200,
86,		0.00200,		0.00200,		0.00201,
87,		0.00200,		0.00200,		0.00201,
88,		0.00200,		0.00200,		0.00201,
89,		0.00200,		0.00200,		0.00200,
90,		0.00200,		0.00200,		0.00200,
91,		0.00200,		0.00200,		0.00200,
92,		0.00200,		0.00200,		0.00200,
93,		0.00200,		0.00200,		0.00200,
94,		0.00200,		0.00200,		0.00200,
95,		0.00200,		0.00200,		0.00202,
96,		0.00200,		0.00200,		0.00200,
97,		0.00200,		0.00200,		0.00200,
98,		0.00200,		0.00200,		0.00201,
99,		0.00200,		0.00200,		0.00201,
100,		0.00200,		0.00200,		0.00201,
101,		0.00200,		0.00200,		0.00200,
102,		0.00200,		0.00200,		0.00200,
103,		0.00200,		0.00200,		0.00202,
104,		0.00200,		0.00200,		0.00200,
105,		0.00200,		0.00200,		0.00200,
106,		0.00200,		0.00200,		0.00200,
107,		0.00200,		0.00200,		0.00200,
108,		0.00200,		0.00200,		0.00200,
109,		0.00200,		0.00200,		0.00200,
110,		0.00200,		0.00200,		0.00200,
111,		0.00200,		0.00200,		0.00200,
112,		0.00200,		0.00200,		0.00200,
113,		0.00200,		0.00200,		0.00200,
114,		0.00200,		0.00200,		0.00200,
115,		0.00200,		0.00200,		0.00200,
116,		0.00200,		0.00200,		0.00200,
117,		0.00200,		0.00200,		0.00200,
118,		0.00200,		0.00200,		0.00201,
119,		0.00200,		0.00200,		0.00202,
120,		0.00200,		0.00200,		0.00200,
121,		0.00200,		0.00200,		0.00200,
122,		0.00200,		0.00200,		0.00200,
123,		0.00200,		0.00200,		0.00200,
124,		0.00200,		0.00200,		0.00200,
125,		0.00200,		0.00200,		0.00200,
126,		0.00200,		0.00200,		0.00200,
127,		0.00200,		0.00200,		0.00200,
128,		0.00200,		0.00200,		0.00200,
129,		0.00200,		0.00200,		0.00202,
130,		0.00200,		0.00200,		0.00200,
131,		0.00200,		0.00200,		0.00200,
132,		0.00200,		0.00200,		0.00200,
133,		0.00200,		0.00200,		0.00200,
134,		0.00200,		0.00200,		0.00202,
135,		0.00200,		0.00200,		0.00202,
136,		0.00200,		0.00200,		0.00202,
137,		0.00200,		0.00200,		0.00200,
138,		0.00200,		0.00200,		0.00200,
139,		0.00200,		0.00200,		0.00200,
140,		0.00200,		0.00200,		0.00201,
141,		0.00200,		0.00200,		0.00200,
142,		0.00200,		0.00200,		0.00200,
143,		0.00200,		0.00200,		0.00200,
144,		0.00200,		0.00200,		0.00200,
145,		0.00200,		0.00200,		0.00202,
146,		0.00200,		0.00200,		0.00202,
147,		0.00200,		0.00201,		0.00203,
148,		0.00200,		0.00200,		0.00202,
149,		0.00200,		0.00200,		0.00202,
