GEN,	MIN,			AVE,			MAX,
  0,		0.00200,		0.00435,		0.13329
  1,		0.00200,		0.00352,		0.10029
  2,		0.00200,		0.00310,		0.07227
  3,		0.00200,		0.00623,		0.03598
  4,		0.00200,		0.00606,		0.03233
  5,		0.00200,		0.00964,		0.04235
  6,		0.00200,		0.00795,		0.04094
  7,		0.00200,		0.00879,		0.02689
  8,		0.00200,		0.00575,		0.02238
  9,		0.00200,		0.00415,		0.01903
 10,		0.00200,		0.00957,		0.01820
 11,		0.00201,		0.00551,		0.01793
 12,		0.00201,		0.00943,		0.03267
 13,		0.00201,		0.00770,		0.03319
 14,		0.00234,		0.01065,		0.02885
 15,		0.00200,		0.01228,		0.02883
 16,		0.00341,		0.00938,		0.02824
 17,		0.00201,		0.01000,		0.02878
 18,		0.00201,		0.01066,		0.03007
 19,		0.00202,		0.01216,		0.03009
 20,		0.00202,		0.01923,		0.02908
 21,		0.00202,		0.00880,		0.03416
 22,		0.00200,		0.01112,		0.03539
 23,		0.00200,		0.01282,		0.03560
 24,		0.00205,		0.01457,		0.03027
 25,		0.00205,		0.01451,		0.02814
 26,		0.00206,		0.01384,		0.01579
 27,		0.00200,		0.01404,		0.01666
 28,		0.00201,		0.01153,		0.01640
 29,		0.00206,		0.00994,		0.01580
 30,		0.00201,		0.00962,		0.02306
 31,		0.00201,		0.00938,		0.01644
 32,		0.00208,		0.00929,		0.01619
 33,		0.00200,		0.00940,		0.01437
 34,		0.00201,		0.00928,		0.01509
 35,		0.00201,		0.00954,		0.01497
 36,		0.00201,		0.00932,		0.01304
 37,		0.00207,		0.00941,		0.01471
 38,		0.00208,		0.00935,		0.01438
 39,		0.00205,		0.00927,		0.00972
 40,		0.00200,		0.00939,		0.01959
 41,		0.00200,		0.00952,		0.01295
 42,		0.00200,		0.00937,		0.01362
 43,		0.00204,		0.00947,		0.01489
 44,		0.00201,		0.00937,		0.01726
 45,		0.00205,		0.00942,		0.01502
 46,		0.00201,		0.00936,		0.01176
 47,		0.00201,		0.00933,		0.01139
 48,		0.00212,		0.00926,		0.00989
 49,		0.00212,		0.00795,		0.01302
 50,		0.00209,		0.00865,		0.01433
 51,		0.00212,		0.00910,		0.01297
 52,		0.00212,		0.00932,		0.01081
 53,		0.00201,		0.00926,		0.01301
 54,		0.00201,		0.00937,		0.01522
 55,		0.00200,		0.00910,		0.01186
 56,		0.00204,		0.00608,		0.01046
 57,		0.00207,		0.00743,		0.01231
 58,		0.00206,		0.00356,		0.00978
 59,		0.00201,		0.00293,		0.00980
 60,		0.00200,		0.00255,		0.01047
 61,		0.00204,		0.00230,		0.00977
 62,		0.00200,		0.00233,		0.00969
 63,		0.00204,		0.00225,		0.00245
 64,		0.00200,		0.00225,		0.00245
 65,		0.00204,		0.00225,		0.00244
 66,		0.00201,		0.00225,		0.00309
 67,		0.00201,		0.00230,		0.00671
 68,		0.00201,		0.00228,		0.00501
 69,		0.00206,		0.00251,		0.00502
 70,		0.00206,		0.00238,		0.00502
 71,		0.00200,		0.00232,		0.00501
 72,		0.00204,		0.00226,		0.00441
 73,		0.00201,		0.00226,		0.00437
 74,		0.00200,		0.00220,		0.00227
 75,		0.00203,		0.00224,		0.00398
 76,		0.00201,		0.00225,		0.00304
 77,		0.00205,		0.00226,		0.00308
 78,		0.00213,		0.00227,		0.00381
 79,		0.00213,		0.00228,		0.00594
 80,		0.00214,		0.00225,		0.00250
 81,		0.00214,		0.00226,		0.00344
 82,		0.00215,		0.00225,		0.00245
 83,		0.00202,		0.00234,		0.00255
 84,		0.00200,		0.00231,		0.00346
 85,		0.00202,		0.00230,		0.00325
 86,		0.00202,		0.00229,		0.00475
 87,		0.00212,		0.00232,		0.00396
 88,		0.00211,		0.00232,		0.00604
 89,		0.00201,		0.00266,		0.00522
 90,		0.00214,		0.00245,		0.00443
 91,		0.00205,		0.00238,		0.00638
 92,		0.00222,		0.00268,		0.01379
 93,		0.00219,		0.00250,		0.01174
 94,		0.00221,		0.00242,		0.01148
 95,		0.00200,		0.00269,		0.00531
 96,		0.00201,		0.00254,		0.00534
 97,		0.00205,		0.00272,		0.00306
 98,		0.00201,		0.00290,		0.00413
 99,		0.00209,		0.00297,		0.00405
100,		0.00208,		0.00299,		0.00342
101,		0.00208,		0.00299,		0.00337
102,		0.00201,		0.00303,		0.00593
103,		0.00205,		0.00298,		0.00576
104,		0.00200,		0.00296,		0.00364
105,		0.00201,		0.00296,		0.00461
106,		0.00201,		0.00298,		0.00522
107,		0.00201,		0.00298,		0.00453
108,		0.00201,		0.00295,		0.00408
109,		0.00204,		0.00296,		0.00419
110,		0.00201,		0.00303,		0.01210
111,		0.00201,		0.00299,		0.01280
112,		0.00206,		0.00295,		0.00335
113,		0.00201,		0.00295,		0.00307
114,		0.00201,		0.00293,		0.00326
115,		0.00200,		0.00310,		0.00388
116,		0.00209,		0.00304,		0.00354
117,		0.00201,		0.00302,		0.00399
118,		0.00203,		0.00299,		0.00396
119,		0.00200,		0.00298,		0.00345
120,		0.00200,		0.00296,		0.00346
121,		0.00200,		0.00302,		0.01128
122,		0.00200,		0.00292,		0.00305
123,		0.00201,		0.00260,		0.01150
124,		0.00201,		0.00281,		0.01209
125,		0.00201,		0.00255,		0.01152
126,		0.00201,		0.00261,		0.00308
127,		0.00201,		0.00239,		0.00529
128,		0.00201,		0.00224,		0.00389
129,		0.00201,		0.00220,		0.00304
130,		0.00206,		0.00231,		0.00380
131,		0.00202,		0.00276,		0.01351
132,		0.00201,		0.00241,		0.00470
133,		0.00205,		0.00231,		0.00412
134,		0.00203,		0.00223,		0.00413
135,		0.00200,		0.00220,		0.00342
136,		0.00203,		0.00222,		0.00396
137,		0.00201,		0.00221,		0.00352
138,		0.00200,		0.00221,		0.00308
139,		0.00201,		0.00225,		0.00596
140,		0.00202,		0.00226,		0.00505
141,		0.00200,		0.00225,		0.00428
142,		0.00203,		0.00228,		0.00773
143,		0.00213,		0.00245,		0.00527
144,		0.00211,		0.00242,		0.00486
145,		0.00216,		0.00229,		0.00356
146,		0.00211,		0.00260,		0.00657
147,		0.00212,		0.00236,		0.00441
148,		0.00202,		0.00249,		0.00872
149,		0.00203,		0.00271,		0.00648
