RANDOM_SEED, 1698991592
GEN,		MIN,			AVE,			MAX,
0,		0.00200,		0.00389,		0.12267,
1,		0.00200,		0.00430,		0.06335,
2,		0.00200,		0.00505,		0.06335,
3,		0.00200,		0.00405,		0.06335,
4,		0.00200,		0.00447,		0.02699,
5,		0.00200,		0.00280,		0.00920,
6,		0.00200,		0.00357,		0.00847,
7,		0.00200,		0.00422,		0.02694,
8,		0.00200,		0.00405,		0.00615,
9,		0.00200,		0.00426,		0.00615,
10,		0.00200,		0.00423,		0.00442,
11,		0.00200,		0.00430,		0.00437,
12,		0.00206,		0.00430,		0.00437,
13,		0.00206,		0.00454,		0.02699,
14,		0.00200,		0.00435,		0.00615,
15,		0.00201,		0.00433,		0.00615,
16,		0.00206,		0.00431,		0.00436,
17,		0.00206,		0.00433,		0.00436,
18,		0.00202,		0.00399,		0.00436,
19,		0.00200,		0.00408,		0.00436,
20,		0.00200,		0.00427,		0.00512,
21,		0.00206,		0.00491,		0.06413,
22,		0.00201,		0.00510,		0.06413,
23,		0.00201,		0.00509,		0.06413,
24,		0.00206,		0.00490,		0.06413,
25,		0.00206,		0.00431,		0.00442,
26,		0.00201,		0.00427,		0.00442,
27,		0.00201,		0.00424,		0.00453,
28,		0.00218,		0.00431,		0.00615,
29,		0.00218,		0.00433,		0.00615,
30,		0.00200,		0.00426,		0.00436,
31,		0.00201,		0.00430,		0.00453,
32,		0.00432,		0.00436,		0.00442,
33,		0.00200,		0.00434,		0.00436,
34,		0.00218,		0.00434,		0.00436,
35,		0.00218,		0.00432,		0.00436,
36,		0.00200,		0.00431,		0.00615,
37,		0.00397,		0.00437,		0.00512,
38,		0.00200,		0.00432,		0.00615,
39,		0.00200,		0.00422,		0.00512,
40,		0.00200,		0.00422,		0.00512,
41,		0.00200,		0.00422,		0.00436,
42,		0.00200,		0.00428,		0.00436,
43,		0.00309,		0.00435,		0.00436,
44,		0.00206,		0.00455,		0.02699,
45,		0.00206,		0.00456,		0.02699,
46,		0.00206,		0.00494,		0.06413,
47,		0.00201,		0.00432,		0.00453,
48,		0.00434,		0.00436,		0.00442,
49,		0.00434,		0.00436,		0.00442,
50,		0.00436,		0.00436,		0.00442,
51,		0.00436,		0.00436,		0.00442,
52,		0.00436,		0.00459,		0.02699,
53,		0.00201,		0.00434,		0.00436,
54,		0.00201,		0.00434,		0.00436,
55,		0.00200,		0.00454,		0.02699,
56,		0.00201,		0.00434,		0.00436,
57,		0.00286,		0.00434,		0.00436,
58,		0.00286,		0.00436,		0.00615,
59,		0.00200,		0.00437,		0.00615,
60,		0.00200,		0.00430,		0.00512,
61,		0.00200,		0.00432,		0.00512,
62,		0.00200,		0.00425,		0.00436,
63,		0.00200,		0.00433,		0.00512,
64,		0.00200,		0.00433,		0.00437,
65,		0.00201,		0.00433,		0.00436,
66,		0.00200,		0.00450,		0.02699,
67,		0.00200,		0.00518,		0.06413,
68,		0.00200,		0.00494,		0.06413,
69,		0.00200,		0.00491,		0.06413,
70,		0.00200,		0.00493,		0.06413,
71,		0.00200,		0.00493,		0.06413,
72,		0.00200,		0.00427,		0.00442,
73,		0.00206,		0.00415,		0.00436,
74,		0.00200,		0.00314,		0.00436,
75,		0.00216,		0.00395,		0.02699,
76,		0.00216,		0.00448,		0.02699,
77,		0.00216,		0.00489,		0.02699,
78,		0.00216,		0.00474,		0.02699,
79,		0.00200,		0.00489,		0.06413,
80,		0.00200,		0.00432,		0.00453,
81,		0.00200,		0.00432,		0.00436,
82,		0.00218,		0.00434,		0.00436,
83,		0.00200,		0.00430,		0.00512,
84,		0.00201,		0.00432,		0.00512,
85,		0.00200,		0.00447,		0.02699,
86,		0.00200,		0.00450,		0.02699,
87,		0.00200,		0.00479,		0.02699,
88,		0.00201,		0.00478,		0.02699,
89,		0.00206,		0.01586,		0.06449,
90,		0.00206,		0.00950,		0.02699,
91,		0.00206,		0.00682,		0.02699,
92,		0.00434,		0.01387,		0.02699,
93,		0.00407,		0.00911,		0.02699,
94,		0.00407,		0.00708,		0.02699,
95,		0.00200,		0.01698,		0.02699,
96,		0.00200,		0.01195,		0.02699,
97,		0.00200,		0.01859,		0.02699,
98,		0.00200,		0.02375,		0.02699,
99,		0.00436,		0.02585,		0.02699,
100,		0.00436,		0.02661,		0.03532,
101,		0.00436,		0.02665,		0.03532,
102,		0.00220,		0.02745,		0.06449,
103,		0.00200,		0.02610,		0.06449,
104,		0.00200,		0.02599,		0.02699,
105,		0.00200,		0.02552,		0.02710,
106,		0.00200,		0.02602,		0.02699,
107,		0.00200,		0.02612,		0.02699,
108,		0.00200,		0.02500,		0.02699,
109,		0.00200,		0.02570,		0.02872,
110,		0.00200,		0.02533,		0.02699,
111,		0.00200,		0.02385,		0.02699,
112,		0.00201,		0.02561,		0.03425,
113,		0.00200,		0.02552,		0.02872,
114,		0.00200,		0.02505,		0.02699,
115,		0.00200,		0.02645,		0.04198,
116,		0.00436,		0.02678,		0.02872,
117,		0.00200,		0.02651,		0.02872,
118,		0.00200,		0.02634,		0.02699,
119,		0.00200,		0.02622,		0.02699,
120,		0.00200,		0.02579,		0.02699,
121,		0.00200,		0.02557,		0.02699,
122,		0.00200,		0.02623,		0.02699,
123,		0.00203,		0.01449,		0.02699,
124,		0.00200,		0.02110,		0.02699,
125,		0.00203,		0.01176,		0.02699,
126,		0.00202,		0.01850,		0.02699,
127,		0.00202,		0.01087,		0.03532,
128,		0.00202,		0.00687,		0.03532,
129,		0.00202,		0.00577,		0.02699,
130,		0.00202,		0.00877,		0.02699,
131,		0.00202,		0.01776,		0.02699,
132,		0.00201,		0.00941,		0.02699,
133,		0.00201,		0.00559,		0.02699,
134,		0.00202,		0.00317,		0.02699,
135,		0.00202,		0.00216,		0.01594,
136,		0.00202,		0.00223,		0.01580,
137,		0.00202,		0.00210,		0.00947,
138,		0.00200,		0.00202,		0.00203,
139,		0.00200,		0.00202,		0.00203,
140,		0.00200,		0.00202,		0.00203,
141,		0.00200,		0.00202,		0.00203,
142,		0.00201,		0.00202,		0.00203,
143,		0.00202,		0.00210,		0.00947,
144,		0.00200,		0.00203,		0.00236,
145,		0.00200,		0.00203,		0.00236,
146,		0.00200,		0.00239,		0.02678,
147,		0.00200,		0.00240,		0.02678,
148,		0.00201,		0.00227,		0.01408,
149,		0.00202,		0.00214,		0.01408,
