RANDOM_SEED, 1698991626
GEN,		MIN,				AVE,				MAX,			CONV,					CONV_ACT,
  0,		0.87933,		0.99813,		1.00000,				1.00187,				1.00000
  1,		0.98559,		0.99977,		1.00000,				1.00023,				1.00000
  2,		0.98559,		0.99958,		1.00000,				1.00042,				1.00000
  3,		0.97742,		0.99957,		1.00000,				1.00043,				1.00000
  4,		0.94745,		0.99730,		1.00000,				1.00271,				1.00000
  5,		0.94745,		0.99741,		1.00000,				1.00259,				1.00000
  6,		0.95621,		0.99843,		1.00000,				1.00157,				1.00000
  7,		0.93762,		0.99795,		1.00000,				1.00205,				1.00000
  8,		0.94340,		0.99940,		1.00000,				1.00060,				1.00000
  9,		0.99990,		0.99996,		1.00000,				1.00004,				1.00000
 10,		0.99994,		0.99998,		1.00000,				1.00002,				1.00000
 11,		0.99994,		0.99999,		1.00000,				1.00001,				1.00000
 12,		0.99991,		0.99997,		1.00000,				1.00003,				1.00000
 13,		0.99991,		0.99999,		1.00000,				1.00001,				1.00000
 14,		0.99991,		0.99999,		1.00000,				1.00001,				1.00000
 15,		0.99991,		0.99997,		1.00000,				1.00003,				1.00000
 16,		0.99991,		0.99997,		1.00000,				1.00003,				1.00000
 17,		0.99994,		0.99995,		1.00000,				1.00005,				1.00000
 18,		0.94319,		0.99941,		1.00000,				1.00059,				1.00000
 19,		0.94319,		0.99939,		1.00000,				1.00061,				1.00000
 20,		0.99991,		0.99998,		1.00000,				1.00002,				1.00000
 21,		0.99994,		0.99998,		1.00000,				1.00002,				1.00000
 22,		0.99991,		0.99997,		1.00000,				1.00003,				1.00000
 23,		0.99994,		0.99999,		1.00000,				1.00001,				1.00000
 24,		0.99994,		0.99999,		1.00000,				1.00001,				1.00000
 25,		0.99994,		1.00000,		1.00000,				1.00000,				1.00000
 26,		0.99994,		1.00000,		1.00000,				1.00000,				1.00000
 27,		0.99999,		1.00000,		1.00000,				1.00000,				1.00000
 28,		0.99999,		1.00000,		1.00000,				1.00000,				1.00000
 29,		1.00000,		1.00000,		1.00000,				1.00000,				1.00000
 30,		1.00000,		1.00000,		1.00000,				1.00000,				1.00000
 31,		1.00000,		1.00000,		1.00000,				1.00000,				1.00000
 32,		1.00000,		1.00000,		1.00000,				1.00000,				1.00000
 33,		1.00000,		1.00000,		1.00000,				1.00000,				1.00000
 34,		1.00000,		1.00000,		1.00000,				1.00000,				1.00000
 35,		1.00000,		1.00000,		1.00000,				1.00000,				1.00000
 36,		1.00000,		1.00000,		1.00000,				1.00000,				1.00000
 37,		1.00000,		1.00000,		1.00000,				1.00000,				1.00000
 38,		1.00000,		1.00000,		1.00000,				1.00000,				1.00000
 39,		0.99999,		1.00000,		1.00000,				1.00000,				1.00000
 40,		1.00000,		1.00000,		1.00000,				1.00000,				1.00000
 41,		1.00000,		1.00000,		1.00000,				1.00000,				1.00000
 42,		1.00000,		1.00000,		1.00000,				1.00000,				1.00000
 43,		1.00000,		1.00000,		1.00000,				1.00000,				1.00000
 44,		0.99999,		1.00000,		1.00000,				1.00000,				1.00000
 45,		1.00000,		1.00000,		1.00000,				1.00000,				1.00000
 46,		0.99999,		1.00000,		1.00000,				1.00000,				1.00000
 47,		1.00000,		1.00000,		1.00000,				1.00000,				1.00000
 48,		1.00000,		1.00000,		1.00000,				1.00000,				1.00000
 49,		1.00000,		1.00000,		1.00000,				1.00000,				1.00000
 50,		1.00000,		1.00000,		1.00000,				1.00000,				1.00000
 51,		0.99999,		1.00000,		1.00000,				1.00000,				1.00000
 52,		0.99999,		1.00000,		1.00000,				1.00000,				1.00000
 53,		0.99999,		1.00000,		1.00000,				1.00000,				1.00000
 54,		1.00000,		1.00000,		1.00000,				1.00000,				1.00000
 55,		1.00000,		1.00000,		1.00000,				1.00000,				1.00000
 56,		1.00000,		1.00000,		1.00000,				1.00000,				1.00000
 57,		1.00000,		1.00000,		1.00000,				1.00000,				1.00000
 58,		0.99999,		1.00000,		1.00000,				1.00000,				1.00000
 59,		0.99999,		1.00000,		1.00000,				1.00000,				1.00000
 60,		1.00000,		1.00000,		1.00000,				1.00000,				1.00000
 61,		1.00000,		1.00000,		1.00000,				1.00000,				1.00000
 62,		1.00000,		1.00000,		1.00000,				1.00000,				1.00000
 63,		1.00000,		1.00000,		1.00000,				1.00000,				1.00000
 64,		1.00000,		1.00000,		1.00000,				1.00000,				1.00000
 65,		1.00000,		1.00000,		1.00000,				1.00000,				1.00000
 66,		1.00000,		1.00000,		1.00000,				1.00000,				1.00000
 67,		1.00000,		1.00000,		1.00000,				1.00000,				1.00000
 68,		0.99999,		1.00000,		1.00000,				1.00000,				1.00000
 69,		0.99999,		1.00000,		1.00000,				1.00000,				1.00000
 70,		0.99999,		1.00000,		1.00000,				1.00000,				1.00000
 71,		0.99999,		1.00000,		1.00000,				1.00000,				1.00000
 72,		0.99999,		1.00000,		1.00000,				1.00000,				1.00000
 73,		0.99999,		1.00000,		1.00000,				1.00000,				1.00000
 74,		0.99963,		0.99999,		1.00000,				1.00001,				1.00000
 75,		0.99997,		1.00000,		1.00000,				1.00000,				1.00000
 76,		0.99999,		0.99999,		1.00000,				1.00001,				1.00000
 77,		0.99999,		1.00000,		1.00000,				1.00000,				1.00000
 78,		0.99997,		0.99999,		1.00000,				1.00001,				1.00000
 79,		0.99997,		1.00000,		1.00000,				1.00000,				1.00000
 80,		0.99997,		1.00000,		1.00000,				1.00000,				1.00000
 81,		0.99999,		0.99999,		1.00000,				1.00001,				1.00000
 82,		0.99999,		1.00000,		1.00000,				1.00000,				1.00000
 83,		0.99999,		1.00000,		1.00000,				1.00000,				1.00000
 84,		0.99999,		0.99999,		1.00000,				1.00001,				1.00000
 85,		0.99999,		1.00000,		1.00000,				1.00000,				1.00000
 86,		0.99999,		0.99999,		1.00000,				1.00001,				1.00000
 87,		0.99999,		1.00000,		1.00000,				1.00000,				1.00000
 88,		0.93762,		0.99937,		1.00000,				1.00063,				1.00000
 89,		0.99997,		0.99999,		1.00000,				1.00001,				1.00000
 90,		0.99999,		0.99999,		1.00000,				1.00001,				1.00000
 91,		0.93762,		0.99937,		1.00000,				1.00063,				1.00000
 92,		0.93762,		0.99937,		1.00000,				1.00063,				1.00000
 93,		0.99963,		0.99998,		0.99999,				1.00001,				0.99999
 94,		0.99963,		0.99999,		0.99999,				1.00000,				0.99999
 95,		0.93762,		0.99936,		1.00000,				1.00064,				1.00000
 96,		0.93762,		0.99874,		0.99999,				1.00125,				0.99999
 97,		0.99997,		0.99999,		0.99999,				1.00000,				0.99999
 98,		0.99997,		0.99999,		0.99999,				1.00000,				0.99999
 99,		0.99999,		0.99999,		0.99999,				1.00000,				0.99999
100,		0.99999,		0.99999,		0.99999,				1.00000,				0.99999
101,		0.99963,		0.99999,		0.99999,				1.00000,				0.99999
102,		0.99999,		0.99999,		0.99999,				1.00000,				0.99999
103,		0.99999,		0.99999,		1.00000,				1.00001,				1.00000
104,		0.99999,		0.99999,		0.99999,				1.00000,				0.99999
105,		0.99999,		0.99999,		0.99999,				1.00000,				0.99999
106,		0.93762,		0.99937,		0.99999,				1.00062,				0.99999
107,		0.99999,		0.99999,		0.99999,				1.00000,				0.99999
108,		0.99999,		0.99999,		0.99999,				1.00000,				0.99999
109,		0.99999,		0.99999,		0.99999,				1.00000,				0.99999
110,		0.99997,		0.99999,		0.99999,				1.00000,				0.99999
111,		0.99997,		0.99999,		0.99999,				1.00000,				0.99999
112,		0.99999,		0.99999,		0.99999,				1.00000,				0.99999
113,		0.99999,		0.99999,		0.99999,				1.00000,				0.99999
114,		0.99999,		0.99999,		0.99999,				1.00000,				0.99999
115,		0.99999,		0.99999,		0.99999,				1.00000,				0.99999
116,		0.99999,		0.99999,		0.99999,				1.00000,				0.99999
117,		0.99999,		0.99999,		0.99999,				1.00000,				0.99999
118,		0.99999,		0.99999,		0.99999,				1.00000,				0.99999
119,		0.99999,		0.99999,		1.00000,				1.00001,				1.00000
120,		0.99999,		0.99999,		1.00000,				1.00001,				1.00000
121,		0.99997,		0.99999,		1.00000,				1.00001,				1.00000
122,		0.99963,		0.99999,		0.99999,				1.00000,				0.99999
123,		0.99999,		0.99999,		0.99999,				1.00000,				0.99999
124,		0.99999,		0.99999,		0.99999,				1.00000,				0.99999
125,		0.99999,		0.99999,		0.99999,				1.00000,				0.99999
126,		0.99999,		0.99999,		0.99999,				1.00000,				0.99999
127,		0.99999,		0.99999,		1.00000,				1.00001,				1.00000
128,		0.99999,		0.99999,		1.00000,				1.00001,				1.00000
129,		0.99999,		0.99999,		1.00000,				1.00001,				1.00000
130,		0.99963,		0.99999,		1.00000,				1.00001,				1.00000
131,		0.99963,		0.99999,		1.00000,				1.00001,				1.00000
132,		0.99963,		0.99999,		1.00000,				1.00001,				1.00000
133,		0.99999,		0.99999,		1.00000,				1.00001,				1.00000
134,		0.99999,		0.99999,		1.00000,				1.00001,				1.00000
135,		0.99999,		0.99999,		1.00000,				1.00001,				1.00000
136,		0.99999,		0.99999,		0.99999,				1.00000,				0.99999
137,		0.99999,		0.99999,		0.99999,				1.00000,				0.99999
138,		0.99999,		0.99999,		0.99999,				1.00000,				0.99999
139,		0.99999,		0.99999,		0.99999,				1.00000,				0.99999
140,		0.99999,		0.99999,		0.99999,				1.00000,				0.99999
141,		0.99999,		0.99999,		0.99999,				1.00000,				0.99999
142,		0.93773,		0.99937,		0.99999,				1.00062,				0.99999
143,		0.99999,		0.99999,		0.99999,				1.00000,				0.99999
144,		0.99999,		0.99999,		0.99999,				1.00000,				0.99999
145,		0.99997,		0.99999,		0.99999,				1.00000,				0.99999
146,		0.99963,		0.99999,		0.99999,				1.00000,				0.99999
147,		0.99999,		0.99999,		0.99999,				1.00000,				0.99999
148,		0.99999,		0.99999,		0.99999,				1.00000,				0.99999
149,		0.99999,		0.99999,		0.99999,				1.00000,				0.99999
