RANDOM_SEED, 1698991633
GEN,		MIN,			AVE,			MAX,
0,		0.00200,		0.01121,		0.64428,
1,		0.00200,		0.00348,		0.11727,
2,		0.00200,		0.00201,		0.00208,
3,		0.00200,		0.00203,		0.00277,
4,		0.00200,		0.00201,		0.00207,
5,		0.00200,		0.00205,		0.00276,
6,		0.00200,		0.00202,		0.00257,
7,		0.00200,		0.00208,		0.00276,
8,		0.00200,		0.00206,		0.00214,
9,		0.00200,		0.00205,		0.00214,
10,		0.00200,		0.00204,		0.00214,
11,		0.00200,		0.00203,		0.00214,
12,		0.00200,		0.00205,		0.00214,
13,		0.00200,		0.00205,		0.00214,
14,		0.00200,		0.00207,		0.00286,
15,		0.00202,		0.00207,		0.00286,
16,		0.00201,		0.00208,		0.00257,
17,		0.00201,		0.00208,		0.00216,
18,		0.00202,		0.00207,		0.00216,
19,		0.00201,		0.00207,		0.00214,
20,		0.00201,		0.00207,		0.00286,
21,		0.00204,		0.00207,		0.00207,
22,		0.00201,		0.00207,		0.00207,
23,		0.00201,		0.00207,		0.00207,
24,		0.00201,		0.00207,		0.00207,
25,		0.00201,		0.00207,		0.00207,
26,		0.00201,		0.00207,		0.00207,
27,		0.00201,		0.00207,		0.00257,
28,		0.00201,		0.00208,		0.00368,
29,		0.00207,		0.00208,		0.00368,
30,		0.00204,		0.00209,		0.00368,
31,		0.00205,		0.00209,		0.00368,
32,		0.00201,		0.00207,		0.00257,
33,		0.00203,		0.00207,		0.00212,
34,		0.00206,		0.00207,		0.00207,
35,		0.00207,		0.00207,		0.00207,
36,		0.00207,		0.00207,		0.00207,
37,		0.00202,		0.00207,		0.00207,
38,		0.00202,		0.00207,		0.00207,
39,		0.00201,		0.00207,		0.00207,
40,		0.00200,		0.00207,		0.00213,
41,		0.00202,		0.00207,		0.00207,
42,		0.00200,		0.00207,		0.00207,
43,		0.00200,		0.00207,		0.00207,
44,		0.00200,		0.00209,		0.00443,
45,		0.00201,		0.00210,		0.00439,
46,		0.00201,		0.00207,		0.00213,
47,		0.00207,		0.00207,		0.00209,
48,		0.00207,		0.00209,		0.00443,
49,		0.00207,		0.00207,		0.00207,
50,		0.00207,		0.00207,		0.00213,
51,		0.00207,		0.00207,		0.00213,
52,		0.00205,		0.00207,		0.00207,
53,		0.00201,		0.00207,		0.00207,
54,		0.00201,		0.00207,		0.00207,
55,		0.00207,		0.00207,		0.00207,
56,		0.00203,		0.00209,		0.00443,
57,		0.00206,		0.00212,		0.00443,
58,		0.00206,		0.00212,		0.00443,
59,		0.00206,		0.00210,		0.00443,
60,		0.00206,		0.00214,		0.00443,
61,		0.00206,		0.00209,		0.00443,
62,		0.00202,		0.00209,		0.00443,
63,		0.00201,		0.00209,		0.00443,
64,		0.00201,		0.00208,		0.00300,
65,		0.00200,		0.00208,		0.00300,
66,		0.00201,		0.00207,		0.00207,
67,		0.00201,		0.00210,		0.00524,
68,		0.00205,		0.00207,		0.00207,
69,		0.00207,		0.00207,		0.00210,
70,		0.00207,		0.00207,		0.00210,
71,		0.00201,		0.00207,		0.00207,
72,		0.00207,		0.00207,		0.00207,
73,		0.00205,		0.00207,		0.00207,
74,		0.00205,		0.00207,		0.00207,
75,		0.00207,		0.00207,		0.00207,
76,		0.00203,		0.00207,		0.00207,
77,		0.00202,		0.00207,		0.00207,
78,		0.00200,		0.00208,		0.00312,
79,		0.00202,		0.00208,		0.00312,
80,		0.00207,		0.00208,		0.00312,
81,		0.00207,		0.00207,		0.00207,
82,		0.00203,		0.00207,		0.00207,
83,		0.00203,		0.00207,		0.00213,
84,		0.00202,		0.00207,		0.00213,
85,		0.00202,		0.00207,		0.00207,
86,		0.00206,		0.00207,		0.00213,
87,		0.00201,		0.00207,		0.00213,
88,		0.00206,		0.00209,		0.00369,
89,		0.00206,		0.00210,		0.00369,
90,		0.00207,		0.00211,		0.00369,
91,		0.00207,		0.00208,		0.00312,
92,		0.00207,		0.00207,		0.00207,
93,		0.00205,		0.00207,		0.00207,
94,		0.00200,		0.00207,		0.00207,
95,		0.00207,		0.00210,		0.00332,
96,		0.00202,		0.00207,		0.00207,
97,		0.00202,		0.00207,		0.00214,
98,		0.00207,		0.00213,		0.00798,
99,		0.00207,		0.00213,		0.00798,
100,		0.00207,		0.00207,		0.00207,
101,		0.00200,		0.00207,		0.00213,
102,		0.00207,		0.00213,		0.00798,
103,		0.00200,		0.00207,		0.00214,
104,		0.00200,		0.00207,		0.00214,
105,		0.00200,		0.00207,		0.00214,
106,		0.00200,		0.00205,		0.00214,
107,		0.00200,		0.00205,		0.00207,
108,		0.00200,		0.00206,		0.00207,
109,		0.00200,		0.00205,		0.00214,
110,		0.00200,		0.00206,		0.00207,
111,		0.00200,		0.00203,		0.00207,
112,		0.00200,		0.00202,		0.00207,
113,		0.00200,		0.00203,		0.00207,
114,		0.00200,		0.00205,		0.00207,
115,		0.00200,		0.00202,		0.00207,
116,		0.00200,		0.00202,		0.00207,
117,		0.00200,		0.00201,		0.00207,
118,		0.00200,		0.00200,		0.00207,
119,		0.00200,		0.00200,		0.00207,
120,		0.00200,		0.00201,		0.00334,
121,		0.00200,		0.00200,		0.00203,
122,		0.00200,		0.00200,		0.00202,
123,		0.00200,		0.00200,		0.00200,
124,		0.00200,		0.00200,		0.00200,
125,		0.00200,		0.00200,		0.00200,
126,		0.00200,		0.00200,		0.00200,
127,		0.00200,		0.00200,		0.00200,
128,		0.00200,		0.00200,		0.00200,
129,		0.00200,		0.00200,		0.00200,
130,		0.00200,		0.00200,		0.00204,
131,		0.00200,		0.00200,		0.00200,
132,		0.00200,		0.00200,		0.00202,
133,		0.00200,		0.00200,		0.00202,
134,		0.00200,		0.00200,		0.00200,
135,		0.00200,		0.00200,		0.00200,
136,		0.00200,		0.00200,		0.00200,
137,		0.00200,		0.00200,		0.00200,
138,		0.00200,		0.00200,		0.00200,
139,		0.00200,		0.00200,		0.00200,
140,		0.00200,		0.00200,		0.00200,
141,		0.00200,		0.00200,		0.00200,
142,		0.00200,		0.00200,		0.00200,
143,		0.00200,		0.00200,		0.00200,
144,		0.00200,		0.00200,		0.00200,
145,		0.00200,		0.00200,		0.00200,
146,		0.00200,		0.00200,		0.00200,
147,		0.00200,		0.00200,		0.00200,
148,		0.00200,		0.00200,		0.00200,
149,		0.00200,		0.00200,		0.00201,
