RANDOM_SEED, 1698991647
GEN,		MIN,			AVE,			MAX,
0,		0.57956,		24.75936,		70.94175,
1,		0.46281,		10.31643,		17.46014,
2,		0.25118,		3.47426,		9.07391,
3,		0.09457,		1.13164,		2.01506,
4,		0.04959,		0.29982,		0.78848,
5,		0.04959,		0.09101,		0.20620,
6,		0.02068,		0.06888,		0.09457,
7,		0.02068,		0.03704,		0.04959,
8,		0.02058,		0.02068,		0.02068,
9,		0.01817,		0.02065,		0.02068,
10,		0.01817,		0.02022,		0.02068,
11,		0.01807,		0.01878,		0.02068,
12,		0.01606,		0.01810,		0.01817,
13,		0.01606,		0.01792,		0.01817,
14,		0.01606,		0.01684,		0.01807,
15,		0.00321,		0.01593,		0.01606,
16,		0.00321,		0.01558,		0.01606,
17,		0.00321,		0.01389,		0.01606,
18,		0.00161,		0.01026,		0.01606,
19,		0.00161,		0.00255,		0.00321,
20,		0.00161,		0.00217,		0.00321,
21,		0.00161,		0.00161,		0.00161,
22,		0.00161,		0.00161,		0.00161,
23,		0.00161,		0.00161,		0.00161,
24,		0.00161,		0.00161,		0.00161,
25,		0.00161,		0.00161,		0.00161,
26,		0.00161,		0.00161,		0.00161,
27,		0.00161,		0.00161,		0.00161,
28,		0.00161,		0.00161,		0.00161,
29,		0.00161,		0.00161,		0.00161,
30,		0.00161,		0.00161,		0.00161,
31,		0.00161,		0.00161,		0.00161,
32,		0.00161,		0.00161,		0.00161,
33,		0.00161,		0.00161,		0.00161,
34,		0.00161,		0.00161,		0.00161,
35,		0.00161,		0.00161,		0.00161,
36,		0.00161,		0.00161,		0.00161,
37,		0.00161,		0.00161,		0.00161,
38,		0.00161,		0.00161,		0.00161,
39,		0.00161,		0.00161,		0.00161,
40,		0.00161,		0.00161,		0.00161,
41,		0.00161,		0.00161,		0.00161,
42,		0.00161,		0.00161,		0.00161,
43,		0.00000,		0.00159,		0.00161,
44,		0.00000,		0.00079,		0.00161,
45,		0.00000,		0.00000,		0.00000,
46,		0.00000,		0.00000,		0.00000,
47,		0.00000,		0.00000,		0.00000,
48,		0.00000,		0.00000,		0.00000,
49,		0.00000,		0.00000,		0.00000,
50,		0.00000,		0.00000,		0.00000,
51,		0.00000,		0.00000,		0.00000,
52,		0.00000,		0.00000,		0.00000,
53,		0.00000,		0.00000,		0.00000,
54,		0.00000,		0.00000,		0.00000,
55,		0.00000,		0.00000,		0.00000,
56,		0.00000,		0.00000,		0.00000,
57,		0.00000,		0.00000,		0.00000,
58,		0.00000,		0.00000,		0.00000,
59,		0.00000,		0.00000,		0.00000,
60,		0.00000,		0.00000,		0.00000,
61,		0.00000,		0.00000,		0.00000,
62,		0.00000,		0.00000,		0.00000,
63,		0.00000,		0.00000,		0.00000,
64,		0.00000,		0.00000,		0.00000,
65,		0.00000,		0.00000,		0.00000,
66,		0.00000,		0.00000,		0.00000,
67,		0.00000,		0.00000,		0.00000,
68,		0.00000,		0.00000,		0.00000,
69,		0.00000,		0.00000,		0.00000,
70,		0.00000,		0.00000,		0.00000,
71,		0.00000,		0.00000,		0.00000,
72,		0.00000,		0.00000,		0.00000,
73,		0.00000,		0.00000,		0.00000,
74,		0.00000,		0.00000,		0.00000,
75,		0.00000,		0.00000,		0.00000,
76,		0.00000,		0.00000,		0.00000,
77,		0.00000,		0.00000,		0.00000,
78,		0.00000,		0.00000,		0.00000,
79,		0.00000,		0.00000,		0.00000,
80,		0.00000,		0.00000,		0.00000,
81,		0.00000,		0.00000,		0.00000,
82,		0.00000,		0.00000,		0.00000,
83,		0.00000,		0.00000,		0.00000,
84,		0.00000,		0.00000,		0.00000,
85,		0.00000,		0.00000,		0.00000,
86,		0.00000,		0.00000,		0.00000,
87,		0.00000,		0.00000,		0.00000,
88,		0.00000,		0.00000,		0.00000,
89,		0.00000,		0.00000,		0.00000,
90,		0.00000,		0.00000,		0.00000,
91,		0.00000,		0.00000,		0.00000,
92,		0.00000,		0.00000,		0.00000,
93,		0.00000,		0.00000,		0.00000,
94,		0.00000,		0.00000,		0.00000,
95,		0.00000,		0.00000,		0.00000,
96,		0.00000,		0.00000,		0.00000,
97,		0.00000,		0.00000,		0.00000,
98,		0.00000,		0.00000,		0.00000,
99,		0.00000,		0.00000,		0.00000,
100,		0.00000,		0.00000,		0.00000,
101,		0.00000,		0.00000,		0.00000,
102,		0.00000,		0.00000,		0.00000,
103,		0.00000,		0.00000,		0.00000,
104,		0.00000,		0.00000,		0.00000,
105,		0.00000,		0.00000,		0.00000,
106,		0.00000,		0.00000,		0.00000,
107,		0.00000,		0.00000,		0.00000,
108,		0.00000,		0.00000,		0.00000,
109,		0.00000,		0.00000,		0.00000,
110,		0.00000,		0.00000,		0.00000,
111,		0.00000,		0.00000,		0.00000,
112,		0.00000,		0.00000,		0.00000,
113,		0.00000,		0.00000,		0.00000,
114,		0.00000,		0.00000,		0.00000,
115,		0.00000,		0.00000,		0.00000,
116,		0.00000,		0.00000,		0.00000,
117,		0.00000,		0.00000,		0.00000,
118,		0.00000,		0.00000,		0.00000,
119,		0.00000,		0.00000,		0.00000,
120,		0.00000,		0.00000,		0.00000,
121,		0.00000,		0.00000,		0.00000,
122,		0.00000,		0.00000,		0.00000,
123,		0.00000,		0.00000,		0.00000,
124,		0.00000,		0.00000,		0.00000,
125,		0.00000,		0.00000,		0.00000,
126,		0.00000,		0.00000,		0.00000,
127,		0.00000,		0.00000,		0.00000,
128,		0.00000,		0.00000,		0.00000,
129,		0.00000,		0.00000,		0.00000,
130,		0.00000,		0.00000,		0.00000,
131,		0.00000,		0.00000,		0.00000,
132,		0.00000,		0.00000,		0.00000,
133,		0.00000,		0.00000,		0.00000,
134,		0.00000,		0.00000,		0.00000,
135,		0.00000,		0.00000,		0.00000,
136,		0.00000,		0.00000,		0.00000,
137,		0.00000,		0.00000,		0.00000,
138,		0.00000,		0.00000,		0.00000,
139,		0.00000,		0.00000,		0.00000,
140,		0.00000,		0.00000,		0.00000,
141,		0.00000,		0.00000,		0.00000,
142,		0.00000,		0.00000,		0.00000,
143,		0.00000,		0.00000,		0.00000,
144,		0.00000,		0.00000,		0.00000,
145,		0.00000,		0.00000,		0.00000,
146,		0.00000,		0.00000,		0.00000,
147,		0.00000,		0.00000,		0.00000,
148,		0.00000,		0.00000,		0.00000,
149,		0.00000,		0.00000,		0.00000,
