RANDOM_SEED, 1698991667
GEN,		MIN,				AVE,				MAX,			CONV,					CONV_ACT,
  0,		23.41,		53.55,		76.25,				1.42411,				0.96963
  1,		59.73,		67.48,		77.82,				1.15317,				0.98950
  2,		69.92,		75.52,		78.27,				1.03643,				0.99522
  3,		77.39,		77.80,		78.40,				1.00770,				0.99690
  4,		77.88,		78.19,		78.58,				1.00489,				0.99915
  5,		78.27,		78.46,		78.61,				1.00182,				0.99952
  6,		78.54,		78.56,		78.61,				1.00056,				0.99952
  7,		78.58,		78.59,		78.62,				1.00038,				0.99973
  8,		78.61,		78.61,		78.62,				1.00014,				0.99976
  9,		78.62,		78.62,		78.63,				1.00012,				0.99986
 10,		78.62,		78.62,		78.63,				1.00010,				0.99986
 11,		78.62,		78.63,		78.64,				1.00012,				0.99994
 12,		78.63,		78.64,		78.64,				1.00004,				0.99994
 13,		78.64,		78.64,		78.64,				1.00000,				0.99994
 14,		78.64,		78.64,		78.64,				1.00000,				0.99994
 15,		78.64,		78.64,		78.64,				1.00001,				0.99995
 16,		78.64,		78.64,		78.64,				1.00004,				0.99998
 17,		78.64,		78.64,		78.64,				1.00004,				0.99998
 18,		78.64,		78.64,		78.64,				1.00004,				0.99999
 19,		78.64,		78.64,		78.64,				1.00002,				0.99999
 20,		78.64,		78.64,		78.64,				1.00000,				0.99999
 21,		78.64,		78.64,		78.64,				1.00000,				0.99999
 22,		78.64,		78.64,		78.64,				1.00000,				0.99999
 23,		78.64,		78.64,		78.64,				1.00000,				0.99999
 24,		78.64,		78.64,		78.64,				1.00000,				0.99999
 25,		78.64,		78.64,		78.64,				1.00000,				0.99999
 26,		78.64,		78.64,		78.64,				1.00000,				0.99999
 27,		78.64,		78.64,		78.64,				1.00000,				0.99999
 28,		78.64,		78.64,		78.64,				1.00000,				0.99999
 29,		78.64,		78.64,		78.64,				1.00000,				0.99999
 30,		78.64,		78.64,		78.64,				1.00000,				0.99999
 31,		78.64,		78.64,		78.64,				1.00000,				0.99999
 32,		78.64,		78.64,		78.64,				1.00000,				0.99999
 33,		78.64,		78.64,		78.64,				1.00000,				0.99999
 34,		78.64,		78.64,		78.64,				1.00000,				0.99999
 35,		78.64,		78.64,		78.64,				1.00000,				0.99999
 36,		78.64,		78.64,		78.64,				1.00000,				0.99999
 37,		78.64,		78.64,		78.64,				1.00000,				0.99999
 38,		78.64,		78.64,		78.64,				1.00000,				0.99999
 39,		78.64,		78.64,		78.64,				1.00000,				0.99999
 40,		78.64,		78.64,		78.64,				1.00000,				0.99999
 41,		78.64,		78.64,		78.64,				1.00000,				0.99999
 42,		78.64,		78.64,		78.64,				1.00000,				0.99999
 43,		78.64,		78.64,		78.64,				1.00000,				0.99999
 44,		78.64,		78.64,		78.64,				1.00000,				0.99999
 45,		78.64,		78.64,		78.64,				1.00000,				0.99999
 46,		78.64,		78.64,		78.64,				1.00000,				0.99999
 47,		78.64,		78.64,		78.64,				1.00000,				0.99999
 48,		78.64,		78.64,		78.64,				1.00000,				0.99999
 49,		78.64,		78.64,		78.64,				1.00000,				0.99999
 50,		78.64,		78.64,		78.64,				1.00000,				0.99999
 51,		78.64,		78.64,		78.64,				1.00000,				0.99999
 52,		78.64,		78.64,		78.64,				1.00000,				0.99999
 53,		78.64,		78.64,		78.64,				1.00000,				0.99999
 54,		78.64,		78.64,		78.64,				1.00000,				0.99999
 55,		78.64,		78.64,		78.64,				1.00000,				0.99999
 56,		78.64,		78.64,		78.64,				1.00000,				0.99999
 57,		78.64,		78.64,		78.64,				1.00001,				1.00000
 58,		78.64,		78.64,		78.64,				1.00000,				1.00000
 59,		78.64,		78.64,		78.64,				1.00000,				1.00000
 60,		78.64,		78.64,		78.64,				1.00000,				1.00000
 61,		78.64,		78.64,		78.64,				1.00000,				1.00000
 62,		78.64,		78.64,		78.64,				1.00000,				1.00000
 63,		78.64,		78.64,		78.64,				1.00000,				1.00000
 64,		78.64,		78.64,		78.64,				1.00000,				1.00000
 65,		78.64,		78.64,		78.64,				1.00000,				1.00000
 66,		78.64,		78.64,		78.64,				1.00000,				1.00000
 67,		78.64,		78.64,		78.64,				1.00000,				1.00000
 68,		78.64,		78.64,		78.64,				1.00000,				1.00000
 69,		78.64,		78.64,		78.64,				1.00000,				1.00000
 70,		78.64,		78.64,		78.64,				1.00000,				1.00000
 71,		78.64,		78.64,		78.64,				1.00000,				1.00000
 72,		78.64,		78.64,		78.64,				1.00000,				1.00000
 73,		78.64,		78.64,		78.64,				1.00000,				1.00000
 74,		78.64,		78.64,		78.64,				1.00000,				1.00000
 75,		78.64,		78.64,		78.64,				1.00000,				1.00000
 76,		78.64,		78.64,		78.64,				1.00000,				1.00000
 77,		78.64,		78.64,		78.64,				1.00000,				1.00000
 78,		78.64,		78.64,		78.64,				1.00000,				1.00000
 79,		78.64,		78.64,		78.64,				1.00000,				1.00000
 80,		78.64,		78.64,		78.64,				1.00000,				1.00000
 81,		78.64,		78.64,		78.64,				1.00000,				1.00000
 82,		78.64,		78.64,		78.64,				1.00000,				1.00000
 83,		78.64,		78.64,		78.64,				1.00000,				1.00000
 84,		78.64,		78.64,		78.64,				1.00000,				1.00000
 85,		78.64,		78.64,		78.64,				1.00000,				1.00000
 86,		78.64,		78.64,		78.64,				1.00000,				1.00000
 87,		78.64,		78.64,		78.64,				1.00000,				1.00000
 88,		78.64,		78.64,		78.64,				1.00000,				1.00000
 89,		78.64,		78.64,		78.64,				1.00000,				1.00000
 90,		78.64,		78.64,		78.64,				1.00000,				1.00000
 91,		78.64,		78.64,		78.64,				1.00000,				1.00000
 92,		78.64,		78.64,		78.64,				1.00000,				1.00000
 93,		78.64,		78.64,		78.64,				1.00000,				1.00000
 94,		78.64,		78.64,		78.64,				1.00000,				1.00000
 95,		78.64,		78.64,		78.64,				1.00000,				1.00000
 96,		78.64,		78.64,		78.64,				1.00000,				1.00000
 97,		78.64,		78.64,		78.64,				1.00000,				1.00000
 98,		78.64,		78.64,		78.64,				1.00000,				1.00000
 99,		78.64,		78.64,		78.64,				1.00000,				1.00000
100,		78.64,		78.64,		78.64,				1.00000,				1.00000
101,		78.64,		78.64,		78.64,				1.00000,				1.00000
102,		78.64,		78.64,		78.64,				1.00000,				1.00000
103,		78.64,		78.64,		78.64,				1.00000,				1.00000
104,		78.64,		78.64,		78.64,				1.00000,				1.00000
105,		78.64,		78.64,		78.64,				1.00000,				1.00000
106,		78.64,		78.64,		78.64,				1.00000,				1.00000
107,		78.64,		78.64,		78.64,				1.00000,				1.00000
108,		78.64,		78.64,		78.64,				1.00000,				1.00000
109,		78.64,		78.64,		78.64,				1.00000,				1.00000
110,		78.64,		78.64,		78.64,				1.00000,				1.00000
111,		78.64,		78.64,		78.64,				1.00000,				1.00000
112,		78.64,		78.64,		78.64,				1.00000,				1.00000
113,		78.64,		78.64,		78.64,				1.00000,				1.00000
114,		78.64,		78.64,		78.64,				1.00000,				1.00000
115,		78.64,		78.64,		78.64,				1.00000,				1.00000
116,		78.64,		78.64,		78.64,				1.00000,				1.00000
117,		78.64,		78.64,		78.64,				1.00000,				1.00000
118,		78.64,		78.64,		78.64,				1.00000,				1.00000
119,		78.64,		78.64,		78.64,				1.00000,				1.00000
120,		78.64,		78.64,		78.64,				1.00000,				1.00000
121,		78.64,		78.64,		78.64,				1.00000,				1.00000
122,		78.64,		78.64,		78.64,				1.00000,				1.00000
123,		78.64,		78.64,		78.64,				1.00000,				1.00000
124,		78.64,		78.64,		78.64,				1.00000,				1.00000
125,		78.64,		78.64,		78.64,				1.00000,				1.00000
126,		78.64,		78.64,		78.64,				1.00000,				1.00000
127,		78.64,		78.64,		78.64,				1.00000,				1.00000
128,		78.64,		78.64,		78.64,				1.00000,				1.00000
129,		78.64,		78.64,		78.64,				1.00000,				1.00000
130,		78.64,		78.64,		78.64,				1.00000,				1.00000
131,		78.64,		78.64,		78.64,				1.00000,				1.00000
132,		78.64,		78.64,		78.64,				1.00000,				1.00000
133,		78.64,		78.64,		78.64,				1.00000,				1.00000
134,		78.64,		78.64,		78.64,				1.00000,				1.00000
135,		78.64,		78.64,		78.64,				1.00000,				1.00000
136,		78.64,		78.64,		78.64,				1.00000,				1.00000
137,		78.64,		78.64,		78.64,				1.00000,				1.00000
138,		78.64,		78.64,		78.64,				1.00000,				1.00000
139,		78.64,		78.64,		78.64,				1.00000,				1.00000
140,		78.64,		78.64,		78.64,				1.00000,				1.00000
141,		78.64,		78.64,		78.64,				1.00000,				1.00000
142,		78.64,		78.64,		78.64,				1.00000,				1.00000
143,		78.64,		78.64,		78.64,				1.00000,				1.00000
144,		78.64,		78.64,		78.64,				1.00000,				1.00000
145,		78.64,		78.64,		78.64,				1.00000,				1.00000
146,		78.64,		78.64,		78.64,				1.00000,				1.00000
147,		78.64,		78.64,		78.64,				1.00000,				1.00000
148,		78.64,		78.64,		78.64,				1.00000,				1.00000
149,		78.64,		78.64,		78.64,				1.00000,				1.00000
