RANDOM_SEED, 1698991736
GEN,		MIN,			AVE,			MAX,
0,		1.52160,		343.92835,		2496.41502,
1,		0.95610,		55.96329,		195.85526,
2,		0.52137,		4.84126,		12.54318,
3,		0.44235,		1.40381,		3.09970,
4,		0.37734,		0.54047,		0.95610,
5,		0.36415,		0.42155,		0.47665,
6,		0.35935,		0.37121,		0.39374,
7,		0.35935,		0.36591,		0.37734,
8,		0.35935,		0.36324,		0.36415,
9,		0.35935,		0.36054,		0.36415,
10,		0.35935,		0.35935,		0.35935,
11,		0.35593,		0.35931,		0.35935,
12,		0.35593,		0.35760,		0.35935,
13,		0.35593,		0.35593,		0.35593,
14,		0.35593,		0.35593,		0.35593,
15,		0.35593,		0.35593,		0.35593,
16,		0.35593,		0.35593,		0.35593,
17,		0.35593,		0.35593,		0.35593,
18,		0.35593,		0.35593,		0.35593,
19,		0.35593,		0.35593,		0.35593,
20,		0.35593,		0.35593,		0.35593,
21,		0.35593,		0.35593,		0.35593,
22,		0.35593,		0.35593,		0.35593,
23,		0.35593,		0.35593,		0.35593,
24,		0.35593,		0.35593,		0.35593,
25,		0.35593,		0.35593,		0.35593,
26,		0.35593,		0.35593,		0.35593,
27,		0.35593,		0.35593,		0.35593,
28,		0.35593,		0.35593,		0.35593,
29,		0.35593,		0.35593,		0.35593,
30,		0.35593,		0.35593,		0.35593,
31,		0.35593,		0.35593,		0.35593,
32,		0.35593,		0.35593,		0.35593,
33,		0.35593,		0.35593,		0.35593,
34,		0.35593,		0.35593,		0.35593,
35,		0.35593,		0.35593,		0.35593,
36,		0.35593,		0.35593,		0.35593,
37,		0.35593,		0.35593,		0.35593,
38,		0.35593,		0.35593,		0.35593,
39,		0.35593,		0.35593,		0.35593,
40,		0.35593,		0.35593,		0.35593,
41,		0.35593,		0.35593,		0.35593,
42,		0.35593,		0.35593,		0.35593,
43,		0.35593,		0.35593,		0.35593,
44,		0.35593,		0.35593,		0.35593,
45,		0.35593,		0.35593,		0.35593,
46,		0.35593,		0.35593,		0.35593,
47,		0.35593,		0.35593,		0.35593,
48,		0.35593,		0.35593,		0.35593,
49,		0.35593,		0.35593,		0.35593,
50,		0.35593,		0.35593,		0.35593,
51,		0.35593,		0.35593,		0.35593,
52,		0.35593,		0.35593,		0.35593,
53,		0.35593,		0.35593,		0.35593,
54,		0.35593,		0.35593,		0.35593,
55,		0.35593,		0.35593,		0.35593,
56,		0.35593,		0.35593,		0.35593,
57,		0.35593,		0.35593,		0.35593,
58,		0.35593,		0.35593,		0.35593,
59,		0.35593,		0.35593,		0.35593,
60,		0.35593,		0.35593,		0.35593,
61,		0.35593,		0.35593,		0.35593,
62,		0.35593,		0.35593,		0.35593,
63,		0.35593,		0.35593,		0.35593,
64,		0.35593,		0.35593,		0.35593,
65,		0.35593,		0.35593,		0.35593,
66,		0.35593,		0.35593,		0.35593,
67,		0.35593,		0.35593,		0.35593,
68,		0.35593,		0.35593,		0.35593,
69,		0.35593,		0.35593,		0.35593,
70,		0.35593,		0.35593,		0.35593,
71,		0.35593,		0.35593,		0.35593,
72,		0.35593,		0.35593,		0.35593,
73,		0.35593,		0.35593,		0.35593,
74,		0.35593,		0.35593,		0.35593,
75,		0.35593,		0.35593,		0.35593,
76,		0.35593,		0.35593,		0.35593,
77,		0.35593,		0.35593,		0.35593,
78,		0.35593,		0.35593,		0.35593,
79,		0.35593,		0.35593,		0.35593,
80,		0.35593,		0.35593,		0.35593,
81,		0.35593,		0.35593,		0.35593,
82,		0.35593,		0.35593,		0.35593,
83,		0.35593,		0.35593,		0.35593,
84,		0.35593,		0.35593,		0.35593,
85,		0.35593,		0.35593,		0.35593,
86,		0.35593,		0.35593,		0.35593,
87,		0.35593,		0.35593,		0.35593,
88,		0.35593,		0.35593,		0.35593,
89,		0.35593,		0.35593,		0.35593,
90,		0.35593,		0.35593,		0.35593,
91,		0.35593,		0.35593,		0.35593,
92,		0.35593,		0.35593,		0.35593,
93,		0.35593,		0.35593,		0.35593,
94,		0.35593,		0.35593,		0.35593,
95,		0.35593,		0.35593,		0.35593,
96,		0.35593,		0.35593,		0.35593,
97,		0.35593,		0.35593,		0.35593,
98,		0.35593,		0.35593,		0.35593,
99,		0.35593,		0.35593,		0.35593,
100,		0.35593,		0.35593,		0.35593,
101,		0.35593,		0.35593,		0.35593,
102,		0.35593,		0.35593,		0.35593,
103,		0.35593,		0.35593,		0.35593,
104,		0.35593,		0.35593,		0.35593,
105,		0.35593,		0.35593,		0.35593,
106,		0.35593,		0.35593,		0.35593,
107,		0.35593,		0.35593,		0.35593,
108,		0.35593,		0.35593,		0.35593,
109,		0.35593,		0.35593,		0.35593,
110,		0.35593,		0.35593,		0.35593,
111,		0.35593,		0.35593,		0.35593,
112,		0.35593,		0.35593,		0.35593,
113,		0.35593,		0.35593,		0.35593,
114,		0.35593,		0.35593,		0.35593,
115,		0.35593,		0.35593,		0.35593,
116,		0.35593,		0.35593,		0.35593,
117,		0.35593,		0.35593,		0.35593,
118,		0.35593,		0.35593,		0.35593,
119,		0.35593,		0.35593,		0.35593,
120,		0.35593,		0.35593,		0.35593,
121,		0.35593,		0.35593,		0.35593,
122,		0.35593,		0.35593,		0.35593,
123,		0.35593,		0.35593,		0.35593,
124,		0.35593,		0.35593,		0.35593,
125,		0.35593,		0.35593,		0.35593,
126,		0.35593,		0.35593,		0.35593,
127,		0.35593,		0.35593,		0.35593,
128,		0.35593,		0.35593,		0.35593,
129,		0.35593,		0.35593,		0.35593,
130,		0.35593,		0.35593,		0.35593,
131,		0.35593,		0.35593,		0.35593,
132,		0.35593,		0.35593,		0.35593,
133,		0.35593,		0.35593,		0.35593,
134,		0.35593,		0.35593,		0.35593,
135,		0.35593,		0.35593,		0.35593,
136,		0.35593,		0.35593,		0.35593,
137,		0.35593,		0.35593,		0.35593,
138,		0.35593,		0.35593,		0.35593,
139,		0.35593,		0.35593,		0.35593,
140,		0.35593,		0.35593,		0.35593,
141,		0.35593,		0.35593,		0.35593,
142,		0.35593,		0.35593,		0.35593,
143,		0.35593,		0.35593,		0.35593,
144,		0.35593,		0.35593,		0.35593,
145,		0.35593,		0.35593,		0.35593,
146,		0.35593,		0.35593,		0.35593,
147,		0.35593,		0.35593,		0.35593,
148,		0.35593,		0.35593,		0.35593,
149,		0.35593,		0.35593,		0.35593,
