RANDOM_SEED, 1698991741
GEN,		MIN,			AVE,			MAX,
0,		1.41164,		517.17390,		3423.95642,
1,		0.38984,		82.96014,		284.01432,
2,		0.12100,		15.22343,		38.72191,
3,		0.10780,		7.12006,		25.54027,
4,		0.00555,		1.37797,		4.40590,
5,		0.00555,		0.26044,		0.59964,
6,		0.00555,		0.03842,		0.10780,
7,		0.00555,		0.00555,		0.00555,
8,		0.00555,		0.00555,		0.00555,
9,		0.00555,		0.00555,		0.00555,
10,		0.00555,		0.00555,		0.00555,
11,		0.00555,		0.00555,		0.00555,
12,		0.00555,		0.00555,		0.00555,
13,		0.00555,		0.00555,		0.00555,
14,		0.00555,		0.00555,		0.00555,
15,		0.00555,		0.00555,		0.00555,
16,		0.00555,		0.00555,		0.00555,
17,		0.00555,		0.00555,		0.00555,
18,		0.00555,		0.00555,		0.00555,
19,		0.00555,		0.00555,		0.00555,
20,		0.00555,		0.00555,		0.00555,
21,		0.00555,		0.00555,		0.00555,
22,		0.00555,		0.00555,		0.00555,
23,		0.00555,		0.00555,		0.00555,
24,		0.00555,		0.00555,		0.00555,
25,		0.00555,		0.00555,		0.00555,
26,		0.00555,		0.00555,		0.00555,
27,		0.00555,		0.00555,		0.00555,
28,		0.00555,		0.00555,		0.00555,
29,		0.00555,		0.00555,		0.00555,
30,		0.00555,		0.00555,		0.00555,
31,		0.00555,		0.00555,		0.00555,
32,		0.00555,		0.00555,		0.00555,
33,		0.00555,		0.00555,		0.00555,
34,		0.00555,		0.00555,		0.00555,
35,		0.00555,		0.00555,		0.00555,
36,		0.00555,		0.00555,		0.00555,
37,		0.00555,		0.00555,		0.00555,
38,		0.00555,		0.00555,		0.00555,
39,		0.00555,		0.00555,		0.00555,
40,		0.00555,		0.00555,		0.00555,
41,		0.00555,		0.00555,		0.00555,
42,		0.00555,		0.00555,		0.00555,
43,		0.00555,		0.00555,		0.00555,
44,		0.00555,		0.00555,		0.00555,
45,		0.00555,		0.00555,		0.00555,
46,		0.00555,		0.00555,		0.00555,
47,		0.00555,		0.00555,		0.00555,
48,		0.00555,		0.00555,		0.00555,
49,		0.00555,		0.00555,		0.00555,
50,		0.00555,		0.00555,		0.00555,
51,		0.00555,		0.00555,		0.00555,
52,		0.00555,		0.00555,		0.00555,
53,		0.00555,		0.00555,		0.00555,
54,		0.00555,		0.00555,		0.00555,
55,		0.00555,		0.00555,		0.00555,
56,		0.00555,		0.00555,		0.00555,
57,		0.00555,		0.00555,		0.00555,
58,		0.00555,		0.00555,		0.00555,
59,		0.00555,		0.00555,		0.00555,
60,		0.00555,		0.00555,		0.00555,
61,		0.00555,		0.00555,		0.00555,
62,		0.00555,		0.00555,		0.00555,
63,		0.00555,		0.00555,		0.00555,
64,		0.00555,		0.00555,		0.00555,
65,		0.00555,		0.00555,		0.00555,
66,		0.00555,		0.00555,		0.00555,
67,		0.00555,		0.00555,		0.00555,
68,		0.00555,		0.00555,		0.00555,
69,		0.00555,		0.00555,		0.00555,
70,		0.00555,		0.00555,		0.00555,
71,		0.00555,		0.00555,		0.00555,
72,		0.00555,		0.00555,		0.00555,
73,		0.00555,		0.00555,		0.00555,
74,		0.00555,		0.00555,		0.00555,
75,		0.00555,		0.00555,		0.00555,
76,		0.00555,		0.00555,		0.00555,
77,		0.00555,		0.00555,		0.00555,
78,		0.00555,		0.00555,		0.00555,
79,		0.00555,		0.00555,		0.00555,
80,		0.00555,		0.00555,		0.00555,
81,		0.00555,		0.00555,		0.00555,
82,		0.00555,		0.00555,		0.00555,
83,		0.00555,		0.00555,		0.00555,
84,		0.00555,		0.00555,		0.00555,
85,		0.00555,		0.00555,		0.00555,
86,		0.00555,		0.00555,		0.00555,
87,		0.00555,		0.00555,		0.00555,
88,		0.00555,		0.00555,		0.00555,
89,		0.00555,		0.00555,		0.00555,
90,		0.00555,		0.00555,		0.00555,
91,		0.00555,		0.00555,		0.00555,
92,		0.00555,		0.00555,		0.00555,
93,		0.00555,		0.00555,		0.00555,
94,		0.00555,		0.00555,		0.00555,
95,		0.00555,		0.00555,		0.00555,
96,		0.00555,		0.00555,		0.00555,
97,		0.00555,		0.00555,		0.00555,
98,		0.00555,		0.00555,		0.00555,
99,		0.00555,		0.00555,		0.00555,
100,		0.00555,		0.00555,		0.00555,
101,		0.00555,		0.00555,		0.00555,
102,		0.00555,		0.00555,		0.00555,
103,		0.00555,		0.00555,		0.00555,
104,		0.00555,		0.00555,		0.00555,
105,		0.00555,		0.00555,		0.00555,
106,		0.00555,		0.00555,		0.00555,
107,		0.00555,		0.00555,		0.00555,
108,		0.00555,		0.00555,		0.00555,
109,		0.00555,		0.00555,		0.00555,
110,		0.00555,		0.00555,		0.00555,
111,		0.00555,		0.00555,		0.00555,
112,		0.00555,		0.00555,		0.00555,
113,		0.00555,		0.00555,		0.00555,
114,		0.00555,		0.00555,		0.00555,
115,		0.00555,		0.00555,		0.00555,
116,		0.00555,		0.00555,		0.00555,
117,		0.00555,		0.00555,		0.00555,
118,		0.00555,		0.00555,		0.00555,
119,		0.00555,		0.00555,		0.00555,
120,		0.00555,		0.00555,		0.00555,
121,		0.00555,		0.00555,		0.00555,
122,		0.00555,		0.00555,		0.00555,
123,		0.00555,		0.00555,		0.00555,
124,		0.00555,		0.00555,		0.00555,
125,		0.00555,		0.00555,		0.00555,
126,		0.00555,		0.00555,		0.00555,
127,		0.00555,		0.00555,		0.00555,
128,		0.00555,		0.00555,		0.00555,
129,		0.00555,		0.00555,		0.00555,
130,		0.00555,		0.00555,		0.00555,
131,		0.00555,		0.00555,		0.00555,
132,		0.00555,		0.00555,		0.00555,
133,		0.00555,		0.00555,		0.00555,
134,		0.00555,		0.00555,		0.00555,
135,		0.00555,		0.00555,		0.00555,
136,		0.00555,		0.00555,		0.00555,
137,		0.00555,		0.00555,		0.00555,
138,		0.00555,		0.00555,		0.00555,
139,		0.00555,		0.00555,		0.00555,
140,		0.00555,		0.00555,		0.00555,
141,		0.00555,		0.00555,		0.00555,
142,		0.00555,		0.00555,		0.00555,
143,		0.00555,		0.00555,		0.00555,
144,		0.00555,		0.00555,		0.00555,
145,		0.00555,		0.00555,		0.00555,
146,		0.00555,		0.00555,		0.00555,
147,		0.00555,		0.00555,		0.00555,
148,		0.00555,		0.00555,		0.00555,
149,		0.00555,		0.00555,		0.00555,
