GEN,	MIN,			AVE,			MAX,			CONV_A
  0,		908.70,		3431.53,		3905.03,		1.00
  1,		3698.46,		3834.89,		3905.37,		1.00
  2,		3864.54,		3892.54,		3905.59,		1.00
  3,		3895.45,		3902.84,		3905.67,		1.00
  4,		3904.28,		3905.32,		3905.71,		1.00
  5,		3905.55,		3905.64,		3905.73,		1.00
  6,		3905.66,		3905.70,		3905.73,		1.00
  7,		3905.71,		3905.72,		3905.74,		1.00
  8,		3905.73,		3905.73,		3905.74,		1.00
  9,		3905.73,		3905.74,		3905.74,		1.00
 10,		3905.74,		3905.74,		3905.74,		1.00
 11,		3905.74,		3905.74,		3905.75,		1.00
 12,		3905.74,		3905.74,		3905.75,		1.00
 13,		3905.75,		3905.75,		3905.75,		1.00
 14,		3905.75,		3905.75,		3905.75,		1.00
 15,		3905.75,		3905.75,		3905.75,		1.00
 16,		3905.75,		3905.75,		3905.75,		1.00
 17,		3905.75,		3905.75,		3905.75,		1.00
 18,		3905.75,		3905.75,		3905.75,		1.00
 19,		3905.75,		3905.75,		3905.75,		1.00
 20,		3905.75,		3905.75,		3905.75,		1.00
 21,		3905.75,		3905.75,		3905.75,		1.00
 22,		3905.75,		3905.75,		3905.75,		1.00
 23,		3905.75,		3905.75,		3905.75,		1.00
 24,		3905.75,		3905.75,		3905.75,		1.00
 25,		3905.75,		3905.75,		3905.75,		1.00
 26,		3905.75,		3905.75,		3905.75,		1.00
 27,		3905.75,		3905.75,		3905.75,		1.00
 28,		3905.75,		3905.75,		3905.75,		1.00
 29,		3905.75,		3905.75,		3905.75,		1.00
 30,		3905.75,		3905.75,		3905.75,		1.00
 31,		3905.75,		3905.75,		3905.75,		1.00
 32,		3905.75,		3905.75,		3905.75,		1.00
 33,		3905.75,		3905.75,		3905.75,		1.00
 34,		3905.75,		3905.75,		3905.75,		1.00
 35,		3905.75,		3905.75,		3905.75,		1.00
 36,		3905.75,		3905.75,		3905.75,		1.00
 37,		3905.75,		3905.75,		3905.75,		1.00
 38,		3905.75,		3905.75,		3905.75,		1.00
 39,		3905.75,		3905.75,		3905.75,		1.00
 40,		3905.75,		3905.75,		3905.75,		1.00
 41,		3905.75,		3905.75,		3905.75,		1.00
 42,		3905.75,		3905.75,		3905.75,		1.00
 43,		3905.75,		3905.75,		3905.75,		1.00
 44,		3905.75,		3905.75,		3905.75,		1.00
 45,		3905.75,		3905.75,		3905.75,		1.00
 46,		3905.75,		3905.75,		3905.75,		1.00
 47,		3905.75,		3905.75,		3905.75,		1.00
 48,		3905.75,		3905.75,		3905.75,		1.00
 49,		3905.75,		3905.75,		3905.75,		1.00
 50,		3905.75,		3905.75,		3905.75,		1.00
 51,		3905.75,		3905.75,		3905.75,		1.00
 52,		3905.75,		3905.75,		3905.75,		1.00
 53,		3905.75,		3905.75,		3905.75,		1.00
 54,		3905.75,		3905.75,		3905.75,		1.00
 55,		3905.75,		3905.75,		3905.75,		1.00
 56,		3905.75,		3905.75,		3905.75,		1.00
 57,		3905.75,		3905.75,		3905.75,		1.00
 58,		3905.75,		3905.75,		3905.75,		1.00
 59,		3905.75,		3905.75,		3905.75,		1.00
 60,		3905.75,		3905.75,		3905.75,		1.00
 61,		3905.75,		3905.75,		3905.75,		1.00
 62,		3905.75,		3905.75,		3905.75,		1.00
 63,		3905.75,		3905.75,		3905.75,		1.00
 64,		3905.75,		3905.75,		3905.75,		1.00
 65,		3905.75,		3905.75,		3905.75,		1.00
 66,		3905.75,		3905.75,		3905.75,		1.00
 67,		3905.75,		3905.75,		3905.75,		1.00
 68,		3905.75,		3905.75,		3905.75,		1.00
 69,		3905.75,		3905.75,		3905.75,		1.00
 70,		3905.75,		3905.75,		3905.75,		1.00
 71,		3905.75,		3905.75,		3905.75,		1.00
 72,		3905.75,		3905.75,		3905.75,		1.00
 73,		3905.75,		3905.75,		3905.75,		1.00
 74,		3905.75,		3905.75,		3905.75,		1.00
 75,		3905.75,		3905.75,		3905.75,		1.00
 76,		3905.75,		3905.75,		3905.75,		1.00
 77,		3905.75,		3905.75,		3905.75,		1.00
 78,		3905.75,		3905.75,		3905.75,		1.00
 79,		3905.75,		3905.75,		3905.75,		1.00
 80,		3905.75,		3905.75,		3905.76,		1.00
 81,		3905.75,		3905.75,		3905.76,		1.00
 82,		3905.76,		3905.76,		3905.76,		1.00
 83,		3905.76,		3905.76,		3905.76,		1.00
 84,		3905.76,		3905.76,		3905.76,		1.00
 85,		3905.76,		3905.76,		3905.76,		1.00
 86,		3905.76,		3905.76,		3905.76,		1.00
 87,		3905.76,		3905.76,		3905.76,		1.00
 88,		3905.76,		3905.76,		3905.76,		1.00
 89,		3905.76,		3905.76,		3905.76,		1.00
 90,		3905.76,		3905.76,		3905.76,		1.00
 91,		3905.76,		3905.76,		3905.76,		1.00
 92,		3905.76,		3905.76,		3905.76,		1.00
 93,		3905.76,		3905.76,		3905.76,		1.00
 94,		3905.76,		3905.76,		3905.76,		1.00
 95,		3905.76,		3905.76,		3905.76,		1.00
 96,		3905.76,		3905.76,		3905.76,		1.00
 97,		3905.76,		3905.76,		3905.76,		1.00
 98,		3905.76,		3905.76,		3905.76,		1.00
 99,		3905.76,		3905.76,		3905.76,		1.00
100,		3905.76,		3905.76,		3905.76,		1.00
101,		3905.76,		3905.76,		3905.76,		1.00
102,		3905.76,		3905.76,		3905.76,		1.00
103,		3905.76,		3905.76,		3905.76,		1.00
104,		3905.76,		3905.76,		3905.76,		1.00
105,		3905.76,		3905.76,		3905.76,		1.00
106,		3905.76,		3905.76,		3905.76,		1.00
107,		3905.76,		3905.76,		3905.76,		1.00
108,		3905.76,		3905.76,		3905.76,		1.00
109,		3905.76,		3905.76,		3905.76,		1.00
110,		3905.76,		3905.76,		3905.76,		1.00
111,		3905.76,		3905.76,		3905.76,		1.00
112,		3905.76,		3905.76,		3905.76,		1.00
113,		3905.76,		3905.76,		3905.76,		1.00
114,		3905.76,		3905.76,		3905.76,		1.00
115,		3905.76,		3905.76,		3905.76,		1.00
116,		3905.76,		3905.76,		3905.76,		1.00
117,		3905.76,		3905.76,		3905.76,		1.00
118,		3905.76,		3905.76,		3905.76,		1.00
119,		3905.76,		3905.76,		3905.76,		1.00
120,		3905.76,		3905.76,		3905.76,		1.00
121,		3905.76,		3905.76,		3905.76,		1.00
122,		3905.76,		3905.76,		3905.76,		1.00
123,		3905.76,		3905.76,		3905.76,		1.00
124,		3905.76,		3905.76,		3905.76,		1.00
125,		3905.76,		3905.76,		3905.76,		1.00
126,		3905.76,		3905.76,		3905.76,		1.00
127,		3905.76,		3905.76,		3905.76,		1.00
128,		3905.76,		3905.76,		3905.76,		1.00
129,		3905.76,		3905.76,		3905.76,		1.00
130,		3905.76,		3905.76,		3905.76,		1.00
131,		3905.76,		3905.76,		3905.76,		1.00
132,		3905.76,		3905.76,		3905.76,		1.00
133,		3905.76,		3905.76,		3905.76,		1.00
134,		3905.76,		3905.76,		3905.76,		1.00
135,		3905.76,		3905.76,		3905.76,		1.00
136,		3905.76,		3905.76,		3905.76,		1.00
137,		3905.76,		3905.76,		3905.76,		1.00
138,		3905.76,		3905.76,		3905.76,		1.00
139,		3905.76,		3905.76,		3905.76,		1.00
140,		3905.76,		3905.76,		3905.76,		1.00
141,		3905.76,		3905.76,		3905.76,		1.00
142,		3905.76,		3905.76,		3905.76,		1.00
143,		3905.76,		3905.76,		3905.76,		1.00
144,		3905.76,		3905.76,		3905.76,		1.00
145,		3905.76,		3905.76,		3905.76,		1.00
146,		3905.76,		3905.76,		3905.76,		1.00
147,		3905.76,		3905.76,		3905.76,		1.00
148,		3905.76,		3905.76,		3905.76,		1.00
149,		3905.76,		3905.76,		3905.76,		1.00
