RANDOM_SEED, 1698986508
GEN,		MIN,			AVE,			MAX,
0,		-19.00,		-1.91,		16.00,
1,		-19.00,		0.47,		17.00,
2,		-16.00,		2.28,		14.00,
3,		-12.00,		3.34,		12.00,
4,		-13.00,		4.19,		12.00,
5,		-9.00,		4.90,		15.00,
6,		-8.00,		5.08,		15.00,
7,		-8.00,		5.49,		15.00,
8,		-5.00,		5.72,		17.00,
9,		-4.00,		5.75,		17.00,
10,		-5.00,		5.39,		15.00,
11,		-5.00,		5.10,		8.00,
12,		-5.00,		5.01,		14.00,
13,		-5.00,		5.28,		14.00,
14,		-5.00,		5.07,		8.00,
15,		-4.00,		5.49,		6.00,
16,		-3.00,		5.70,		6.00,
17,		-4.00,		5.77,		9.00,
18,		-4.00,		5.88,		9.00,
19,		-3.00,		5.94,		15.00,
20,		3.00,		5.98,		15.00,
21,		-3.00,		5.92,		9.00,
22,		-3.00,		5.94,		15.00,
23,		-3.00,		5.89,		9.00,
24,		-3.00,		5.83,		9.00,
25,		-3.00,		5.83,		9.00,
26,		-3.00,		5.85,		9.00,
27,		-3.00,		5.91,		15.00,
28,		-3.00,		5.90,		15.00,
29,		-3.00,		5.91,		15.00,
30,		-3.00,		4.42,		15.00,
31,		-3.00,		5.26,		15.00,
32,		-4.00,		5.58,		15.00,
33,		-3.00,		5.79,		15.00,
34,		-2.00,		5.87,		15.00,
35,		-3.00,		5.94,		15.00,
36,		-3.00,		5.87,		9.00,
37,		-3.00,		5.85,		8.00,
38,		-3.00,		5.93,		9.00,
39,		-3.00,		5.90,		9.00,
40,		-3.00,		5.90,		9.00,
41,		-3.00,		5.82,		15.00,
42,		-3.00,		5.85,		15.00,
43,		-3.00,		5.85,		9.00,
44,		-5.00,		5.96,		15.00,
45,		-3.00,		5.96,		15.00,
46,		-3.00,		5.90,		9.00,
47,		-3.00,		5.87,		9.00,
48,		-4.00,		5.91,		8.00,
49,		-4.00,		5.87,		9.00,
50,		-4.00,		5.87,		9.00,
51,		-3.00,		5.88,		15.00,
52,		-3.00,		5.95,		9.00,
53,		1.00,		5.98,		9.00,
54,		-3.00,		5.97,		15.00,
55,		-3.00,		5.95,		15.00,
56,		-3.00,		5.88,		9.00,
57,		-3.00,		5.83,		8.00,
58,		-3.00,		5.85,		9.00,
59,		-3.00,		5.92,		12.00,
60,		-3.00,		5.84,		9.00,
61,		-4.00,		5.76,		9.00,
62,		-5.00,		5.82,		15.00,
63,		-5.00,		5.87,		15.00,
64,		-3.00,		5.91,		15.00,
65,		-3.00,		5.86,		7.00,
66,		-3.00,		5.90,		9.00,
67,		-3.00,		5.93,		9.00,
68,		-3.00,		5.96,		9.00,
69,		-3.00,		5.98,		15.00,
70,		1.00,		5.98,		15.00,
71,		-3.00,		5.92,		15.00,
72,		-3.00,		5.95,		15.00,
73,		-3.00,		5.97,		9.00,
74,		3.00,		5.97,		9.00,
75,		1.00,		5.92,		9.00,
76,		1.00,		5.95,		15.00,
77,		-3.00,		5.89,		9.00,
78,		-3.00,		5.89,		8.00,
79,		-3.00,		5.94,		15.00,
80,		-3.00,		5.89,		9.00,
81,		-3.00,		5.80,		9.00,
82,		-3.00,		5.90,		15.00,
83,		-5.00,		4.88,		9.00,
84,		-5.00,		5.33,		15.00,
85,		-3.00,		4.58,		9.00,
86,		-3.00,		5.25,		9.00,
87,		-3.00,		4.82,		15.00,
88,		-5.00,		5.35,		9.00,
89,		-5.00,		4.73,		9.00,
90,		-5.00,		4.31,		7.00,
91,		-5.00,		4.13,		13.00,
92,		-5.00,		4.04,		13.00,
93,		-5.00,		3.95,		6.00,
94,		-5.00,		3.93,		7.00,
95,		-5.00,		3.88,		7.00,
96,		-5.00,		3.86,		7.00,
97,		-5.00,		3.86,		7.00,
98,		-7.00,		2.91,		13.00,
99,		-7.00,		2.53,		5.00,
100,		-7.00,		2.15,		4.00,
101,		-7.00,		2.10,		5.00,
102,		-7.00,		2.04,		5.00,
103,		-7.00,		1.97,		5.00,
104,		-7.00,		1.94,		5.00,
105,		-7.00,		1.92,		5.00,
106,		-7.00,		1.97,		5.00,
107,		-7.00,		2.00,		11.00,
108,		-7.00,		1.98,		11.00,
109,		-7.00,		1.98,		5.00,
110,		-3.00,		1.98,		5.00,
111,		-3.00,		2.02,		11.00,
112,		-7.00,		1.98,		11.00,
113,		-3.00,		2.00,		11.00,
114,		-7.00,		1.97,		11.00,
115,		-7.00,		1.93,		4.00,
116,		-7.00,		1.90,		5.00,
117,		-7.00,		1.95,		11.00,
118,		-7.00,		1.89,		5.00,
119,		-7.00,		1.31,		11.00,
120,		-8.00,		1.51,		5.00,
121,		-12.00,		-2.83,		11.00,
122,		-12.00,		-2.54,		4.00,
123,		-12.00,		-4.99,		5.00,
124,		-12.00,		-6.17,		3.00,
125,		-12.00,		-6.67,		4.00,
126,		-9.00,		-5.82,		5.00,
127,		-12.00,		-5.46,		2.00,
128,		-12.00,		-6.26,		2.00,
129,		-9.00,		-6.64,		2.00,
130,		-8.00,		-6.85,		2.00,
131,		-12.00,		-6.90,		2.00,
132,		-9.00,		-6.83,		2.00,
133,		-12.00,		-6.89,		2.00,
134,		-12.00,		-6.92,		2.00,
135,		-8.00,		-6.89,		2.00,
136,		-8.00,		-6.92,		2.00,
137,		-12.00,		-6.98,		2.00,
138,		-10.00,		-6.94,		2.00,
139,		-12.00,		-6.97,		2.00,
140,		-9.00,		-6.14,		2.00,
141,		-10.00,		-6.70,		2.00,
142,		-10.00,		-6.91,		2.00,
143,		-8.00,		-6.98,		2.00,
144,		-12.00,		-6.97,		2.00,
145,		-12.00,		-6.95,		2.00,
146,		-10.00,		-6.51,		-3.00,
147,		-9.00,		-6.72,		-4.00,
148,		-11.00,		-6.29,		2.00,
149,		-9.00,		-6.59,		2.00,
150,		-8.00,		-6.22,		3.00,
151,		-12.00,		-6.49,		3.00,
152,		-12.00,		-6.30,		2.00,
153,		-12.00,		-6.10,		3.00,
154,		-8.00,		-6.04,		3.00,
155,		-8.00,		-5.98,		3.00,
156,		-11.00,		-5.73,		1.00,
157,		-8.00,		-5.88,		3.00,
158,		-9.00,		-6.26,		3.00,
159,		-9.00,		-6.15,		3.00,
160,		-11.00,		-6.28,		1.00,
161,		-9.00,		-6.09,		1.00,
162,		-11.00,		-6.00,		3.00,
163,		-11.00,		-5.97,		3.00,
164,		-11.00,		-6.00,		1.00,
165,		-9.00,		-6.03,		1.00,
166,		-8.00,		-5.98,		-3.00,
167,		-11.00,		-5.99,		1.00,
168,		-11.00,		-5.99,		1.00,
169,		-11.00,		-6.01,		-3.00,
170,		-11.00,		-5.99,		3.00,
171,		-11.00,		-6.01,		-3.00,
172,		-11.00,		-5.97,		1.00,
173,		-11.00,		-5.93,		3.00,
174,		-11.00,		-5.88,		3.00,
175,		-11.00,		-5.96,		1.00,
176,		-11.00,		-5.99,		-3.00,
177,		-11.00,		-5.97,		3.00,
178,		-11.00,		-5.99,		3.00,
179,		-11.00,		-5.98,		3.00,
180,		-11.00,		-5.98,		3.00,
181,		-9.00,		-3.42,		4.00,
182,		-9.00,		-5.07,		4.00,
183,		-8.00,		-5.56,		4.00,
184,		-9.00,		-5.76,		4.00,
185,		-9.00,		-5.85,		3.00,
186,		-9.00,		-5.94,		3.00,
187,		-9.00,		-5.98,		3.00,
188,		-9.00,		-5.96,		3.00,
189,		-9.00,		-5.96,		3.00,
190,		-9.00,		-5.98,		1.00,
191,		-11.00,		-5.99,		1.00,
192,		-11.00,		-6.00,		1.00,
193,		-11.00,		-5.98,		1.00,
194,		-11.00,		-5.97,		1.00,
195,		-11.00,		-6.00,		1.00,
196,		-11.00,		-5.97,		3.00,
197,		-11.00,		-6.00,		-3.00,
198,		-11.00,		-6.00,		-3.00,
199,		-11.00,		-5.99,		-3.00,
200,		-9.00,		-5.95,		1.00,
201,		-9.00,		-5.96,		1.00,
202,		-9.00,		-5.96,		3.00,
203,		-9.00,		-5.93,		1.00,
204,		-9.00,		-5.90,		3.00,
205,		-6.00,		-5.90,		3.00,
206,		-8.00,		-5.97,		1.00,
207,		-9.00,		-5.96,		1.00,
208,		-7.00,		-5.95,		3.00,
209,		-11.00,		-1.47,		6.00,
210,		-11.00,		-4.16,		3.00,
211,		-11.00,		-0.79,		6.00,
212,		-8.00,		-2.57,		6.00,
213,		-9.00,		-0.26,		10.00,
214,		-9.00,		1.92,		12.00,
215,		-7.00,		-1.32,		12.00,
216,		-7.00,		0.62,		12.00,
217,		-7.00,		2.06,		10.00,
218,		-9.00,		-1.07,		10.00,
219,		-11.00,		-0.60,		6.00,
220,		-7.00,		1.15,		6.00,
221,		-7.00,		0.02,		8.00,
222,		-6.00,		2.44,		10.00,
223,		-6.00,		3.57,		12.00,
224,		-6.00,		3.84,		6.00,
225,		-4.00,		4.18,		6.00,
226,		-7.00,		4.50,		6.00,
227,		-4.00,		4.71,		7.00,
228,		-5.00,		0.34,		7.00,
229,		-5.00,		-0.66,		12.00,
230,		-9.00,		-1.98,		6.00,
231,		-9.00,		-3.14,		5.00,
232,		-9.00,		-3.64,		5.00,
233,		-9.00,		-3.82,		5.00,
234,		-9.00,		-3.93,		5.00,
235,		-9.00,		-3.97,		5.00,
236,		-9.00,		-3.99,		5.00,
237,		-9.00,		-3.99,		5.00,
238,		-9.00,		-3.95,		5.00,
239,		-9.00,		-3.97,		5.00,
240,		-9.00,		-3.99,		5.00,
241,		-9.00,		-3.98,		5.00,
242,		-9.00,		-4.03,		-1.00,
243,		-9.00,		-4.01,		-1.00,
244,		-9.00,		-3.99,		-1.00,
245,		-9.00,		-3.98,		3.00,
246,		-9.00,		-4.00,		-2.00,
247,		-9.00,		-4.00,		-1.00,
248,		-9.00,		-3.98,		5.00,
249,		-9.00,		-3.97,		5.00,
250,		-9.00,		-3.99,		5.00,
251,		-9.00,		-4.01,		3.00,
252,		-9.00,		-4.06,		5.00,
253,		-9.00,		-4.04,		-2.00,
254,		-9.00,		-3.99,		5.00,
255,		-9.00,		-3.99,		5.00,
256,		-9.00,		-3.98,		3.00,
257,		-9.00,		-4.00,		-1.00,
258,		-9.00,		-3.98,		-1.00,
259,		-7.00,		-3.95,		3.00,
260,		-9.00,		-3.95,		5.00,
261,		-9.00,		-3.93,		5.00,
262,		-9.00,		-3.51,		0.00,
263,		-9.00,		-3.80,		5.00,
264,		-9.00,		-3.92,		3.00,
265,		-9.00,		-3.95,		5.00,
266,		-9.00,		-4.00,		-1.00,
267,		-9.00,		-3.98,		5.00,
268,		-9.00,		-3.98,		3.00,
269,		-6.00,		-3.97,		-2.00,
270,		-9.00,		-3.61,		6.00,
271,		-9.00,		-3.74,		-1.00,
272,		-9.00,		-3.37,		0.00,
273,		-9.00,		-2.16,		6.00,
274,		-8.00,		-2.68,		0.00,
275,		-8.00,		-2.85,		6.00,
276,		-8.00,		-2.91,		6.00,
277,		-8.00,		-2.92,		6.00,
278,		-5.00,		-2.93,		6.00,
279,		-8.00,		-3.03,		0.00,
280,		-8.00,		-3.01,		0.00,
281,		-8.00,		-2.98,		6.00,
282,		-8.00,		-2.98,		6.00,
283,		-8.00,		-2.99,		4.00,
284,		-5.00,		-2.97,		4.00,
285,		-8.00,		-2.96,		6.00,
286,		-8.00,		-3.04,		0.00,
287,		-8.00,		-2.97,		6.00,
288,		-8.00,		-3.00,		7.00,
289,		-8.00,		-3.00,		0.00,
290,		-8.00,		-3.01,		0.00,
291,		-8.00,		-3.01,		0.00,
292,		-5.00,		-2.99,		-1.00,
293,		-8.00,		-2.97,		6.00,
294,		-8.00,		-2.97,		6.00,
295,		-8.00,		-2.94,		6.00,
296,		-8.00,		-3.06,		-1.00,
297,		-8.00,		-3.05,		0.00,
298,		-8.00,		-3.02,		4.00,
299,		-5.00,		-1.90,		6.00,
300,		-8.00,		-2.40,		6.00,
301,		-8.00,		-2.71,		6.00,
302,		-8.00,		-2.85,		6.00,
303,		-8.00,		-2.97,		4.00,
304,		-8.00,		-2.99,		6.00,
305,		-8.00,		-2.97,		6.00,
306,		-8.00,		-2.95,		6.00,
307,		-8.00,		-3.03,		6.00,
308,		-10.00,		-3.01,		6.00,
309,		-9.00,		-3.03,		0.00,
310,		-9.00,		-3.04,		0.00,
311,		-9.00,		-3.02,		6.00,
312,		-9.00,		-3.06,		0.00,
313,		-13.00,		-5.49,		6.00,
314,		-13.00,		-6.92,		1.00,
315,		-13.00,		-7.42,		1.00,
316,		-10.00,		-5.28,		6.00,
317,		-10.00,		-4.19,		-2.00,
318,		-10.00,		-6.02,		-2.00,
319,		-13.00,		-7.16,		-1.00,
320,		-13.00,		-5.05,		6.00,
321,		-13.00,		-6.52,		6.00,
322,		-13.00,		-7.40,		1.00,
323,		-13.00,		-8.13,		5.00,
324,		-13.00,		-8.05,		-2.00,
325,		-13.00,		-8.52,		0.00,
326,		-14.00,		-8.80,		-3.00,
327,		-14.00,		-8.06,		2.00,
328,		-13.00,		-8.48,		-2.00,
329,		-12.00,		-8.67,		-1.00,
330,		-11.00,		-8.47,		-3.00,
331,		-14.00,		-8.19,		1.00,
332,		-14.00,		-8.06,		1.00,
333,		-13.00,		-8.03,		1.00,
334,		-10.00,		-8.42,		1.00,
335,		-13.00,		-8.23,		0.00,
336,		-14.00,		-8.10,		1.00,
337,		-13.00,		-8.03,		-1.00,
338,		-13.00,		-7.99,		-1.00,
339,		-13.00,		-7.99,		-1.00,
340,		-13.00,		-8.01,		-3.00,
341,		-13.00,		-8.03,		-3.00,
342,		-13.00,		-7.98,		1.00,
343,		-13.00,		-8.00,		1.00,
344,		-13.00,		-7.95,		1.00,
345,		-14.00,		-8.36,		1.00,
346,		-14.00,		-8.17,		1.00,
347,		-14.00,		-8.52,		1.00,
348,		-16.00,		-8.74,		0.00,
349,		-16.00,		-8.71,		-6.00,
350,		-16.00,		-8.94,		-6.00,
351,		-14.00,		-9.98,		-7.00,
352,		-14.00,		-9.49,		0.00,
353,		-14.00,		-9.27,		-4.00,
354,		-14.00,		-9.14,		0.00,
355,		-14.00,		-9.07,		0.00,
356,		-14.00,		-8.98,		0.00,
357,		-14.00,		-9.01,		0.00,
358,		-14.00,		-9.01,		-6.00,
359,		-14.00,		-8.96,		0.00,
360,		-14.00,		-8.93,		0.00,
361,		-14.00,		-9.00,		-7.00,
362,		-14.00,		-8.99,		-7.00,
363,		-14.00,		-8.93,		0.00,
364,		-14.00,		-8.96,		0.00,
365,		-14.00,		-8.98,		0.00,
366,		-14.00,		-8.98,		-4.00,
367,		-14.00,		-8.93,		-4.00,
368,		-14.00,		-8.93,		0.00,
369,		-11.00,		-8.93,		0.00,
370,		-14.00,		-8.97,		-4.00,
371,		-14.00,		-8.99,		0.00,
372,		-14.00,		-9.00,		0.00,
373,		-14.00,		-9.84,		0.00,
374,		-14.00,		-9.42,		0.00,
375,		-14.00,		-10.22,		-2.00,
376,		-16.00,		-10.69,		-2.00,
377,		-13.00,		-10.82,		-2.00,
378,		-13.00,		-10.78,		-2.00,
379,		-13.00,		-10.88,		-2.00,
380,		-13.00,		-10.90,		-2.00,
381,		-15.00,		-9.45,		1.00,
382,		-13.00,		-10.34,		-2.00,
383,		-13.00,		-10.65,		-2.00,
384,		-12.00,		-10.28,		-1.00,
385,		-16.00,		-10.15,		-2.00,
386,		-15.00,		-10.07,		-1.00,
387,		-12.00,		-9.96,		-1.00,
388,		-12.00,		-9.96,		-1.00,
389,		-12.00,		-9.99,		-3.00,
390,		-15.00,		-9.98,		-3.00,
391,		-15.00,		-10.00,		-5.00,
392,		-15.00,		-9.97,		-3.00,
393,		-15.00,		-9.96,		-1.00,
394,		-15.00,		-9.95,		-1.00,
395,		-12.00,		-9.93,		-3.00,
396,		-15.00,		-9.95,		-1.00,
397,		-15.00,		-9.97,		-1.00,
398,		-11.00,		-9.93,		-1.00,
399,		-15.00,		-9.94,		-1.00,
400,		-15.00,		-5.42,		2.00,
401,		-15.00,		-3.74,		6.00,
402,		-11.00,		-2.69,		4.00,
403,		-11.00,		-2.71,		6.00,
404,		-11.00,		-2.09,		6.00,
405,		-11.00,		-1.68,		6.00,
406,		-11.00,		-1.45,		6.00,
407,		-11.00,		-1.36,		2.00,
408,		-11.00,		-1.17,		2.00,
409,		-10.00,		-1.12,		6.00,
410,		-10.00,		-1.07,		6.00,
411,		-10.00,		-1.08,		6.00,
412,		-10.00,		-1.02,		4.00,
413,		-10.00,		-1.02,		4.00,
414,		-10.00,		-1.05,		1.00,
415,		-10.00,		-1.03,		6.00,
416,		-10.00,		-1.05,		6.00,
417,		-10.00,		-1.04,		6.00,
418,		-10.00,		-1.13,		4.00,
419,		-10.00,		-1.12,		6.00,
420,		-10.00,		-1.08,		4.00,
421,		-12.00,		-1.12,		6.00,
422,		-12.00,		-1.10,		4.00,
423,		-12.00,		-1.08,		6.00,
424,		-10.00,		-1.09,		6.00,
425,		-10.00,		-1.15,		4.00,
426,		-10.00,		-1.06,		6.00,
427,		-10.00,		-1.03,		6.00,
428,		-6.00,		-0.96,		6.00,
429,		-6.00,		-1.01,		4.00,
430,		-10.00,		-1.01,		6.00,
431,		-10.00,		-1.00,		6.00,
432,		-10.00,		-1.01,		6.00,
433,		-10.00,		-1.01,		6.00,
434,		-10.00,		-1.01,		2.00,
435,		-10.00,		-1.06,		1.00,
436,		-10.00,		-1.01,		1.00,
437,		-10.00,		-1.01,		6.00,
438,		-10.00,		-0.99,		1.00,
439,		-6.00,		-0.99,		6.00,
440,		-6.00,		-1.00,		6.00,
441,		-10.00,		-1.03,		6.00,
442,		-6.00,		-1.01,		2.00,
443,		-10.00,		-1.01,		6.00,
444,		-4.00,		-0.96,		6.00,
445,		-10.00,		-0.98,		6.00,
446,		-6.00,		-0.96,		6.00,
447,		-3.00,		-0.96,		6.00,
448,		-10.00,		-0.99,		6.00,
449,		-3.00,		-1.02,		2.00,
450,		-10.00,		-1.04,		1.00,
451,		-10.00,		-1.00,		6.00,
452,		-10.00,		-1.01,		6.00,
453,		-11.00,		-1.04,		6.00,
454,		-10.00,		-0.99,		6.00,
455,		-3.00,		-0.97,		6.00,
456,		-10.00,		-0.98,		6.00,
457,		-10.00,		-0.98,		6.00,
458,		-6.00,		-1.00,		2.00,
459,		-6.00,		-1.01,		4.00,
460,		-10.00,		-1.06,		1.00,
461,		-11.00,		-2.56,		1.00,
462,		-10.00,		-2.83,		0.00,
463,		-9.00,		-3.46,		0.00,
464,		-9.00,		-3.02,		-1.00,
465,		-9.00,		-3.36,		-1.00,
466,		-9.00,		-3.70,		0.00,
467,		-9.00,		-3.86,		0.00,
468,		-9.00,		-3.98,		1.00,
469,		-9.00,		-4.01,		3.00,
470,		-9.00,		-3.49,		4.00,
471,		-6.00,		-3.76,		4.00,
472,		-9.00,		-4.04,		4.00,
473,		-9.00,		-4.00,		4.00,
474,		-9.00,		-4.02,		4.00,
475,		-9.00,		-4.04,		-1.00,
476,		-9.00,		-4.08,		1.00,
477,		-9.00,		-4.02,		-2.00,
478,		-9.00,		-3.98,		3.00,
479,		-9.00,		-4.01,		3.00,
480,		-9.00,		-3.99,		3.00,
481,		-9.00,		-4.04,		-1.00,
482,		-9.00,		-4.01,		1.00,
483,		-9.00,		-4.00,		-1.00,
484,		-7.00,		-3.99,		-1.00,
485,		-5.00,		-3.97,		1.00,
486,		-6.00,		-3.97,		1.00,
487,		-7.00,		-3.97,		1.00,
488,		-9.00,		-3.97,		3.00,
489,		-9.00,		-4.47,		4.00,
490,		-8.00,		-4.73,		3.00,
491,		-8.00,		-4.87,		4.00,
492,		-11.00,		-4.87,		4.00,
493,		-10.00,		-4.93,		4.00,
494,		-7.00,		-4.95,		4.00,
495,		-8.00,		-4.96,		-2.00,
496,		-10.00,		-4.95,		4.00,
497,		-10.00,		-4.97,		0.00,
498,		-10.00,		-4.96,		4.00,
499,		-10.00,		-4.95,		4.00,
500,		-8.00,		-4.93,		4.00,
501,		-12.00,		-4.96,		4.00,
502,		-12.00,		-5.01,		4.00,
503,		-12.00,		-5.02,		2.00,
504,		-10.00,		-4.99,		4.00,
505,		-8.00,		-4.93,		4.00,
506,		-8.00,		-4.92,		4.00,
507,		-7.00,		-4.93,		4.00,
508,		-7.00,		-4.94,		4.00,
509,		-10.00,		-4.94,		4.00,
510,		-10.00,		-4.97,		4.00,
511,		-10.00,		-4.99,		0.00,
512,		-10.00,		-5.00,		4.00,
513,		-10.00,		-4.94,		4.00,
514,		-10.00,		-4.96,		4.00,
515,		-7.00,		-4.96,		0.00,
516,		-10.00,		-5.00,		0.00,
517,		-7.00,		-5.06,		0.00,
518,		-10.00,		-6.02,		-2.00,
519,		-10.00,		-6.49,		2.00,
520,		-10.00,		-6.22,		2.00,
521,		-10.00,		-5.61,		4.00,
522,		-10.00,		-5.25,		4.00,
523,		-10.00,		-5.08,		4.00,
524,		-8.00,		-4.99,		4.00,
525,		-8.00,		-4.91,		4.00,
526,		-8.00,		-4.97,		3.00,
527,		-10.00,		-4.97,		3.00,
528,		-10.00,		-4.94,		4.00,
529,		-8.00,		-4.98,		0.00,
530,		-8.00,		-4.96,		0.00,
531,		-8.00,		-4.84,		0.00,
532,		-8.00,		-4.93,		-2.00,
533,		-10.00,		-4.47,		-2.00,
534,		-9.00,		-4.29,		0.00,
535,		-9.00,		-4.17,		-1.00,
536,		-9.00,		-4.05,		5.00,
537,		-9.00,		-4.50,		5.00,
538,		-9.00,		-4.27,		1.00,
539,		-7.00,		-4.58,		4.00,
540,		-10.00,		-4.30,		1.00,
541,		-9.00,		-4.15,		1.00,
542,		-9.00,		-4.09,		1.00,
543,		-6.00,		-4.00,		5.00,
544,		-9.00,		-3.99,		5.00,
545,		-9.00,		-3.97,		1.00,
546,		-9.00,		-3.95,		-1.00,
547,		-9.00,		-3.96,		1.00,
548,		-9.00,		-3.99,		5.00,
549,		-9.00,		-4.15,		-2.00,
550,		-10.00,		-4.06,		1.00,
551,		-9.00,		-4.04,		-1.00,
552,		-9.00,		-4.06,		-2.00,
553,		-9.00,		-4.04,		1.00,
554,		-9.00,		-4.09,		1.00,
555,		-9.00,		-4.05,		5.00,
556,		-9.00,		-4.03,		-1.00,
557,		-9.00,		-4.02,		-1.00,
558,		-9.00,		-3.96,		1.00,
559,		-6.00,		-3.92,		5.00,
560,		-9.00,		-3.92,		5.00,
561,		-9.00,		-3.42,		5.00,
562,		-9.00,		-3.68,		5.00,
563,		-9.00,		-3.82,		5.00,
564,		-9.00,		-3.49,		6.00,
565,		-8.00,		-3.67,		6.00,
566,		-9.00,		-4.39,		6.00,
567,		-9.00,		-4.66,		0.00,
568,		-8.00,		-4.30,		5.00,
569,		-8.00,		-4.43,		5.00,
570,		-7.00,		-4.52,		4.00,
571,		-9.00,		-4.81,		-2.00,
572,		-12.00,		-4.89,		-1.00,
573,		-8.00,		-4.91,		4.00,
574,		-8.00,		-4.93,		-1.00,
575,		-10.00,		-4.92,		4.00,
576,		-10.00,		-4.97,		4.00,
577,		-8.00,		-4.93,		4.00,
578,		-8.00,		-4.94,		0.00,
579,		-7.00,		-4.92,		0.00,
580,		-8.00,		-4.93,		4.00,
581,		-8.00,		-4.92,		4.00,
582,		-10.00,		-4.92,		4.00,
583,		-10.00,		-4.94,		4.00,
584,		-10.00,		-4.70,		5.00,
585,		-6.00,		-4.55,		-1.00,
586,		-10.00,		-4.74,		5.00,
587,		-10.00,		-4.87,		0.00,
588,		-6.00,		-4.91,		0.00,
589,		-10.00,		-4.95,		-1.00,
590,		-10.00,		-4.95,		0.00,
591,		-10.00,		-4.91,		4.00,
592,		-12.00,		-5.88,		4.00,
593,		-10.00,		-5.50,		4.00,
594,		-13.00,		-6.99,		0.00,
595,		-13.00,		-6.07,		0.00,
596,		-10.00,		-5.49,		4.00,
597,		-10.00,		-5.23,		4.00,
598,		-10.00,		-4.38,		4.00,
599,		-10.00,		-4.62,		4.00,
600,		-6.00,		-4.70,		4.00,
601,		-8.00,		-4.80,		4.00,
602,		-10.00,		-4.90,		4.00,
603,		-10.00,		-4.94,		4.00,
604,		-8.00,		-4.98,		-2.00,
605,		-10.00,		-5.00,		0.00,
606,		-10.00,		-4.97,		0.00,
607,		-10.00,		-4.99,		0.00,
608,		-10.00,		-4.98,		0.00,
609,		-7.00,		-4.96,		-2.00,
610,		-7.00,		-4.94,		4.00,
611,		-7.00,		-4.97,		-2.00,
612,		-10.00,		-4.97,		-2.00,
613,		-10.00,		-4.99,		-2.00,
614,		-7.00,		-4.96,		4.00,
615,		-10.00,		-4.98,		4.00,
616,		-10.00,		-4.93,		4.00,
617,		-10.00,		-4.95,		4.00,
618,		-10.00,		-5.01,		0.00,
619,		-10.00,		-5.01,		0.00,
620,		-10.00,		-5.03,		-2.00,
621,		-10.00,		-5.05,		0.00,
622,		-10.00,		-5.00,		-2.00,
623,		-10.00,		-5.00,		-2.00,
624,		-10.00,		-4.97,		0.00,
625,		-8.00,		-4.98,		4.00,
626,		-8.00,		-4.99,		4.00,
627,		-10.00,		-5.02,		0.00,
628,		-13.00,		-5.03,		4.00,
629,		-10.00,		-5.03,		4.00,
630,		-10.00,		-5.03,		4.00,
631,		-11.00,		-5.19,		4.00,
632,		-11.00,		-4.52,		4.00,
633,		-11.00,		-4.31,		4.00,
634,		-10.00,		-4.07,		4.00,
635,		-9.00,		-4.04,		4.00,
636,		-9.00,		-4.00,		1.00,
637,		-9.00,		-3.99,		1.00,
638,		-9.00,		-4.04,		1.00,
639,		-9.00,		-3.97,		3.00,
640,		-7.00,		-3.96,		3.00,
641,		-6.00,		-3.93,		3.00,
642,		-7.00,		-3.96,		1.00,
643,		-7.00,		-3.99,		1.00,
644,		-7.00,		-3.60,		1.00,
645,		-7.00,		-3.76,		1.00,
646,		-7.00,		-3.89,		3.00,
647,		-9.00,		-3.92,		3.00,
648,		-9.00,		-3.93,		3.00,
649,		-9.00,		-3.99,		3.00,
650,		-9.00,		-3.97,		3.00,
651,		-9.00,		-3.91,		3.00,
652,		-9.00,		-3.97,		3.00,
653,		-9.00,		-3.98,		-1.00,
654,		-7.00,		-4.42,		3.00,
655,		-7.00,		-4.20,		-1.00,
656,		-8.00,		-4.56,		3.00,
657,		-7.00,		-4.24,		3.00,
658,		-9.00,		-4.10,		3.00,
659,		-9.00,		-4.02,		3.00,
660,		-6.00,		-4.00,		-1.00,
661,		-6.00,		-3.96,		3.00,
662,		-8.00,		-4.37,		1.00,
663,		-8.00,		-4.17,		3.00,
664,		-9.00,		-4.12,		1.00,
665,		-9.00,		-4.51,		2.00,
666,		-9.00,		-4.53,		2.00,
667,		-6.00,		-4.72,		0.00,
668,		-8.00,		-4.84,		-2.00,
669,		-8.00,		-4.89,		-1.00,
670,		-8.00,		-4.93,		-2.00,
671,		-8.00,		-4.92,		2.00,
672,		-8.00,		-4.92,		2.00,
673,		-8.00,		-4.93,		2.00,
674,		-5.00,		-3.83,		2.00,
675,		-8.00,		-4.41,		0.00,
676,		-8.00,		-4.72,		-2.00,
677,		-8.00,		-4.84,		1.00,
678,		-8.00,		-4.91,		-1.00,
679,		-8.00,		-4.93,		-2.00,
680,		-8.00,		-4.93,		2.00,
681,		-8.00,		-4.95,		2.00,
682,		-8.00,		-5.00,		-2.00,
683,		-8.00,		-4.96,		2.00,
684,		-8.00,		-5.00,		2.00,
685,		-8.00,		-5.02,		2.00,
686,		-8.00,		-5.02,		2.00,
687,		-8.00,		-5.00,		-2.00,
688,		-8.00,		-4.99,		2.00,
689,		-8.00,		-4.99,		2.00,
690,		-8.00,		-4.96,		2.00,
691,		-8.00,		-4.99,		2.00,
692,		-8.00,		-4.99,		0.00,
693,		-8.00,		-5.00,		-2.00,
694,		-8.00,		-4.97,		0.00,
695,		-8.00,		-4.97,		2.00,
696,		-8.00,		-4.96,		-2.00,
697,		-6.00,		-4.00,		3.00,
698,		-8.00,		-4.57,		1.00,
699,		-8.00,		-3.29,		0.00,
700,		-8.00,		-4.15,		0.00,
701,		-8.00,		-4.56,		0.00,
702,		-8.00,		-4.84,		0.00,
703,		-8.00,		-4.67,		-1.00,
704,		-8.00,		-4.80,		0.00,
705,		-8.00,		-4.92,		0.00,
706,		-8.00,		-4.99,		-2.00,
707,		-8.00,		-4.98,		2.00,
708,		-7.00,		-4.43,		3.00,
709,		-7.00,		-4.65,		3.00,
710,		-8.00,		-4.64,		3.00,
711,		-8.00,		-4.34,		3.00,
712,		-7.00,		-4.16,		1.00,
713,		-7.00,		-4.17,		3.00,
714,		-7.00,		-4.08,		1.00,
715,		-7.00,		-4.05,		-1.00,
716,		-7.00,		-4.04,		-1.00,
717,		-7.00,		-4.03,		-1.00,
718,		-7.00,		-4.03,		-2.00,
719,		-7.00,		-4.00,		3.00,
720,		-7.00,		-4.03,		1.00,
721,		-7.00,		-3.94,		1.00,
722,		-7.00,		-3.95,		1.00,
723,		-7.00,		-4.00,		1.00,
724,		-7.00,		-3.98,		3.00,
725,		-7.00,		-3.99,		1.00,
726,		-7.00,		-3.94,		3.00,
727,		-7.00,		-3.96,		3.00,
728,		-7.00,		-3.96,		8.00,
729,		-7.00,		-3.99,		1.00,
730,		-7.00,		-4.02,		3.00,
731,		-7.00,		-4.03,		-1.00,
732,		-7.00,		-4.00,		3.00,
733,		-7.00,		-3.98,		3.00,
734,		-6.00,		-3.96,		1.00,
735,		-7.00,		-3.98,		2.00,
736,		-7.00,		-4.04,		-1.00,
737,		-7.00,		-3.98,		3.00,
738,		-7.00,		-3.98,		-1.00,
739,		-7.00,		-4.01,		3.00,
740,		-7.00,		-4.00,		-1.00,
741,		-7.00,		-3.99,		-1.00,
742,		-7.00,		-4.00,		-1.00,
743,		-7.00,		-3.97,		3.00,
744,		-7.00,		-3.96,		3.00,
745,		-7.00,		-4.02,		3.00,
746,		-7.00,		-4.00,		3.00,
747,		-7.00,		-3.50,		1.00,
748,		-6.00,		-3.74,		3.00,
749,		-6.00,		-3.47,		3.00,
750,		-7.00,		-3.74,		-2.00,
751,		-7.00,		-3.85,		3.00,
752,		-5.00,		-3.91,		3.00,
753,		-5.00,		-3.92,		3.00,
754,		-7.00,		-3.95,		3.00,
755,		-7.00,		-3.98,		3.00,
756,		-7.00,		-3.98,		3.00,
757,		-7.00,		-4.01,		-1.00,
758,		-7.00,		-3.98,		3.00,
759,		-7.00,		-4.01,		1.00,
760,		-7.00,		-3.99,		1.00,
761,		-7.00,		-4.01,		1.00,
762,		-7.00,		-4.01,		-2.00,
763,		-7.00,		-4.02,		-1.00,
764,		-7.00,		-4.02,		1.00,
765,		-7.00,		-3.99,		3.00,
766,		-7.00,		-3.98,		3.00,
767,		-7.00,		-4.18,		3.00,
768,		-7.00,		-4.11,		1.00,
769,		-7.00,		-4.07,		-1.00,
770,		-6.00,		-4.00,		3.00,
771,		-7.00,		-4.02,		-2.00,
772,		-7.00,		-3.97,		3.00,
773,		-7.00,		-3.94,		3.00,
774,		-7.00,		-4.01,		3.00,
775,		-7.00,		-3.97,		3.00,
776,		-10.00,		-3.98,		3.00,
777,		-10.00,		-3.97,		3.00,
778,		-7.00,		-3.99,		-1.00,
779,		-7.00,		-3.98,		3.00,
780,		-7.00,		-4.01,		-2.00,
781,		-7.00,		-3.96,		1.00,
782,		-7.00,		-3.99,		3.00,
783,		-7.00,		-3.99,		3.00,
784,		-7.00,		-4.03,		3.00,
785,		-7.00,		-4.03,		-2.00,
786,		-7.00,		-4.00,		-2.00,
787,		-7.00,		-4.01,		3.00,
788,		-6.00,		-3.97,		3.00,
789,		-7.00,		-3.98,		1.00,
790,		-7.00,		-4.00,		3.00,
791,		-7.00,		-3.98,		3.00,
792,		-7.00,		-3.95,		3.00,
793,		-7.00,		-3.95,		3.00,
794,		-7.00,		-3.92,		5.00,
795,		-7.00,		-3.99,		5.00,
796,		-7.00,		-3.95,		5.00,
797,		-7.00,		-3.99,		5.00,
798,		-7.00,		-3.90,		5.00,
799,		-7.00,		-3.96,		3.00,
800,		-7.00,		-3.99,		3.00,
801,		-7.00,		-3.97,		3.00,
802,		-6.00,		-3.96,		3.00,
803,		-7.00,		-3.97,		3.00,
804,		-7.00,		-3.99,		3.00,
805,		-7.00,		-4.00,		1.00,
806,		-7.00,		-3.98,		3.00,
807,		-7.00,		-3.96,		1.00,
808,		-7.00,		-3.97,		1.00,
809,		-7.00,		-4.15,		-1.00,
810,		-7.00,		-4.08,		-1.00,
811,		-7.00,		-4.35,		1.00,
812,		-7.00,		-4.13,		3.00,
813,		-6.00,		-4.05,		3.00,
814,		-7.00,		-4.03,		3.00,
815,		-7.00,		-4.00,		3.00,
816,		-7.00,		-4.00,		3.00,
817,		-7.00,		-3.98,		3.00,
818,		-7.00,		-3.98,		3.00,
819,		-7.00,		-3.99,		3.00,
820,		-7.00,		-3.99,		-2.00,
821,		-6.00,		-3.96,		1.00,
822,		-7.00,		-3.96,		3.00,
823,		-6.00,		-3.98,		3.00,
824,		-5.00,		-4.00,		-2.00,
825,		-6.00,		-3.98,		3.00,
826,		-7.00,		-3.98,		3.00,
827,		-7.00,		-4.01,		1.00,
828,		-7.00,		-3.49,		3.00,
829,		-5.00,		-3.76,		4.00,
830,		-7.00,		-3.38,		1.00,
831,		-8.00,		-3.70,		0.00,
832,		-8.00,		-3.32,		4.00,
833,		-8.00,		-3.16,		4.00,
834,		-8.00,		-3.08,		2.00,
835,		-8.00,		-3.03,		4.00,
836,		-8.00,		-3.03,		2.00,
837,		-8.00,		-3.04,		-1.00,
838,		-8.00,		-3.04,		-1.00,
839,		-8.00,		-2.98,		2.00,
840,		-8.00,		-2.02,		1.00,
841,		-6.00,		-2.37,		6.00,
842,		-5.00,		-2.63,		6.00,
843,		-6.00,		-2.85,		4.00,
844,		-8.00,		-2.91,		4.00,
845,		-6.00,		-2.95,		4.00,
846,		-6.00,		-2.91,		4.00,
847,		-6.00,		-2.96,		4.00,
848,		-8.00,		-2.95,		4.00,
849,		-8.00,		-3.00,		4.00,
850,		-6.00,		-2.83,		4.00,
851,		-8.00,		-2.92,		4.00,
852,		-4.00,		-2.94,		4.00,
853,		-6.00,		-2.96,		4.00,
854,		-8.00,		-2.98,		4.00,
855,		-6.00,		-2.99,		0.00,
856,		-8.00,		-3.00,		-1.00,
857,		-8.00,		-3.06,		4.00,
858,		-8.00,		-3.06,		0.00,
859,		-8.00,		-3.01,		2.00,
860,		-6.00,		-2.99,		2.00,
861,		-8.00,		-2.99,		2.00,
862,		-8.00,		-3.00,		4.00,
863,		-8.00,		-3.02,		4.00,
864,		-6.00,		-2.98,		4.00,
865,		-6.00,		-2.97,		4.00,
866,		-6.00,		-2.97,		2.00,
867,		-6.00,		-3.00,		2.00,
868,		-8.00,		-3.00,		4.00,
869,		-8.00,		-3.05,		4.00,
870,		-10.00,		-3.98,		4.00,
871,		-8.00,		-4.57,		-2.00,
872,		-8.00,		-3.85,		-1.00,
873,		-8.00,		-4.46,		2.00,
874,		-8.00,		-4.72,		4.00,
875,		-8.00,		-3.81,		4.00,
876,		-8.00,		-4.35,		4.00,
877,		-10.00,		-4.68,		4.00,
878,		-10.00,		-4.86,		4.00,
879,		-8.00,		-4.93,		2.00,
880,		-10.00,		-4.96,		2.00,
881,		-10.00,		-4.98,		4.00,
882,		-10.00,		-4.97,		2.00,
883,		-10.00,		-4.99,		2.00,
884,		-8.00,		-4.07,		2.00,
885,		-10.00,		-4.55,		-1.00,
886,		-10.00,		-4.27,		0.00,
887,		-10.00,		-4.64,		4.00,
888,		-10.00,		-4.67,		5.00,
889,		-8.00,		-4.31,		5.00,
890,		-7.00,		-4.63,		4.00,
891,		-8.00,		-0.36,		5.00,
892,		-8.00,		-2.88,		8.00,
893,		-8.00,		-3.89,		5.00,
894,		-10.00,		-4.48,		14.00,
895,		-10.00,		-4.73,		14.00,
896,		-10.00,		-5.49,		4.00,
897,		-10.00,		-5.27,		3.00,
898,		-10.00,		-5.14,		3.00,
899,		-9.00,		-5.08,		1.00,
900,		-9.00,		-5.97,		-1.00,
901,		-11.00,		-7.06,		1.00,
902,		-10.00,		-5.98,		4.00,
903,		-13.00,		-7.04,		-2.00,
904,		-13.00,		-7.49,		2.00,
905,		-13.00,		-8.32,		1.00,
906,		-11.00,		-8.14,		1.00,
907,		-13.00,		-8.24,		1.00,
908,		-12.00,		-8.14,		1.00,
909,		-12.00,		-8.06,		1.00,
910,		-12.00,		-8.05,		-5.00,
911,		-13.00,		-8.53,		-6.00,
912,		-14.00,		-8.27,		1.00,
913,		-11.00,		-8.62,		1.00,
914,		-12.00,		-8.27,		1.00,
915,		-13.00,		-8.17,		-1.00,
916,		-12.00,		-8.36,		-1.00,
917,		-12.00,		-8.17,		-5.00,
918,		-13.00,		-8.10,		-6.00,
919,		-13.00,		-8.07,		-1.00,
920,		-12.00,		-7.97,		1.00,
921,		-13.00,		-8.00,		-1.00,
922,		-13.00,		-7.99,		-1.00,
923,		-13.00,		-8.02,		1.00,
924,		-13.00,		-8.03,		0.00,
925,		-13.00,		-8.00,		1.00,
926,		-13.00,		-8.00,		1.00,
927,		-13.00,		-7.99,		1.00,
928,		-11.00,		-7.92,		1.00,
929,		-11.00,		-7.98,		1.00,
930,		-11.00,		-7.96,		1.00,
931,		-11.00,		-7.94,		1.00,
932,		-13.00,		-7.99,		-1.00,
933,		-11.00,		-7.96,		1.00,
934,		-14.00,		-8.01,		1.00,
935,		-11.00,		-7.94,		1.00,
936,		-13.00,		-7.99,		1.00,
937,		-13.00,		-8.05,		-6.00,
938,		-13.00,		-8.00,		-1.00,
939,		-13.00,		-7.98,		-1.00,
940,		-13.00,		-7.99,		-1.00,
941,		-13.00,		-7.95,		1.00,
942,		-13.00,		-8.51,		-1.00,
943,		-13.00,		-8.17,		-1.00,
944,		-11.00,		-6.49,		4.00,
945,		-13.00,		-7.32,		1.00,
946,		-13.00,		-7.68,		-3.00,
947,		-13.00,		-7.83,		-1.00,
948,		-13.00,		-7.89,		1.00,
949,		-13.00,		-7.15,		2.00,
950,		-11.00,		-7.56,		2.00,
951,		-11.00,		-7.76,		1.00,
952,		-10.00,		-6.39,		1.00,
953,		-10.00,		-5.76,		-1.00,
954,		-10.00,		-5.80,		-3.00,
955,		-13.00,		-6.28,		4.00,
956,		-13.00,		-5.61,		4.00,
957,		-13.00,		-5.32,		4.00,
958,		-10.00,		-5.13,		2.00,
959,		-10.00,		-5.01,		4.00,
960,		-10.00,		-5.05,		2.00,
961,		-10.00,		-5.03,		4.00,
962,		-10.00,		-5.09,		-3.00,
963,		-8.00,		-4.99,		4.00,
964,		-8.00,		-5.00,		-3.00,
965,		-10.00,		-4.98,		4.00,
966,		-10.00,		-4.98,		2.00,
967,		-10.00,		-5.01,		2.00,
968,		-10.00,		-5.02,		4.00,
969,		-10.00,		-5.03,		-3.00,
970,		-10.00,		-5.00,		2.00,
971,		-8.00,		-4.99,		4.00,
972,		-8.00,		-4.99,		2.00,
973,		-8.00,		-4.98,		4.00,
974,		-10.00,		-4.99,		2.00,
975,		-10.00,		-5.03,		-3.00,
976,		-10.00,		-5.03,		-3.00,
977,		-10.00,		-5.03,		4.00,
978,		-10.00,		-4.95,		4.00,
979,		-10.00,		-4.94,		4.00,
980,		-10.00,		-4.98,		2.00,
981,		-10.00,		-4.96,		4.00,
982,		-10.00,		-5.01,		-2.00,
983,		-10.00,		-5.01,		-2.00,
984,		-10.00,		-5.01,		2.00,
985,		-10.00,		-5.01,		2.00,
986,		-10.00,		-4.96,		7.00,
987,		-10.00,		-4.99,		4.00,
988,		-10.00,		-4.95,		4.00,
989,		-7.00,		-4.96,		4.00,
990,		-10.00,		-4.98,		4.00,
991,		-8.00,		-4.97,		4.00,
992,		-10.00,		-4.94,		4.00,
993,		-8.00,		-4.95,		4.00,
994,		-8.00,		-4.96,		4.00,
995,		-10.00,		-4.95,		4.00,
996,		-10.00,		-4.99,		2.00,
997,		-10.00,		-4.98,		4.00,
998,		-10.00,		-5.01,		-2.00,
999,		-10.00,		-4.99,		2.00,
