RANDOM_SEED, 1698987405
GEN,		MIN,			AVE,			MAX,
0,		-23.00,		-2.09,		17.00,
1,		-23.00,		-1.36,		12.00,
2,		-20.00,		-4.49,		10.00,
3,		-19.00,		-4.25,		8.00,
4,		-20.00,		-5.18,		8.00,
5,		-21.00,		-6.91,		4.00,
6,		-21.00,		-11.92,		4.00,
7,		-20.00,		-11.19,		2.00,
8,		-20.00,		-9.25,		4.00,
9,		-20.00,		-13.39,		-2.00,
10,		-20.00,		-15.38,		-2.00,
11,		-20.00,		-16.37,		-5.00,
12,		-20.00,		-16.75,		-7.00,
13,		-20.00,		-16.92,		-8.00,
14,		-20.00,		-16.95,		-8.00,
15,		-20.00,		-16.97,		-10.00,
16,		-20.00,		-16.97,		-10.00,
17,		-20.00,		-17.91,		-10.00,
18,		-21.00,		-18.30,		-10.00,
19,		-20.00,		-14.18,		-3.00,
20,		-22.00,		-16.82,		-5.00,
21,		-21.00,		-17.22,		-10.00,
22,		-20.00,		-13.66,		-5.00,
23,		-20.00,		-15.60,		-9.00,
24,		-19.00,		-12.89,		-1.00,
25,		-20.00,		-14.54,		-5.00,
26,		-20.00,		-14.86,		-5.00,
27,		-20.00,		-16.01,		-8.00,
28,		-19.00,		-16.38,		-8.00,
29,		-19.00,		-16.59,		-8.00,
30,		-20.00,		-16.69,		-8.00,
31,		-19.00,		-13.40,		-5.00,
32,		-20.00,		-14.91,		-5.00,
33,		-19.00,		-12.62,		-1.00,
34,		-19.00,		-14.98,		-8.00,
35,		-19.00,		-12.63,		-1.00,
36,		-19.00,		-14.92,		-3.00,
37,		-19.00,		-12.45,		-1.00,
38,		-20.00,		-14.25,		-1.00,
39,		-20.00,		-15.78,		-1.00,
40,		-20.00,		-16.61,		-9.00,
41,		-20.00,		-16.91,		-10.00,
42,		-19.00,		-17.40,		-5.00,
43,		-20.00,		-17.67,		-9.00,
44,		-20.00,		-17.33,		-8.00,
45,		-21.00,		-17.34,		-12.00,
46,		-20.00,		-17.14,		-12.00,
47,		-20.00,		-17.04,		-12.00,
48,		-20.00,		-17.02,		-8.00,
49,		-19.00,		-16.97,		-8.00,
50,		-20.00,		-17.42,		-10.00,
51,		-20.00,		-16.98,		-7.00,
52,		-19.00,		-16.98,		-12.00,
53,		-19.00,		-17.43,		-9.00,
54,		-20.00,		-17.72,		-10.00,
55,		-20.00,		-17.85,		-12.00,
56,		-20.00,		-17.90,		-12.00,
57,		-21.00,		-17.48,		-11.00,
58,		-21.00,		-17.37,		-12.00,
59,		-21.00,		-17.21,		-11.00,
60,		-19.00,		-17.06,		-8.00,
61,		-20.00,		-17.02,		-12.00,
62,		-20.00,		-17.52,		-9.00,
63,		-20.00,		-17.73,		-9.00,
64,		-20.00,		-17.81,		-9.00,
65,		-21.00,		-17.70,		-11.00,
66,		-21.00,		-17.78,		-9.00,
67,		-21.00,		-17.85,		-9.00,
68,		-21.00,		-17.93,		-11.00,
69,		-21.00,		-17.94,		-11.00,
70,		-21.00,		-17.95,		-11.00,
71,		-21.00,		-17.97,		-9.00,
72,		-21.00,		-17.98,		-9.00,
73,		-21.00,		-17.98,		-9.00,
74,		-20.00,		-18.00,		-13.00,
75,		-21.00,		-17.97,		-9.00,
76,		-21.00,		-17.94,		-9.00,
77,		-20.00,		-17.97,		-13.00,
78,		-21.00,		-17.94,		-11.00,
79,		-21.00,		-17.89,		-9.00,
80,		-20.00,		-17.94,		-9.00,
81,		-21.00,		-17.93,		-9.00,
82,		-19.00,		-17.88,		-9.00,
83,		-20.00,		-17.95,		-9.00,
84,		-20.00,		-17.90,		-9.00,
85,		-20.00,		-17.88,		-9.00,
86,		-20.00,		-17.96,		-9.00,
87,		-20.00,		-17.95,		-9.00,
88,		-21.00,		-17.92,		-9.00,
89,		-21.00,		-17.92,		-4.00,
90,		-21.00,		-17.99,		-9.00,
91,		-21.00,		-17.96,		-9.00,
92,		-20.00,		-17.95,		-11.00,
93,		-20.00,		-17.94,		-12.00,
94,		-20.00,		-17.97,		-11.00,
95,		-21.00,		-17.97,		-11.00,
96,		-21.00,		-17.97,		-13.00,
97,		-20.00,		-17.97,		-9.00,
98,		-20.00,		-17.90,		-8.00,
99,		-20.00,		-17.84,		-8.00,
100,		-21.00,		-17.92,		-11.00,
101,		-21.00,		-17.89,		-9.00,
102,		-21.00,		-17.91,		-9.00,
103,		-21.00,		-17.99,		-9.00,
104,		-21.00,		-17.98,		-11.00,
105,		-21.00,		-17.97,		-13.00,
106,		-21.00,		-18.00,		-13.00,
107,		-21.00,		-17.95,		-13.00,
108,		-20.00,		-17.91,		-8.00,
109,		-21.00,		-17.94,		-13.00,
110,		-20.00,		-17.91,		-9.00,
111,		-20.00,		-17.94,		-9.00,
112,		-20.00,		-17.91,		-9.00,
113,		-20.00,		-17.92,		-11.00,
114,		-19.00,		-17.94,		-11.00,
115,		-21.00,		-17.95,		-13.00,
116,		-21.00,		-17.95,		-11.00,
117,		-21.00,		-17.93,		-11.00,
118,		-19.00,		-17.90,		-11.00,
119,		-21.00,		-17.93,		-11.00,
120,		-21.00,		-17.99,		-11.00,
121,		-21.00,		-17.93,		-11.00,
122,		-21.00,		-17.95,		-11.00,
123,		-20.00,		-17.96,		-9.00,
124,		-21.00,		-17.95,		-13.00,
125,		-20.00,		-17.96,		-9.00,
126,		-21.00,		-17.98,		-13.00,
127,		-19.00,		-17.94,		-13.00,
128,		-20.00,		-17.95,		-11.00,
129,		-21.00,		-17.95,		-9.00,
130,		-21.00,		-17.92,		-9.00,
131,		-21.00,		-17.89,		-9.00,
132,		-21.00,		-17.88,		-9.00,
133,		-21.00,		-17.92,		-4.00,
134,		-21.00,		-17.92,		-4.00,
135,		-21.00,		-17.93,		-4.00,
136,		-21.00,		-17.96,		-13.00,
137,		-21.00,		-17.96,		-11.00,
138,		-20.00,		-17.93,		-9.00,
139,		-20.00,		-17.95,		-9.00,
140,		-20.00,		-17.96,		-9.00,
141,		-19.00,		-17.93,		-13.00,
142,		-20.00,		-17.93,		-11.00,
143,		-20.00,		-17.89,		-9.00,
144,		-21.00,		-17.94,		-9.00,
145,		-21.00,		-17.90,		-9.00,
146,		-20.00,		-17.95,		-11.00,
147,		-20.00,		-17.92,		-11.00,
148,		-21.00,		-17.90,		-11.00,
149,		-21.00,		-17.93,		-9.00,
150,		-18.00,		-17.93,		-11.00,
151,		-21.00,		-17.97,		-11.00,
152,		-21.00,		-17.95,		-9.00,
153,		-21.00,		-17.97,		-9.00,
154,		-21.00,		-17.97,		-9.00,
155,		-21.00,		-18.00,		-13.00,
156,		-21.00,		-17.97,		-13.00,
157,		-21.00,		-17.95,		-13.00,
158,		-21.00,		-17.28,		-6.00,
159,		-21.00,		-17.67,		-11.00,
160,		-21.00,		-17.83,		-9.00,
161,		-21.00,		-17.94,		-13.00,
162,		-21.00,		-17.93,		-9.00,
163,		-22.00,		-19.38,		-9.00,
164,		-23.00,		-20.05,		-11.00,
165,		-23.00,		-20.50,		-13.00,
166,		-23.00,		-20.77,		-13.00,
167,		-23.00,		-20.77,		-12.00,
168,		-23.00,		-20.88,		-10.00,
169,		-23.00,		-20.91,		-12.00,
170,		-24.00,		-21.92,		-10.00,
171,		-24.00,		-21.60,		-10.00,
172,		-23.00,		-21.33,		-12.00,
173,		-23.00,		-21.19,		-16.00,
174,		-25.00,		-20.14,		-16.00,
175,		-25.00,		-20.54,		-8.00,
176,		-25.00,		-20.71,		-14.00,
177,		-25.00,		-20.81,		-10.00,
178,		-23.00,		-20.85,		-10.00,
179,		-23.00,		-20.88,		-10.00,
180,		-23.00,		-20.96,		-14.00,
181,		-23.00,		-20.92,		-10.00,
182,		-23.00,		-20.93,		-10.00,
183,		-23.00,		-20.92,		-12.00,
184,		-22.00,		-20.95,		-14.00,
185,		-23.00,		-20.93,		-14.00,
186,		-23.00,		-20.95,		-10.00,
187,		-23.00,		-20.95,		-14.00,
188,		-23.00,		-20.97,		-19.00,
189,		-23.00,		-20.95,		-12.00,
190,		-23.00,		-20.94,		-14.00,
191,		-23.00,		-20.90,		-3.00,
192,		-23.00,		-12.91,		-2.00,
193,		-23.00,		-17.62,		2.00,
194,		-23.00,		-19.47,		-2.00,
195,		-23.00,		-20.17,		-3.00,
196,		-23.00,		-20.56,		-3.00,
197,		-23.00,		-20.74,		-3.00,
198,		-23.00,		-20.80,		-3.00,
199,		-23.00,		-20.86,		-11.00,
200,		-23.00,		-20.93,		-12.00,
201,		-23.00,		-20.94,		-12.00,
202,		-23.00,		-20.95,		-12.00,
203,		-23.00,		-20.98,		-14.00,
204,		-23.00,		-20.91,		-10.00,
205,		-23.00,		-20.91,		-10.00,
206,		-23.00,		-20.93,		-10.00,
207,		-22.00,		-20.88,		-10.00,
208,		-22.00,		-20.89,		-10.00,
209,		-23.00,		-20.95,		-10.00,
210,		-22.00,		-20.43,		-10.00,
211,		-22.00,		-20.60,		-12.00,
212,		-22.00,		-20.23,		-12.00,
213,		-23.00,		-20.14,		-11.00,
214,		-22.00,		-19.98,		-11.00,
215,		-22.00,		-19.98,		-11.00,
216,		-22.00,		-19.91,		-11.00,
217,		-22.00,		-19.95,		-11.00,
218,		-22.00,		-19.95,		-11.00,
219,		-22.00,		-19.92,		-11.00,
220,		-22.00,		-19.95,		-11.00,
221,		-22.00,		-19.94,		-11.00,
222,		-22.00,		-19.94,		-13.00,
223,		-22.00,		-19.92,		-11.00,
224,		-21.00,		-19.91,		-13.00,
225,		-22.00,		-19.96,		-15.00,
226,		-22.00,		-19.95,		-15.00,
227,		-22.00,		-19.96,		-15.00,
228,		-22.00,		-19.96,		-13.00,
229,		-22.00,		-19.99,		-13.00,
230,		-23.00,		-19.96,		-11.00,
231,		-22.00,		-19.94,		-11.00,
232,		-22.00,		-19.88,		-11.00,
233,		-22.00,		-19.91,		-11.00,
234,		-22.00,		-19.88,		-11.00,
235,		-22.00,		-19.88,		-11.00,
236,		-22.00,		-20.12,		-11.00,
237,		-22.00,		-19.98,		-11.00,
238,		-22.00,		-19.99,		-11.00,
239,		-22.00,		-19.96,		-11.00,
240,		-22.00,		-19.90,		-11.00,
241,		-22.00,		-19.93,		-11.00,
242,		-22.00,		-19.92,		-11.00,
243,		-22.00,		-19.93,		-11.00,
244,		-22.00,		-19.92,		-11.00,
245,		-22.00,		-19.92,		-11.00,
246,		-21.00,		-19.90,		-13.00,
247,		-22.00,		-19.93,		-13.00,
248,		-22.00,		-19.91,		-11.00,
249,		-22.00,		-19.95,		-11.00,
250,		-22.00,		-19.97,		-15.00,
251,		-21.00,		-19.96,		-15.00,
252,		-22.00,		-19.97,		-15.00,
253,		-22.00,		-19.95,		-13.00,
254,		-22.00,		-19.95,		-11.00,
255,		-22.00,		-19.95,		-13.00,
256,		-22.00,		-19.88,		-11.00,
257,		-22.00,		-19.90,		-11.00,
258,		-22.00,		-19.88,		-11.00,
259,		-22.00,		-19.93,		-11.00,
260,		-22.00,		-19.93,		-11.00,
261,		-22.00,		-19.89,		-4.00,
262,		-22.00,		-19.84,		-4.00,
263,		-22.00,		-19.94,		-11.00,
264,		-22.00,		-19.89,		-11.00,
265,		-22.00,		-19.94,		-11.00,
266,		-22.00,		-19.92,		-11.00,
267,		-22.00,		-19.89,		-11.00,
268,		-22.00,		-19.97,		-11.00,
269,		-22.00,		-19.97,		-11.00,
270,		-22.00,		-19.96,		-11.00,
271,		-22.00,		-19.94,		-11.00,
272,		-22.00,		-19.93,		-13.00,
273,		-21.00,		-19.87,		-10.00,
274,		-22.00,		-19.98,		-10.00,
275,		-22.00,		-19.95,		-11.00,
276,		-22.00,		-19.92,		-11.00,
277,		-22.00,		-19.89,		-11.00,
278,		-22.00,		-19.64,		-11.00,
279,		-22.00,		-19.71,		-11.00,
280,		-22.00,		-19.81,		-8.00,
281,		-21.00,		-19.03,		-11.00,
282,		-22.00,		-19.55,		-11.00,
283,		-21.00,		-19.70,		-9.00,
284,		-21.00,		-19.80,		-11.00,
285,		-21.00,		-19.82,		-11.00,
286,		-22.00,		-18.86,		-9.00,
287,		-22.00,		-18.95,		-9.00,
288,		-22.00,		-14.92,		-6.00,
289,		-22.00,		-13.62,		-2.00,
290,		-20.00,		-11.30,		-2.00,
291,		-20.00,		-14.49,		-2.00,
292,		-20.00,		-13.65,		-2.00,
293,		-20.00,		-16.18,		-2.00,
294,		-20.00,		-17.23,		-8.00,
295,		-20.00,		-17.66,		-8.00,
296,		-20.00,		-17.78,		-9.00,
297,		-20.00,		-17.92,		-9.00,
298,		-20.00,		-17.90,		-9.00,
299,		-20.00,		-17.90,		-9.00,
300,		-20.00,		-17.98,		-15.00,
301,		-20.00,		-17.96,		-9.00,
302,		-20.00,		-17.93,		-9.00,
303,		-20.00,		-17.91,		-9.00,
304,		-20.00,		-17.93,		-9.00,
305,		-20.00,		-17.93,		-9.00,
306,		-20.00,		-17.96,		-13.00,
307,		-20.00,		-17.95,		-9.00,
308,		-20.00,		-13.46,		-2.00,
309,		-19.00,		-11.34,		-2.00,
310,		-19.00,		-10.56,		0.00,
311,		-19.00,		-9.71,		0.00,
312,		-18.00,		-9.40,		0.00,
313,		-18.00,		-9.27,		-4.00,
314,		-18.00,		-9.18,		-2.00,
315,		-18.00,		-9.16,		-2.00,
316,		-18.00,		-9.06,		-2.00,
317,		-18.00,		-9.04,		-2.00,
318,		-18.00,		-8.96,		0.00,
319,		-18.00,		-8.95,		0.00,
320,		-17.00,		-8.98,		0.00,
321,		-18.00,		-8.98,		0.00,
322,		-11.00,		-8.95,		0.00,
323,		-18.00,		-8.97,		0.00,
324,		-18.00,		-9.01,		-2.00,
325,		-18.00,		-9.01,		0.00,
326,		-18.00,		-8.97,		0.00,
327,		-18.00,		-8.95,		0.00,
328,		-18.00,		-8.99,		0.00,
329,		-18.00,		-9.01,		0.00,
330,		-11.00,		-8.99,		-4.00,
331,		-18.00,		-9.03,		-8.00,
332,		-18.00,		-8.98,		0.00,
333,		-18.00,		-8.99,		0.00,
334,		-18.00,		-9.00,		0.00,
335,		-18.00,		-9.03,		0.00,
336,		-18.00,		-9.01,		0.00,
337,		-18.00,		-8.99,		-2.00,
338,		-11.00,		-8.94,		-4.00,
339,		-11.00,		-8.91,		0.00,
340,		-11.00,		-8.45,		0.00,
341,		-17.00,		-8.69,		0.00,
342,		-18.00,		-8.84,		-2.00,
343,		-11.00,		-8.87,		0.00,
344,		-10.00,		-8.95,		-4.00,
345,		-11.00,		-8.92,		0.00,
346,		-11.00,		-8.90,		0.00,
347,		-18.00,		-8.95,		0.00,
348,		-11.00,		-8.91,		0.00,
349,		-11.00,		-8.92,		0.00,
350,		-18.00,		-8.97,		0.00,
351,		-11.00,		-8.93,		-2.00,
352,		-11.00,		-8.95,		0.00,
353,		-11.00,		-8.98,		-4.00,
354,		-18.00,		-9.01,		-4.00,
355,		-18.00,		-9.00,		-2.00,
356,		-18.00,		-9.02,		-6.00,
357,		-18.00,		-9.00,		0.00,
358,		-18.00,		-8.91,		0.00,
359,		-20.00,		-13.43,		0.00,
360,		-19.00,		-15.98,		-4.00,
361,		-20.00,		-17.21,		-7.00,
362,		-19.00,		-13.18,		-6.00,
363,		-19.00,		-15.57,		-6.00,
364,		-20.00,		-15.21,		0.00,
365,		-20.00,		-12.25,		-4.00,
366,		-20.00,		-10.62,		-4.00,
367,		-20.00,		-9.98,		-2.00,
368,		-20.00,		-13.03,		-2.00,
369,		-20.00,		-13.74,		-2.00,
370,		-20.00,		-16.10,		-2.00,
371,		-20.00,		-11.64,		1.00,
372,		-20.00,		-14.09,		0.00,
373,		-20.00,		-12.99,		-2.00,
374,		-20.00,		-13.81,		-2.00,
375,		-20.00,		-12.44,		-2.00,
376,		-20.00,		-12.94,		-2.00,
377,		-18.00,		-12.17,		-2.00,
378,		-18.00,		-11.73,		-6.00,
379,		-18.00,		-11.45,		-2.00,
380,		-18.00,		-11.22,		-2.00,
381,		-18.00,		-11.15,		-2.00,
382,		-18.00,		-11.03,		-2.00,
383,		-18.00,		-10.98,		-2.00,
384,		-18.00,		-11.01,		-2.00,
385,		-19.00,		-14.47,		-8.00,
386,		-18.00,		-12.73,		-2.00,
387,		-20.00,		-15.47,		-2.00,
388,		-20.00,		-13.99,		-2.00,
389,		-18.00,		-12.52,		-8.00,
390,		-18.00,		-11.77,		-2.00,
391,		-18.00,		-11.55,		-2.00,
392,		-18.00,		-11.22,		-2.00,
393,		-18.00,		-11.16,		-2.00,
394,		-18.00,		-11.09,		-2.00,
395,		-18.00,		-11.02,		-8.00,
396,		-18.00,		-10.98,		-2.00,
397,		-13.00,		-10.96,		-2.00,
398,		-13.00,		-10.93,		-2.00,
399,		-13.00,		-10.92,		-2.00,
400,		-18.00,		-11.00,		-6.00,
401,		-13.00,		-10.98,		-2.00,
402,		-13.00,		-10.81,		-6.00,
403,		-18.00,		-10.89,		-2.00,
404,		-18.00,		-10.86,		-2.00,
405,		-14.00,		-10.94,		-2.00,
406,		-18.00,		-11.00,		-8.00,
407,		-18.00,		-10.99,		-2.00,
408,		-18.00,		-10.99,		-2.00,
409,		-18.00,		-10.94,		-2.00,
410,		-13.00,		-10.93,		-2.00,
411,		-13.00,		-10.93,		-2.00,
412,		-13.00,		-10.91,		-2.00,
413,		-13.00,		-10.92,		-2.00,
414,		-13.00,		-10.95,		-6.00,
415,		-13.00,		-8.45,		3.00,
416,		-18.00,		-9.72,		-6.00,
417,		-18.00,		-10.33,		-2.00,
418,		-18.00,		-10.25,		-2.00,
419,		-17.00,		-10.12,		-1.00,
420,		-13.00,		-10.57,		-2.00,
421,		-13.00,		-10.59,		-2.00,
422,		-13.00,		-10.51,		-2.00,
423,		-13.00,		-10.25,		-1.00,
424,		-13.00,		-10.31,		-1.00,
425,		-13.00,		-10.62,		-2.00,
426,		-13.00,		-10.77,		-1.00,
427,		-18.00,		-10.90,		-1.00,
428,		-18.00,		-10.90,		-2.00,
429,		-13.00,		-10.83,		-2.00,
430,		-13.00,		-10.84,		-2.00,
431,		-18.00,		-11.08,		-2.00,
432,		-13.00,		-11.04,		-2.00,
433,		-19.00,		-11.53,		-2.00,
434,		-19.00,		-12.23,		-3.00,
435,		-19.00,		-12.00,		-2.00,
436,		-19.00,		-11.71,		-2.00,
437,		-19.00,		-11.33,		-2.00,
438,		-20.00,		-12.19,		-3.00,
439,		-15.00,		-11.58,		-2.00,
440,		-20.00,		-12.19,		-3.00,
441,		-20.00,		-12.58,		-3.00,
442,		-15.00,		-11.74,		-3.00,
443,		-13.00,		-11.38,		-2.00,
444,		-13.00,		-11.12,		-2.00,
445,		-18.00,		-11.07,		-2.00,
446,		-18.00,		-11.04,		-2.00,
447,		-18.00,		-11.04,		-2.00,
448,		-18.00,		-11.00,		-2.00,
449,		-13.00,		-11.01,		-2.00,
450,		-13.00,		-10.94,		-2.00,
451,		-18.00,		-11.00,		-2.00,
452,		-13.00,		-10.93,		-2.00,
453,		-18.00,		-10.97,		-2.00,
454,		-13.00,		-10.96,		-2.00,
455,		-13.00,		-10.96,		-8.00,
456,		-13.00,		-10.96,		-2.00,
457,		-13.00,		-10.94,		-2.00,
458,		-13.00,		-10.96,		-2.00,
459,		-18.00,		-10.99,		-2.00,
460,		-18.00,		-11.02,		-6.00,
461,		-18.00,		-11.00,		-2.00,
462,		-13.00,		-10.94,		-2.00,
463,		-18.00,		-10.97,		-2.00,
464,		-18.00,		-10.94,		-2.00,
465,		-18.00,		-10.87,		-2.00,
466,		-18.00,		-10.63,		-1.00,
467,		-18.00,		-7.38,		-1.00,
468,		-17.00,		-9.00,		-1.00,
469,		-17.00,		-5.22,		8.00,
470,		-19.00,		-7.51,		0.00,
471,		-17.00,		-4.42,		2.00,
472,		-18.00,		-8.21,		0.00,
473,		-18.00,		-9.20,		0.00,
474,		-13.00,		-8.70,		2.00,
475,		-13.00,		-9.83,		7.00,
476,		-13.00,		-9.57,		-2.00,
477,		-13.00,		-10.08,		-1.00,
478,		-17.00,		-10.01,		-1.00,
479,		-17.00,		-10.01,		2.00,
480,		-18.00,		-10.17,		-1.00,
481,		-13.00,		-10.07,		-1.00,
482,		-12.00,		-10.04,		-1.00,
483,		-17.00,		-10.04,		-1.00,
484,		-17.00,		-10.48,		-1.00,
485,		-17.00,		-10.27,		-7.00,
486,		-18.00,		-10.56,		-2.00,
487,		-17.00,		-10.55,		-2.00,
488,		-13.00,		-10.48,		-2.00,
489,		-11.00,		-9.94,		0.00,
490,		-12.00,		-9.88,		0.00,
491,		-18.00,		-10.51,		0.00,
492,		-13.00,		-9.74,		-2.00,
493,		-13.00,		-10.26,		0.00,
494,		-16.00,		-9.59,		0.00,
495,		-18.00,		-9.29,		0.00,
496,		-16.00,		-9.97,		0.00,
497,		-16.00,		-9.90,		0.00,
498,		-18.00,		-9.90,		-2.00,
499,		-18.00,		-10.43,		-2.00,
500,		-18.00,		-9.71,		-2.00,
501,		-18.00,		-10.35,		0.00,
502,		-18.00,		-9.62,		-2.00,
503,		-18.00,		-9.35,		0.00,
504,		-18.00,		-10.24,		0.00,
505,		-18.00,		-9.64,		0.00,
506,		-18.00,		-10.34,		-2.00,
507,		-18.00,		-9.64,		0.00,
508,		-18.00,		-10.35,		-2.00,
509,		-18.00,		-10.49,		-2.00,
510,		-18.00,		-9.74,		0.00,
511,		-18.00,		-10.34,		0.00,
512,		-18.00,		-9.63,		0.00,
513,		-18.00,		-9.33,		0.00,
514,		-17.00,		-9.17,		0.00,
515,		-11.00,		-9.07,		0.00,
516,		-12.00,		-9.53,		-1.00,
517,		-16.00,		-9.29,		0.00,
518,		-16.00,		-9.89,		-7.00,
519,		-16.00,		-9.38,		0.00,
520,		-12.00,		-9.29,		0.00,
521,		-16.00,		-10.10,		0.00,
522,		-16.00,		-10.61,		-2.00,
523,		-16.00,		-10.76,		0.00,
524,		-17.00,		-10.85,		-2.00,
525,		-16.00,		-10.93,		-2.00,
526,		-16.00,		-10.90,		-2.00,
527,		-16.00,		-10.84,		-1.00,
528,		-16.00,		-10.96,		-1.00,
529,		-16.00,		-10.95,		-2.00,
530,		-16.00,		-10.94,		-2.00,
531,		-16.00,		-10.91,		-2.00,
532,		-16.00,		-10.92,		-2.00,
533,		-16.00,		-10.87,		-2.00,
534,		-16.00,		-10.89,		-2.00,
535,		-16.00,		-10.94,		-2.00,
536,		-17.00,		-10.94,		-2.00,
537,		-17.00,		-10.94,		-2.00,
538,		-17.00,		-10.90,		0.00,
539,		-17.00,		-10.39,		-1.00,
540,		-17.00,		-10.77,		-7.00,
541,		-13.00,		-10.88,		-2.00,
542,		-13.00,		-10.62,		-2.00,
543,		-13.00,		-10.79,		-8.00,
544,		-13.00,		-10.89,		-8.00,
545,		-13.00,		-10.94,		-2.00,
546,		-15.00,		-10.55,		-7.00,
547,		-16.00,		-11.78,		-4.00,
548,		-15.00,		-10.82,		-1.00,
549,		-15.00,		-10.43,		-2.00,
550,		-15.00,		-10.95,		-3.00,
551,		-15.00,		-10.48,		-1.00,
552,		-15.00,		-10.20,		-1.00,
553,		-15.00,		-10.48,		-1.00,
554,		-15.00,		-10.39,		-1.00,
555,		-15.00,		-11.28,		-7.00,
556,		-14.00,		-11.56,		-3.00,
557,		-15.00,		-12.27,		-7.00,
558,		-15.00,		-12.63,		-9.00,
559,		-16.00,		-12.79,		-3.00,
560,		-15.00,		-12.91,		-9.00,
561,		-15.00,		-13.44,		-10.00,
562,		-16.00,		-13.69,		-10.00,
563,		-16.00,		-13.82,		-5.00,
564,		-16.00,		-13.86,		-5.00,
565,		-16.00,		-13.88,		-5.00,
566,		-16.00,		-13.94,		-11.00,
567,		-16.00,		-13.93,		-5.00,
568,		-16.00,		-13.92,		-5.00,
569,		-16.00,		-13.91,		-5.00,
570,		-16.00,		-13.92,		-5.00,
571,		-16.00,		-13.44,		-5.00,
572,		-16.00,		-13.56,		-4.00,
573,		-16.00,		-13.56,		-5.00,
574,		-15.00,		-13.30,		-4.00,
575,		-15.00,		-13.12,		-4.00,
576,		-15.00,		-13.08,		-4.00,
577,		-15.00,		-13.01,		-4.00,
578,		-16.00,		-11.99,		-2.00,
579,		-15.00,		-11.83,		-2.00,
580,		-15.00,		-12.43,		-10.00,
581,		-15.00,		-11.68,		-2.00,
582,		-16.00,		-11.29,		-4.00,
583,		-15.00,		-11.15,		-8.00,
584,		-14.00,		-11.00,		-2.00,
585,		-14.00,		-11.00,		-2.00,
586,		-13.00,		-10.98,		-2.00,
587,		-13.00,		-10.99,		-8.00,
588,		-14.00,		-10.99,		-2.00,
589,		-14.00,		-10.97,		-2.00,
590,		-13.00,		-11.00,		-8.00,
591,		-13.00,		-10.98,		-2.00,
592,		-14.00,		-11.01,		-8.00,
593,		-16.00,		-11.03,		-8.00,
594,		-16.00,		-10.94,		-2.00,
595,		-13.00,		-10.95,		-2.00,
596,		-14.00,		-10.96,		-2.00,
597,		-14.00,		-10.92,		-2.00,
598,		-16.00,		-10.99,		-8.00,
599,		-18.00,		-10.93,		-2.00,
600,		-13.00,		-10.96,		-2.00,
601,		-16.00,		-11.32,		-2.00,
602,		-14.00,		-11.16,		-8.00,
603,		-16.00,		-11.10,		-2.00,
604,		-16.00,		-11.79,		-2.00,
605,		-16.00,		-11.72,		-2.00,
606,		-15.00,		-12.29,		-2.00,
607,		-14.00,		-12.64,		-4.00,
608,		-15.00,		-12.78,		-4.00,
609,		-16.00,		-12.90,		-4.00,
610,		-16.00,		-12.38,		-4.00,
611,		-14.00,		-12.69,		-10.00,
612,		-15.00,		-12.83,		-11.00,
613,		-14.00,		-12.93,		-10.00,
614,		-16.00,		-12.98,		-11.00,
615,		-16.00,		-12.96,		-4.00,
616,		-16.00,		-12.98,		-4.00,
617,		-14.00,		-12.98,		-11.00,
618,		-14.00,		-12.94,		-4.00,
619,		-16.00,		-12.92,		-4.00,
620,		-16.00,		-12.96,		-10.00,
621,		-15.00,		-12.97,		-10.00,
622,		-16.00,		-12.93,		-4.00,
623,		-16.00,		-12.96,		-4.00,
624,		-15.00,		-12.94,		-4.00,
625,		-15.00,		-12.99,		-10.00,
626,		-15.00,		-12.95,		-4.00,
627,		-15.00,		-12.94,		-4.00,
628,		-16.00,		-12.92,		-4.00,
629,		-15.00,		-12.84,		-3.00,
630,		-15.00,		-12.89,		-4.00,
631,		-16.00,		-12.89,		-4.00,
632,		-16.00,		-12.90,		-4.00,
633,		-15.00,		-12.99,		-12.00,
634,		-15.00,		-12.99,		-10.00,
635,		-15.00,		-13.01,		-11.00,
636,		-15.00,		-12.94,		-4.00,
637,		-15.00,		-12.94,		-4.00,
638,		-15.00,		-12.95,		-4.00,
639,		-15.00,		-12.93,		-4.00,
640,		-14.00,		-12.96,		-4.00,
641,		-15.00,		-12.96,		-4.00,
642,		-16.00,		-12.98,		-4.00,
643,		-16.00,		-12.98,		-4.00,
644,		-16.00,		-12.95,		-4.00,
645,		-16.00,		-12.97,		-4.00,
646,		-16.00,		-12.93,		-4.00,
647,		-16.00,		-13.00,		-10.00,
648,		-16.00,		-12.99,		-4.00,
649,		-16.00,		-12.99,		-4.00,
650,		-16.00,		-12.98,		-4.00,
651,		-16.00,		-13.02,		-10.00,
652,		-16.00,		-13.01,		-10.00,
653,		-16.00,		-13.00,		-4.00,
654,		-16.00,		-12.95,		-4.00,
655,		-16.00,		-12.98,		-3.00,
656,		-16.00,		-12.92,		-4.00,
657,		-16.00,		-12.94,		-4.00,
658,		-16.00,		-12.94,		-4.00,
659,		-16.00,		-12.98,		-10.00,
660,		-16.00,		-12.98,		-9.00,
661,		-16.00,		-12.46,		-3.00,
662,		-16.00,		-12.38,		-4.00,
663,		-16.00,		-12.17,		-4.00,
664,		-15.00,		-12.08,		-3.00,
665,		-15.00,		-12.00,		-3.00,
666,		-15.00,		-11.97,		-4.00,
667,		-14.00,		-11.97,		-5.00,
668,		-14.00,		-11.97,		-3.00,
669,		-15.00,		-12.12,		-3.00,
670,		-15.00,		-12.39,		-3.00,
671,		-15.00,		-12.53,		-9.00,
672,		-15.00,		-12.22,		-3.00,
673,		-15.00,		-12.05,		-3.00,
674,		-15.00,		-12.02,		-5.00,
675,		-14.00,		-12.07,		-5.00,
676,		-14.00,		-12.01,		-5.00,
677,		-15.00,		-12.12,		-3.00,
678,		-15.00,		-12.01,		-3.00,
679,		-15.00,		-11.98,		-3.00,
680,		-14.00,		-11.97,		-3.00,
681,		-13.00,		-11.35,		-9.00,
682,		-15.00,		-11.72,		-9.00,
683,		-15.00,		-11.87,		-5.00,
684,		-15.00,		-11.93,		-5.00,
685,		-15.00,		-11.93,		-2.00,
686,		-15.00,		-11.91,		-2.00,
687,		-15.00,		-11.94,		-2.00,
688,		-15.00,		-11.94,		-3.00,
689,		-15.00,		-11.93,		-3.00,
690,		-15.00,		-11.98,		-3.00,
691,		-15.00,		-11.94,		-3.00,
692,		-15.00,		-11.96,		-3.00,
693,		-15.00,		-11.94,		-3.00,
694,		-15.00,		-11.93,		-3.00,
695,		-14.00,		-11.94,		-3.00,
696,		-15.00,		-11.93,		-3.00,
697,		-15.00,		-11.93,		-3.00,
698,		-15.00,		-11.93,		-3.00,
699,		-15.00,		-11.96,		-5.00,
700,		-15.00,		-11.93,		-3.00,
701,		-15.00,		-11.98,		-3.00,
702,		-15.00,		-12.00,		-3.00,
703,		-15.00,		-11.98,		-3.00,
704,		-15.00,		-11.99,		-9.00,
705,		-15.00,		-11.98,		-3.00,
706,		-15.00,		-12.00,		-10.00,
707,		-15.00,		-11.99,		-3.00,
708,		-15.00,		-11.99,		-9.00,
709,		-14.00,		-11.97,		-3.00,
710,		-15.00,		-11.93,		-3.00,
711,		-15.00,		-11.99,		-3.00,
712,		-15.00,		-11.97,		-3.00,
713,		-16.00,		-13.46,		-5.00,
714,		-16.00,		-12.72,		-5.00,
715,		-15.00,		-12.30,		-3.00,
716,		-15.00,		-12.11,		-3.00,
717,		-15.00,		-12.07,		-3.00,
718,		-17.00,		-12.05,		-5.00,
719,		-17.00,		-12.03,		-5.00,
720,		-17.00,		-12.05,		-9.00,
721,		-16.00,		-12.00,		-3.00,
722,		-15.00,		-12.00,		-5.00,
723,		-15.00,		-11.95,		-3.00,
724,		-15.00,		-11.90,		-3.00,
725,		-15.00,		-11.95,		-4.00,
726,		-15.00,		-11.94,		-4.00,
727,		-15.00,		-11.99,		-9.00,
728,		-15.00,		-11.97,		-5.00,
729,		-15.00,		-12.00,		-10.00,
730,		-15.00,		-12.45,		-3.00,
731,		-15.00,		-12.53,		-3.00,
732,		-16.00,		-12.55,		-3.00,
733,		-16.00,		-12.24,		-3.00,
734,		-16.00,		-12.12,		-3.00,
735,		-15.00,		-12.04,		-3.00,
736,		-15.00,		-12.04,		-9.00,
737,		-15.00,		-11.99,		-3.00,
738,		-15.00,		-12.01,		-9.00,
739,		-15.00,		-12.00,		-3.00,
740,		-15.00,		-12.01,		-10.00,
741,		-15.00,		-12.01,		-5.00,
742,		-14.00,		-12.00,		-5.00,
743,		-14.00,		-11.98,		-3.00,
744,		-15.00,		-11.95,		-3.00,
745,		-15.00,		-11.94,		-3.00,
746,		-15.00,		-11.98,		-3.00,
747,		-15.00,		-11.99,		-5.00,
748,		-14.00,		-11.49,		-5.00,
749,		-14.00,		-11.23,		-5.00,
750,		-14.00,		-11.05,		-2.00,
751,		-13.00,		-10.91,		-2.00,
752,		-13.00,		-7.93,		5.00,
753,		-13.00,		-9.48,		-2.00,
754,		-13.00,		-7.32,		-2.00,
755,		-13.00,		-6.28,		4.00,
756,		-12.00,		-6.71,		4.00,
757,		-14.00,		-9.38,		4.00,
758,		-14.00,		-10.94,		-1.00,
759,		-14.00,		-11.50,		-3.00,
760,		-14.00,		-11.82,		-4.00,
761,		-14.00,		-11.88,		-3.00,
762,		-14.00,		-11.97,		-3.00,
763,		-14.00,		-12.00,		-3.00,
764,		-15.00,		-12.00,		-5.00,
765,		-16.00,		-11.93,		-5.00,
766,		-15.00,		-11.92,		-3.00,
767,		-15.00,		-11.96,		-5.00,
768,		-14.00,		-11.97,		-5.00,
769,		-14.00,		-11.96,		-3.00,
770,		-15.00,		-11.95,		-5.00,
771,		-15.00,		-11.95,		-5.00,
772,		-13.00,		-11.91,		-5.00,
773,		-14.00,		-11.97,		-5.00,
774,		-14.00,		-11.98,		-9.00,
775,		-15.00,		-11.99,		-9.00,
776,		-14.00,		-11.99,		-5.00,
777,		-15.00,		-11.98,		-4.00,
778,		-14.00,		-11.97,		-3.00,
779,		-13.00,		-11.90,		-3.00,
780,		-13.00,		-11.90,		-3.00,
781,		-13.00,		-11.90,		-3.00,
782,		-15.00,		-11.95,		-3.00,
783,		-15.00,		-11.94,		-3.00,
784,		-15.00,		-11.75,		-3.00,
785,		-13.00,		-11.85,		-3.00,
786,		-14.00,		-11.90,		-3.00,
787,		-15.00,		-11.96,		-3.00,
788,		-15.00,		-11.47,		-2.00,
789,		-14.00,		-11.69,		-2.00,
790,		-14.00,		-11.32,		-2.00,
791,		-14.00,		-11.68,		-3.00,
792,		-14.00,		-11.30,		-4.00,
793,		-14.00,		-11.15,		-2.00,
794,		-14.00,		-11.10,		-2.00,
795,		-13.00,		-11.05,		-4.00,
796,		-14.00,		-11.02,		-2.00,
797,		-13.00,		-10.95,		-2.00,
798,		-14.00,		-10.93,		-2.00,
799,		-14.00,		-10.94,		-1.00,
800,		-14.00,		-10.94,		-1.00,
801,		-14.00,		-10.98,		-2.00,
802,		-15.00,		-10.98,		-8.00,
803,		-14.00,		-10.97,		-8.00,
804,		-12.00,		-10.97,		-4.00,
805,		-13.00,		-10.97,		-2.00,
806,		-14.00,		-10.98,		-4.00,
807,		-14.00,		-10.99,		-2.00,
808,		-13.00,		-11.00,		-9.00,
809,		-14.00,		-11.02,		-9.00,
810,		-14.00,		-10.97,		-2.00,
811,		-14.00,		-10.96,		-4.00,
812,		-14.00,		-10.97,		-2.00,
813,		-14.00,		-10.96,		-2.00,
814,		-13.00,		-10.93,		-2.00,
815,		-13.00,		-10.94,		-2.00,
816,		-13.00,		-10.98,		-4.00,
817,		-13.00,		-11.00,		-5.00,
818,		-13.00,		-10.97,		-2.00,
819,		-12.00,		-10.95,		-2.00,
820,		-12.00,		-10.97,		-4.00,
821,		-14.00,		-10.98,		-2.00,
822,		-14.00,		-10.99,		-4.00,
823,		-12.00,		-10.46,		-3.00,
824,		-13.00,		-10.72,		-7.00,
825,		-13.00,		-10.83,		-4.00,
826,		-14.00,		-10.92,		-4.00,
827,		-14.00,		-10.46,		-8.00,
828,		-14.00,		-10.68,		-2.00,
829,		-14.00,		-10.83,		-2.00,
830,		-13.00,		-10.86,		-2.00,
831,		-12.00,		-10.97,		-9.00,
832,		-12.00,		-10.96,		-2.00,
833,		-12.00,		-10.92,		-2.00,
834,		-14.00,		-10.96,		-2.00,
835,		-14.00,		-10.96,		-2.00,
836,		-14.00,		-10.96,		-2.00,
837,		-12.00,		-10.94,		-2.00,
838,		-13.00,		-11.00,		-10.00,
839,		-14.00,		-10.98,		-4.00,
840,		-14.00,		-10.97,		-4.00,
841,		-14.00,		-10.99,		-4.00,
842,		-14.00,		-11.00,		-2.00,
843,		-14.00,		-11.01,		-4.00,
844,		-14.00,		-10.99,		-2.00,
845,		-14.00,		-11.00,		-2.00,
846,		-14.00,		-11.01,		-9.00,
847,		-14.00,		-11.00,		-2.00,
848,		-14.00,		-11.00,		-4.00,
849,		-13.00,		-11.31,		-4.00,
850,		-14.00,		-11.17,		-9.00,
851,		-14.00,		-11.04,		-2.00,
852,		-14.00,		-11.04,		-10.00,
853,		-14.00,		-11.50,		-5.00,
854,		-14.00,		-11.27,		-4.00,
855,		-14.00,		-11.10,		-4.00,
856,		-14.00,		-11.07,		-4.00,
857,		-14.00,		-10.98,		-3.00,
858,		-14.00,		-10.54,		-3.00,
859,		-12.00,		-10.25,		-1.00,
860,		-13.00,		-10.38,		-4.00,
861,		-13.00,		-10.22,		-7.00,
862,		-13.00,		-10.10,		-1.00,
863,		-13.00,		-10.00,		-1.00,
864,		-13.00,		-9.98,		-1.00,
865,		-11.00,		-9.74,		0.00,
866,		-11.00,		-9.90,		-8.00,
867,		-12.00,		-9.91,		0.00,
868,		-13.00,		-9.93,		0.00,
869,		-12.00,		-10.00,		-8.00,
870,		-12.00,		-9.98,		-1.00,
871,		-13.00,		-9.98,		-1.00,
872,		-13.00,		-9.97,		-5.00,
873,		-13.00,		-7.48,		-3.00,
874,		-13.00,		-8.86,		-4.00,
875,		-13.00,		-9.45,		-4.00,
876,		-13.00,		-9.75,		-1.00,
877,		-12.00,		-9.81,		-1.00,
878,		-13.00,		-9.85,		-1.00,
879,		-13.00,		-9.95,		-1.00,
880,		-13.00,		-9.97,		-5.00,
881,		-12.00,		-10.00,		-1.00,
882,		-12.00,		-9.99,		-8.00,
883,		-13.00,		-10.00,		-1.00,
884,		-13.00,		-10.03,		-7.00,
885,		-13.00,		-10.01,		-7.00,
886,		-13.00,		-9.98,		-1.00,
887,		-13.00,		-10.02,		-1.00,
888,		-13.00,		-9.94,		-1.00,
889,		-13.00,		-9.98,		-7.00,
890,		-13.00,		-10.00,		-8.00,
891,		-12.00,		-9.97,		-1.00,
892,		-13.00,		-9.97,		-1.00,
893,		-13.00,		-9.96,		-1.00,
894,		-13.00,		-9.97,		-1.00,
895,		-14.00,		-9.99,		-5.00,
896,		-14.00,		-9.95,		-1.00,
897,		-14.00,		-9.99,		-1.00,
898,		-12.00,		-10.01,		-8.00,
899,		-11.00,		-9.99,		-8.00,
900,		-13.00,		-9.98,		-5.00,
901,		-13.00,		-9.97,		-1.00,
902,		-13.00,		-9.99,		-5.00,
903,		-13.00,		-10.00,		-1.00,
904,		-13.00,		-9.97,		-1.00,
905,		-13.00,		-9.99,		-1.00,
906,		-12.00,		-10.01,		-5.00,
907,		-13.00,		-10.00,		-5.00,
908,		-12.00,		-9.98,		-5.00,
909,		-11.00,		-9.97,		-5.00,
910,		-13.00,		-9.98,		-5.00,
911,		-13.00,		-10.01,		-5.00,
912,		-13.00,		-9.99,		-1.00,
913,		-13.00,		-9.98,		-5.00,
914,		-12.00,		-9.96,		-1.00,
915,		-12.00,		-9.97,		-1.00,
916,		-13.00,		-10.01,		-8.00,
917,		-13.00,		-9.99,		-1.00,
918,		-13.00,		-9.97,		-1.00,
919,		-13.00,		-9.99,		-5.00,
920,		-13.00,		-10.01,		-8.00,
921,		-13.00,		-10.00,		-5.00,
922,		-13.00,		-10.02,		-5.00,
923,		-15.00,		-9.99,		-1.00,
924,		-13.00,		-10.02,		-8.00,
925,		-13.00,		-10.01,		-8.00,
926,		-12.00,		-10.00,		-5.00,
927,		-12.00,		-10.02,		-8.00,
928,		-13.00,		-10.03,		-5.00,
929,		-13.00,		-10.02,		-5.00,
930,		-13.00,		-9.99,		-1.00,
931,		-13.00,		-9.99,		-1.00,
932,		-13.00,		-10.01,		-8.00,
933,		-12.00,		-10.43,		0.00,
934,		-13.00,		-10.73,		-3.00,
935,		-12.00,		-10.86,		-6.00,
936,		-13.00,		-10.46,		-8.00,
937,		-12.00,		-10.22,		-5.00,
938,		-13.00,		-10.35,		-5.00,
939,		-13.00,		-10.16,		-1.00,
940,		-12.00,		-10.04,		-1.00,
941,		-14.00,		-10.47,		-1.00,
942,		-12.00,		-10.25,		-1.00,
943,		-14.00,		-10.31,		-1.00,
944,		-13.00,		-10.64,		-8.00,
945,		-12.00,		-10.30,		-1.00,
946,		-14.00,		-10.67,		-8.00,
947,		-12.00,		-10.31,		-1.00,
948,		-13.00,		-10.66,		-1.00,
949,		-12.00,		-10.80,		-2.00,
950,		-14.00,		-10.87,		0.00,
951,		-13.00,		-10.92,		0.00,
952,		-13.00,		-10.93,		-7.00,
953,		-13.00,		-10.81,		-4.00,
954,		-15.00,		-10.90,		-3.00,
955,		-14.00,		-10.96,		-4.00,
956,		-13.00,		-10.97,		-2.00,
957,		-15.00,		-11.93,		-2.00,
958,		-14.00,		-11.69,		-6.00,
959,		-14.00,		-11.30,		-4.00,
960,		-15.00,		-11.70,		-7.00,
961,		-16.00,		-12.29,		-2.00,
962,		-16.00,		-11.63,		-2.00,
963,		-14.00,		-12.33,		-4.00,
964,		-15.00,		-12.67,		-4.00,
965,		-15.00,		-11.81,		-2.00,
966,		-14.00,		-10.92,		-3.00,
967,		-14.00,		-11.06,		-3.00,
968,		-15.00,		-11.03,		-3.00,
969,		-15.00,		-10.50,		-3.00,
970,		-14.00,		-11.73,		-6.00,
971,		-15.00,		-12.42,		-6.00,
972,		-16.00,		-12.69,		-6.00,
973,		-14.00,		-12.61,		-6.00,
974,		-14.00,		-12.78,		-2.00,
975,		-15.00,		-12.43,		-4.00,
976,		-16.00,		-12.74,		-6.00,
977,		-16.00,		-12.90,		-6.00,
978,		-15.00,		-12.91,		-4.00,
979,		-15.00,		-12.72,		-4.00,
980,		-15.00,		-12.78,		-4.00,
981,		-15.00,		-12.89,		-4.00,
982,		-15.00,		-12.89,		-4.00,
983,		-15.00,		-12.95,		-4.00,
984,		-16.00,		-12.96,		-4.00,
985,		-16.00,		-12.96,		-6.00,
986,		-16.00,		-12.95,		-4.00,
987,		-16.00,		-12.99,		-9.00,
988,		-16.00,		-12.97,		-6.00,
989,		-16.00,		-12.92,		-4.00,
990,		-16.00,		-9.43,		3.00,
991,		-16.00,		-11.15,		-4.00,
992,		-16.00,		-12.19,		-6.00,
993,		-15.00,		-9.10,		-5.00,
994,		-16.00,		-8.24,		-3.00,
995,		-16.00,		-7.23,		3.00,
996,		-14.00,		-6.63,		3.00,
997,		-14.00,		-6.32,		-1.00,
998,		-13.00,		-6.12,		3.00,
999,		-13.00,		-6.15,		3.00,
