RANDOM_SEED, 1698986687
GEN,		MIN,				AVE,				MAX,			CONV,					CONV_ACT,
  0,		15.00,		32.77,		51.00,				1.55611,				0.85000
  1,		17.00,		30.99,		51.00,				1.64559,				0.85000
  2,		15.00,		27.17,		51.00,				1.87735,				0.85000
  3,		15.00,		27.29,		48.00,				1.75876,				0.80000
  4,		17.00,		25.54,		47.00,				1.84039,				0.78333
  5,		17.00,		24.37,		45.00,				1.84668,				0.75000
  6,		19.00,		24.80,		50.00,				2.01580,				0.83333
  7,		20.00,		23.86,		50.00,				2.09521,				0.83333
  8,		20.00,		23.64,		50.00,				2.11470,				0.83333
  9,		20.00,		22.97,		43.00,				1.87217,				0.71667
 10,		20.00,		22.69,		43.00,				1.89477,				0.71667
 11,		19.00,		22.47,		41.00,				1.82433,				0.68333
 12,		18.00,		22.41,		33.00,				1.47243,				0.55000
 13,		18.00,		22.36,		33.00,				1.47585,				0.55000
 14,		17.00,		22.25,		33.00,				1.48301,				0.55000
 15,		20.00,		22.17,		33.00,				1.48850,				0.55000
 16,		19.00,		22.21,		33.00,				1.48595,				0.55000
 17,		20.00,		22.18,		33.00,				1.48769,				0.55000
 18,		21.00,		22.15,		33.00,				1.49011,				0.55000
 19,		20.00,		22.15,		34.00,				1.53471,				0.56667
 20,		19.00,		22.09,		33.00,				1.49402,				0.55000
 21,		20.00,		22.23,		33.00,				1.48435,				0.55000
 22,		19.00,		22.16,		33.00,				1.48890,				0.55000
 23,		19.00,		22.08,		29.00,				1.31329,				0.48333
 24,		20.00,		22.05,		27.00,				1.22460,				0.45000
 25,		21.00,		22.05,		27.00,				1.22460,				0.45000
 26,		19.00,		22.04,		33.00,				1.49701,				0.55000
 27,		21.00,		22.11,		33.00,				1.49254,				0.55000
 28,		21.00,		22.06,		33.00,				1.49578,				0.55000
 29,		19.00,		22.10,		33.00,				1.49308,				0.55000
 30,		19.00,		22.13,		30.00,				1.35538,				0.50000
 31,		19.00,		22.09,		30.00,				1.35796,				0.50000
 32,		19.00,		22.59,		30.00,				1.32814,				0.50000
 33,		19.00,		22.77,		33.00,				1.44928,				0.55000
 34,		19.00,		22.39,		33.00,				1.47387,				0.55000
 35,		19.00,		22.57,		29.00,				1.28501,				0.48333
 36,		19.00,		22.31,		33.00,				1.47942,				0.55000
 37,		19.00,		23.70,		33.00,				1.39264,				0.55000
 38,		20.00,		22.92,		34.00,				1.48329,				0.56667
 39,		20.00,		24.08,		34.00,				1.41219,				0.56667
 40,		19.00,		24.26,		34.00,				1.40160,				0.56667
 41,		20.00,		23.20,		30.00,				1.29333,				0.50000
 42,		20.00,		22.64,		30.00,				1.32485,				0.50000
 43,		19.00,		22.41,		30.00,				1.33857,				0.50000
 44,		20.00,		22.25,		30.00,				1.34856,				0.50000
 45,		21.00,		23.62,		29.00,				1.22757,				0.48333
 46,		21.00,		23.38,		33.00,				1.41170,				0.55000
 47,		19.00,		25.77,		37.00,				1.43578,				0.61667
 48,		19.00,		25.54,		37.00,				1.44848,				0.61667
 49,		22.00,		27.93,		42.00,				1.50376,				0.70000
 50,		22.00,		28.36,		37.00,				1.30484,				0.61667
 51,		22.00,		28.85,		37.00,				1.28250,				0.61667
 52,		25.00,		29.56,		37.00,				1.25178,				0.61667
 53,		25.00,		29.80,		37.00,				1.24153,				0.61667
 54,		25.00,		29.95,		33.00,				1.10198,				0.55000
 55,		25.00,		29.98,		37.00,				1.23407,				0.61667
 56,		25.00,		30.01,		37.00,				1.23276,				0.61667
 57,		27.00,		30.04,		37.00,				1.23186,				0.61667
 58,		25.00,		29.99,		37.00,				1.23358,				0.61667
 59,		26.00,		29.82,		32.00,				1.07311,				0.53333
 60,		26.00,		29.96,		37.00,				1.23514,				0.61667
 61,		28.00,		29.50,		37.00,				1.25432,				0.61667
 62,		24.00,		29.24,		37.00,				1.26530,				0.61667
 63,		24.00,		29.09,		36.00,				1.23745,				0.60000
 64,		24.00,		29.11,		37.00,				1.27095,				0.61667
 65,		26.00,		29.07,		37.00,				1.27288,				0.61667
 66,		26.00,		29.08,		37.00,				1.27218,				0.61667
 67,		23.00,		29.02,		37.00,				1.27481,				0.61667
 68,		23.00,		29.03,		38.00,				1.30881,				0.63333
 69,		23.00,		28.99,		32.00,				1.10398,				0.53333
 70,		23.00,		28.98,		34.00,				1.17330,				0.56667
 71,		24.00,		28.98,		36.00,				1.24241,				0.60000
 72,		24.00,		28.98,		32.00,				1.10436,				0.53333
 73,		24.00,		28.98,		36.00,				1.24224,				0.60000
 74,		24.00,		28.99,		36.00,				1.24189,				0.60000
 75,		24.00,		29.02,		36.00,				1.24069,				0.60000
 76,		24.00,		28.98,		36.00,				1.24206,				0.60000
 77,		24.00,		29.00,		36.00,				1.24129,				0.60000
 78,		24.00,		28.99,		34.00,				1.17290,				0.56667
 79,		26.00,		28.98,		34.00,				1.17306,				0.56667
 80,		24.00,		28.97,		34.00,				1.17363,				0.56667
 81,		24.00,		28.99,		32.00,				1.10368,				0.53333
 82,		24.00,		29.02,		34.00,				1.17144,				0.56667
 83,		24.00,		29.00,		32.00,				1.10330,				0.53333
 84,		24.00,		28.99,		36.00,				1.24172,				0.60000
 85,		24.00,		29.00,		36.00,				1.24121,				0.60000
 86,		24.00,		29.02,		36.00,				1.24069,				0.60000
 87,		24.00,		29.02,		36.00,				1.24052,				0.60000
 88,		24.00,		28.97,		36.00,				1.24266,				0.60000
 89,		24.00,		29.00,		36.00,				1.24146,				0.60000
 90,		24.00,		29.01,		36.00,				1.24078,				0.60000
 91,		24.00,		29.04,		36.00,				1.23950,				0.60000
 92,		26.00,		29.02,		32.00,				1.10269,				0.53333
 93,		26.00,		29.01,		34.00,				1.17193,				0.56667
 94,		24.00,		29.00,		34.00,				1.17233,				0.56667
 95,		24.00,		29.02,		36.00,				1.24069,				0.60000
 96,		24.00,		29.00,		36.00,				1.24138,				0.60000
 97,		26.00,		29.00,		34.00,				1.17258,				0.56667
 98,		27.00,		28.99,		34.00,				1.17274,				0.56667
 99,		24.00,		29.00,		36.00,				1.24138,				0.60000
100,		26.00,		29.02,		34.00,				1.17161,				0.56667
101,		27.00,		29.01,		34.00,				1.17201,				0.56667
102,		24.00,		28.98,		34.00,				1.17322,				0.56667
103,		27.00,		29.00,		32.00,				1.10337,				0.53333
104,		24.00,		28.99,		32.00,				1.10391,				0.53333
105,		24.00,		29.01,		36.00,				1.24095,				0.60000
106,		24.00,		29.00,		32.00,				1.10345,				0.53333
107,		24.00,		28.99,		32.00,				1.10368,				0.53333
108,		24.00,		28.99,		36.00,				1.24181,				0.60000
109,		24.00,		28.98,		31.00,				1.06963,				0.51667
110,		27.00,		29.00,		32.00,				1.10345,				0.53333
111,		27.00,		29.00,		32.00,				1.10352,				0.53333
112,		24.00,		29.03,		34.00,				1.17104,				0.56667
113,		24.00,		31.54,		37.00,				1.17319,				0.61667
114,		26.00,		30.42,		37.00,				1.21639,				0.61667
115,		24.00,		29.33,		38.00,				1.29578,				0.63333
116,		24.00,		29.28,		35.00,				1.19552,				0.58333
117,		24.00,		29.21,		35.00,				1.19838,				0.58333
118,		24.00,		29.16,		36.00,				1.23448,				0.60000
119,		24.00,		29.13,		36.00,				1.23575,				0.60000
120,		24.00,		29.08,		36.00,				1.23788,				0.60000
121,		24.00,		29.07,		36.00,				1.23856,				0.60000
122,		24.00,		29.06,		36.00,				1.23873,				0.60000
123,		28.00,		29.07,		36.00,				1.23830,				0.60000
124,		24.00,		29.01,		36.00,				1.24087,				0.60000
125,		24.00,		29.00,		36.00,				1.24129,				0.60000
126,		24.00,		29.06,		36.00,				1.23865,				0.60000
127,		26.00,		29.07,		36.00,				1.23856,				0.60000
128,		26.00,		29.03,		34.00,				1.17120,				0.56667
129,		24.00,		29.02,		36.00,				1.24052,				0.60000
130,		27.00,		29.04,		36.00,				1.23950,				0.60000
131,		26.00,		29.03,		36.00,				1.23993,				0.60000
132,		24.00,		29.01,		36.00,				1.24095,				0.60000
133,		24.00,		29.03,		36.00,				1.24027,				0.60000
134,		27.00,		29.07,		36.00,				1.23822,				0.60000
135,		27.00,		29.07,		36.00,				1.23856,				0.60000
136,		27.00,		29.03,		36.00,				1.23993,				0.60000
137,		24.00,		29.00,		32.00,				1.10352,				0.53333
138,		24.00,		29.01,		34.00,				1.17185,				0.56667
139,		26.00,		28.99,		34.00,				1.17274,				0.56667
140,		26.00,		29.01,		34.00,				1.17193,				0.56667
141,		26.00,		29.03,		34.00,				1.17128,				0.56667
142,		24.00,		28.99,		32.00,				1.10398,				0.53333
143,		26.00,		29.00,		34.00,				1.17233,				0.56667
144,		26.00,		29.04,		36.00,				1.23950,				0.60000
145,		22.00,		29.01,		36.00,				1.24104,				0.60000
146,		24.00,		29.04,		36.00,				1.23950,				0.60000
147,		27.00,		29.05,		36.00,				1.23933,				0.60000
148,		24.00,		29.03,		36.00,				1.24027,				0.60000
149,		27.00,		29.06,		36.00,				1.23890,				0.60000
150,		26.00,		29.03,		36.00,				1.24027,				0.60000
151,		26.00,		29.01,		34.00,				1.17185,				0.56667
152,		27.00,		29.04,		36.00,				1.23984,				0.60000
153,		24.00,		29.03,		36.00,				1.24010,				0.60000
154,		27.00,		29.03,		36.00,				1.23993,				0.60000
155,		28.00,		29.06,		36.00,				1.23890,				0.60000
156,		26.00,		29.02,		36.00,				1.24044,				0.60000
157,		27.00,		28.55,		36.00,				1.26112,				0.60000
158,		26.00,		28.31,		36.00,				1.27173,				0.60000
159,		26.00,		28.53,		36.00,				1.26192,				0.60000
160,		26.00,		28.51,		36.00,				1.26254,				0.60000
161,		26.00,		28.73,		35.00,				1.21807,				0.58333
162,		27.00,		28.90,		36.00,				1.24585,				0.60000
163,		24.00,		28.76,		32.00,				1.11266,				0.53333
164,		27.00,		28.97,		36.00,				1.24275,				0.60000
165,		27.00,		28.97,		31.00,				1.07007,				0.51667
166,		27.00,		29.01,		34.00,				1.17217,				0.56667
167,		27.00,		29.97,		33.00,				1.10117,				0.55000
168,		27.00,		29.54,		38.00,				1.28630,				0.63333
169,		26.00,		30.36,		38.00,				1.25165,				0.63333
170,		27.00,		30.70,		38.00,				1.23779,				0.63333
171,		26.00,		30.79,		38.00,				1.23417,				0.63333
172,		28.00,		30.44,		38.00,				1.24836,				0.63333
173,		26.00,		30.43,		38.00,				1.24869,				0.63333
174,		27.00,		30.65,		38.00,				1.23972,				0.63333
175,		28.00,		30.84,		38.00,				1.23217,				0.63333
176,		26.00,		30.58,		34.00,				1.11198,				0.56667
177,		26.00,		30.80,		38.00,				1.23385,				0.63333
178,		26.00,		30.91,		38.00,				1.22922,				0.63333
179,		26.00,		30.98,		38.00,				1.22676,				0.63333
180,		26.00,		30.93,		33.00,				1.06686,				0.55000
181,		26.00,		30.96,		38.00,				1.22739,				0.63333
182,		26.00,		30.95,		38.00,				1.22771,				0.63333
183,		26.00,		30.99,		38.00,				1.22628,				0.63333
184,		26.00,		30.97,		38.00,				1.22699,				0.63333
185,		29.00,		31.01,		38.00,				1.22533,				0.63333
186,		28.00,		30.50,		33.00,				1.08211,				0.55000
187,		28.00,		30.76,		33.00,				1.07282,				0.55000
188,		25.00,		30.39,		37.00,				1.21767,				0.61667
189,		25.00,		30.65,		37.00,				1.20702,				0.61667
190,		26.00,		30.86,		38.00,				1.23137,				0.63333
191,		27.00,		29.98,		38.00,				1.26743,				0.63333
192,		28.00,		30.49,		36.00,				1.18056,				0.60000
193,		26.00,		29.69,		38.00,				1.27972,				0.63333
194,		28.00,		29.75,		38.00,				1.27723,				0.63333
195,		28.00,		29.42,		38.00,				1.29146,				0.63333
196,		28.00,		29.22,		34.00,				1.16375,				0.56667
197,		28.00,		29.09,		32.00,				1.09988,				0.53333
198,		24.00,		29.07,		36.00,				1.23839,				0.60000
199,		24.00,		29.04,		32.00,				1.10193,				0.53333
200,		24.00,		29.02,		36.00,				1.24061,				0.60000
201,		24.00,		29.02,		36.00,				1.24044,				0.60000
202,		24.00,		28.99,		32.00,				1.10391,				0.53333
203,		24.00,		28.99,		36.00,				1.24164,				0.60000
204,		24.00,		28.99,		32.00,				1.10391,				0.53333
205,		24.00,		28.99,		32.00,				1.10375,				0.53333
206,		22.00,		27.38,		36.00,				1.31502,				0.60000
207,		22.00,		28.25,		36.00,				1.27443,				0.60000
208,		22.00,		26.25,		36.00,				1.37153,				0.60000
209,		24.00,		26.24,		34.00,				1.29593,				0.56667
210,		23.00,		27.67,		36.00,				1.30105,				0.60000
211,		21.00,		25.95,		36.00,				1.38728,				0.60000
212,		21.00,		27.55,		36.00,				1.30681,				0.60000
213,		22.00,		25.89,		36.00,				1.39050,				0.60000
214,		22.00,		25.89,		36.00,				1.39028,				0.60000
215,		21.00,		25.20,		36.00,				1.42857,				0.60000
216,		21.00,		27.14,		36.00,				1.32646,				0.60000
217,		24.00,		27.32,		36.00,				1.31791,				0.60000
218,		24.00,		28.34,		36.00,				1.27038,				0.60000
219,		24.00,		28.76,		36.00,				1.25183,				0.60000
220,		24.00,		28.93,		36.00,				1.24430,				0.60000
221,		23.00,		28.98,		36.00,				1.24206,				0.60000
222,		27.00,		29.02,		36.00,				1.24061,				0.60000
223,		27.00,		28.99,		36.00,				1.24189,				0.60000
224,		27.00,		28.98,		36.00,				1.24206,				0.60000
225,		27.00,		29.02,		36.00,				1.24061,				0.60000
226,		27.00,		29.05,		36.00,				1.23941,				0.60000
227,		26.00,		28.99,		36.00,				1.24181,				0.60000
228,		26.00,		29.00,		36.00,				1.24155,				0.60000
229,		27.00,		28.78,		31.00,				1.07721,				0.51667
230,		23.00,		28.40,		30.00,				1.05641,				0.50000
231,		26.00,		28.55,		34.00,				1.19106,				0.56667
232,		23.00,		28.27,		31.00,				1.09649,				0.51667
233,		24.00,		28.65,		35.00,				1.22181,				0.58333
234,		26.00,		28.36,		35.00,				1.23405,				0.58333
235,		23.00,		28.20,		35.00,				1.24131,				0.58333
236,		23.00,		28.60,		36.00,				1.25865,				0.60000
237,		26.00,		28.87,		36.00,				1.24680,				0.60000
238,		24.00,		28.98,		36.00,				1.24224,				0.60000
239,		27.00,		29.03,		36.00,				1.24010,				0.60000
240,		26.00,		29.06,		36.00,				1.23890,				0.60000
241,		24.00,		29.02,		36.00,				1.24035,				0.60000
242,		24.00,		29.03,		36.00,				1.24018,				0.60000
243,		24.00,		29.07,		36.00,				1.23839,				0.60000
244,		23.00,		29.07,		36.00,				1.23822,				0.60000
245,		24.00,		29.05,		36.00,				1.23933,				0.60000
246,		24.00,		29.08,		36.00,				1.23805,				0.60000
247,		24.00,		29.06,		36.00,				1.23882,				0.60000
248,		24.00,		29.03,		36.00,				1.24027,				0.60000
249,		27.00,		29.04,		34.00,				1.17096,				0.56667
250,		24.00,		29.00,		34.00,				1.17233,				0.56667
251,		24.00,		28.99,		32.00,				1.10391,				0.53333
252,		24.00,		29.00,		36.00,				1.24155,				0.60000
253,		24.00,		29.02,		36.00,				1.24061,				0.60000
254,		24.00,		28.97,		32.00,				1.10451,				0.53333
255,		24.00,		28.97,		31.00,				1.06992,				0.51667
256,		26.00,		29.00,		36.00,				1.24138,				0.60000
257,		26.00,		29.01,		34.00,				1.17201,				0.56667
258,		27.00,		29.03,		36.00,				1.24001,				0.60000
259,		24.00,		29.06,		36.00,				1.23882,				0.60000
260,		24.00,		29.03,		36.00,				1.24027,				0.60000
261,		24.00,		29.03,		36.00,				1.24001,				0.60000
262,		24.00,		29.01,		36.00,				1.24078,				0.60000
263,		24.00,		29.05,		36.00,				1.23933,				0.60000
264,		24.00,		29.06,		38.00,				1.30782,				0.63333
265,		22.00,		29.06,		36.00,				1.23882,				0.60000
266,		23.00,		29.04,		36.00,				1.23958,				0.60000
267,		24.00,		29.07,		36.00,				1.23822,				0.60000
268,		26.00,		29.04,		36.00,				1.23958,				0.60000
269,		26.00,		29.05,		36.00,				1.23941,				0.60000
270,		27.00,		29.05,		36.00,				1.23924,				0.60000
271,		24.00,		29.02,		34.00,				1.17177,				0.56667
272,		26.00,		28.99,		32.00,				1.10383,				0.53333
273,		24.00,		29.02,		36.00,				1.24052,				0.60000
274,		26.00,		29.01,		34.00,				1.17209,				0.56667
275,		24.00,		29.01,		36.00,				1.24104,				0.60000
276,		24.00,		29.03,		36.00,				1.24001,				0.60000
277,		26.00,		29.02,		32.00,				1.10254,				0.53333
278,		26.00,		29.03,		34.00,				1.17128,				0.56667
279,		24.00,		29.03,		36.00,				1.24001,				0.60000
280,		27.00,		29.02,		34.00,				1.17144,				0.56667
281,		27.00,		29.01,		36.00,				1.24087,				0.60000
282,		24.00,		29.02,		36.00,				1.24052,				0.60000
283,		24.00,		29.05,		36.00,				1.23933,				0.60000
284,		26.00,		29.10,		36.00,				1.23703,				0.60000
285,		27.00,		29.07,		36.00,				1.23839,				0.60000
286,		28.00,		32.54,		39.00,				1.19860,				0.65000
287,		24.00,		32.15,		40.00,				1.24425,				0.66667
288,		24.00,		32.12,		41.00,				1.27638,				0.68333
289,		27.00,		31.18,		39.00,				1.25064,				0.65000
290,		28.00,		33.59,		39.00,				1.16113,				0.65000
291,		27.00,		34.97,		41.00,				1.17257,				0.68333
292,		27.00,		35.45,		39.00,				1.10014,				0.65000
293,		29.00,		35.76,		41.00,				1.14640,				0.68333
294,		29.00,		35.43,		41.00,				1.15708,				0.68333
295,		29.00,		35.60,		41.00,				1.15162,				0.68333
296,		31.00,		34.30,		41.00,				1.19527,				0.68333
297,		31.00,		33.75,		38.00,				1.12579,				0.63333
298,		30.00,		32.88,		39.00,				1.18599,				0.65000
299,		29.00,		33.44,		38.00,				1.13643,				0.63333
300,		27.00,		32.67,		38.00,				1.16308,				0.63333
301,		27.00,		33.33,		37.00,				1.11004,				0.61667
302,		27.00,		33.67,		37.00,				1.09903,				0.61667
303,		27.00,		33.32,		36.00,				1.08030,				0.60000
304,		28.00,		33.69,		36.00,				1.06850,				0.60000
305,		30.00,		33.84,		39.00,				1.15255,				0.65000
306,		29.00,		33.92,		39.00,				1.14976,				0.65000
307,		29.00,		33.96,		39.00,				1.14848,				0.65000
308,		29.00,		33.98,		39.00,				1.14780,				0.65000
309,		31.00,		33.98,		39.00,				1.14787,				0.65000
310,		31.00,		33.95,		36.00,				1.06032,				0.60000
311,		30.00,		33.51,		36.00,				1.07431,				0.60000
312,		29.00,		33.80,		41.00,				1.21302,				0.68333
313,		30.00,		33.90,		39.00,				1.15037,				0.65000
314,		30.00,		33.94,		39.00,				1.14902,				0.65000
315,		31.00,		34.01,		36.00,				1.05851,				0.60000
316,		32.00,		34.01,		37.00,				1.08785,				0.61667
317,		29.00,		33.99,		37.00,				1.08868,				0.61667
318,		31.00,		34.00,		39.00,				1.14713,				0.65000
319,		29.00,		33.99,		37.00,				1.08849,				0.61667
320,		29.00,		33.98,		37.00,				1.08881,				0.61667
321,		32.00,		34.00,		37.00,				1.08817,				0.61667
322,		29.00,		34.00,		37.00,				1.08817,				0.61667
323,		31.00,		33.99,		37.00,				1.08862,				0.61667
324,		31.00,		33.97,		39.00,				1.14794,				0.65000
325,		31.00,		33.97,		37.00,				1.08920,				0.61667
326,		31.00,		33.97,		39.00,				1.14807,				0.65000
327,		31.00,		33.95,		39.00,				1.14868,				0.65000
328,		29.00,		33.92,		37.00,				1.09087,				0.61667
329,		31.00,		33.98,		39.00,				1.14780,				0.65000
330,		29.00,		33.98,		39.00,				1.14780,				0.65000
331,		29.00,		33.96,		37.00,				1.08945,				0.61667
332,		29.00,		33.99,		39.00,				1.14726,				0.65000
333,		29.00,		34.02,		39.00,				1.14625,				0.65000
334,		29.00,		34.03,		40.00,				1.17557,				0.66667
335,		29.00,		34.50,		39.00,				1.13037,				0.65000
336,		33.00,		34.28,		39.00,				1.13769,				0.65000
337,		31.00,		34.13,		39.00,				1.14269,				0.65000
338,		31.00,		34.06,		39.00,				1.14511,				0.65000
339,		29.00,		34.03,		39.00,				1.14611,				0.65000
340,		29.00,		34.04,		39.00,				1.14585,				0.65000
341,		29.00,		34.02,		39.00,				1.14625,				0.65000
342,		29.00,		34.01,		39.00,				1.14679,				0.65000
343,		29.00,		33.99,		36.00,				1.05914,				0.60000
344,		29.00,		33.97,		36.00,				1.05976,				0.60000
345,		31.00,		34.00,		37.00,				1.08811,				0.61667
346,		31.00,		33.98,		39.00,				1.14760,				0.65000
347,		29.00,		34.01,		39.00,				1.14665,				0.65000
348,		30.00,		33.99,		39.00,				1.14753,				0.65000
349,		29.00,		34.00,		39.00,				1.14713,				0.65000
350,		29.00,		34.00,		39.00,				1.14699,				0.65000
351,		29.00,		33.99,		39.00,				1.14753,				0.65000
352,		31.00,		33.98,		37.00,				1.08888,				0.61667
353,		31.00,		34.00,		39.00,				1.14713,				0.65000
354,		31.00,		34.01,		39.00,				1.14679,				0.65000
355,		31.00,		34.00,		39.00,				1.14692,				0.65000
356,		31.00,		34.01,		39.00,				1.14679,				0.65000
357,		31.00,		33.99,		37.00,				1.08868,				0.61667
358,		31.00,		33.98,		37.00,				1.08900,				0.61667
359,		31.00,		33.99,		37.00,				1.08843,				0.61667
360,		29.00,		33.98,		39.00,				1.14773,				0.65000
361,		29.00,		33.95,		39.00,				1.14875,				0.65000
362,		29.00,		33.98,		37.00,				1.08894,				0.61667
363,		29.00,		33.95,		37.00,				1.08990,				0.61667
364,		29.00,		33.97,		37.00,				1.08920,				0.61667
365,		29.00,		33.99,		37.00,				1.08849,				0.61667
366,		31.00,		33.98,		39.00,				1.14767,				0.65000
367,		29.00,		34.00,		39.00,				1.14699,				0.65000
368,		29.00,		34.01,		39.00,				1.14679,				0.65000
369,		29.00,		34.03,		39.00,				1.14611,				0.65000
370,		32.00,		34.02,		39.00,				1.14652,				0.65000
371,		32.00,		33.97,		37.00,				1.08913,				0.61667
372,		32.00,		33.99,		37.00,				1.08843,				0.61667
373,		29.00,		33.96,		37.00,				1.08939,				0.61667
374,		29.00,		33.95,		36.00,				1.06038,				0.60000
375,		29.00,		33.98,		39.00,				1.14760,				0.65000
376,		31.00,		33.99,		37.00,				1.08856,				0.61667
377,		29.00,		33.97,		36.00,				1.05988,				0.60000
378,		29.00,		33.98,		36.00,				1.05945,				0.60000
379,		29.00,		33.97,		36.00,				1.05982,				0.60000
380,		29.00,		33.97,		36.00,				1.05963,				0.60000
381,		31.00,		33.99,		39.00,				1.14726,				0.65000
382,		29.00,		33.98,		39.00,				1.14767,				0.65000
383,		31.00,		34.00,		39.00,				1.14692,				0.65000
384,		31.00,		34.00,		39.00,				1.14706,				0.65000
385,		29.00,		36.47,		40.00,				1.09679,				0.66667
386,		29.00,		35.51,		39.00,				1.09828,				0.65000
387,		31.00,		34.71,		40.00,				1.15227,				0.66667
388,		29.00,		36.92,		40.00,				1.08342,				0.66667
389,		31.00,		36.58,		42.00,				1.14817,				0.70000
390,		32.00,		35.54,		41.00,				1.15356,				0.68333
391,		33.00,		36.97,		41.00,				1.10913,				0.68333
392,		31.00,		36.86,		42.00,				1.13932,				0.70000
393,		31.00,		37.95,		41.00,				1.08026,				0.68333
394,		34.00,		38.55,		42.00,				1.08961,				0.70000
395,		33.00,		38.27,		42.00,				1.09735,				0.70000
396,		33.00,		38.35,		42.00,				1.09523,				0.70000
397,		33.00,		38.15,		42.00,				1.10103,				0.70000
398,		33.00,		38.04,		42.00,				1.10410,				0.70000
399,		33.00,		38.01,		42.00,				1.10503,				0.70000
400,		33.00,		38.03,		42.00,				1.10439,				0.70000
401,		33.00,		38.03,		40.00,				1.05191,				0.66667
402,		36.00,		38.01,		41.00,				1.07878,				0.68333
403,		35.00,		38.00,		40.00,				1.05269,				0.66667
404,		33.00,		38.01,		41.00,				1.07878,				0.68333
405,		33.00,		37.98,		40.00,				1.05319,				0.66667
406,		33.00,		38.02,		40.00,				1.05208,				0.66667
407,		33.00,		37.98,		40.00,				1.05324,				0.66667
408,		33.00,		37.99,		40.00,				1.05280,				0.66667
409,		33.00,		38.00,		40.00,				1.05269,				0.66667
410,		35.00,		38.01,		40.00,				1.05224,				0.66667
411,		33.00,		38.00,		40.00,				1.05269,				0.66667
412,		33.00,		37.98,		40.00,				1.05324,				0.66667
413,		33.00,		37.98,		40.00,				1.05319,				0.66667
414,		33.00,		37.99,		41.00,				1.07923,				0.68333
415,		33.00,		38.00,		41.00,				1.07900,				0.68333
416,		33.00,		38.01,		41.00,				1.07855,				0.68333
417,		36.00,		38.02,		41.00,				1.07844,				0.68333
418,		33.00,		38.02,		41.00,				1.07827,				0.68333
419,		33.00,		38.02,		41.00,				1.07827,				0.68333
420,		33.00,		38.01,		41.00,				1.07872,				0.68333
421,		33.00,		37.98,		40.00,				1.05313,				0.66667
422,		33.00,		37.95,		40.00,				1.05402,				0.66667
423,		33.00,		37.95,		41.00,				1.08031,				0.68333
424,		33.00,		37.99,		41.00,				1.07929,				0.68333
425,		33.00,		38.43,		42.00,				1.09295,				0.70000
426,		33.00,		38.15,		41.00,				1.07465,				0.68333
427,		35.00,		38.08,		41.00,				1.07657,				0.68333
428,		33.00,		38.01,		41.00,				1.07878,				0.68333
429,		32.00,		38.48,		41.00,				1.06554,				0.68333
430,		33.00,		38.28,		41.00,				1.07117,				0.68333
431,		32.00,		38.57,		41.00,				1.06289,				0.68333
432,		32.00,		38.75,		41.00,				1.05817,				0.68333
433,		32.00,		38.41,		42.00,				1.09352,				0.70000
434,		34.00,		38.71,		42.00,				1.08505,				0.70000
435,		35.00,		38.38,		42.00,				1.09421,				0.70000
436,		32.00,		38.67,		42.00,				1.08600,				0.70000
437,		33.00,		38.55,		41.00,				1.06350,				0.68333
438,		33.00,		37.14,		41.00,				1.10399,				0.68333
439,		33.00,		37.69,		41.00,				1.08788,				0.68333
440,		30.00,		37.93,		42.00,				1.10742,				0.70000
441,		33.00,		38.49,		42.00,				1.09125,				0.70000
442,		32.00,		38.68,		42.00,				1.08578,				0.70000
443,		32.00,		38.81,		42.00,				1.08231,				0.70000
444,		34.00,		39.44,		42.00,				1.06480,				0.70000
445,		37.00,		39.24,		43.00,				1.09582,				0.71667
446,		37.00,		39.09,		43.00,				1.10014,				0.71667
447,		34.00,		39.01,		41.00,				1.05090,				0.68333
448,		32.00,		39.39,		41.00,				1.04087,				0.68333
449,		33.00,		39.70,		40.00,				1.00766,				0.66667
450,		33.00,		39.83,		43.00,				1.07959,				0.71667
451,		32.00,		39.37,		42.00,				1.06669,				0.70000
452,		34.00,		39.65,		43.00,				1.08443,				0.71667
453,		33.00,		39.80,		43.00,				1.08051,				0.71667
454,		33.00,		39.89,		43.00,				1.07802,				0.71667
455,		32.00,		39.45,		43.00,				1.09004,				0.71667
456,		33.00,		39.73,		43.00,				1.08236,				0.71667
457,		33.00,		39.87,		43.00,				1.07845,				0.71667
458,		32.00,		39.46,		43.00,				1.08982,				0.71667
459,		34.00,		39.57,		43.00,				1.08657,				0.71667
460,		34.00,		39.73,		43.00,				1.08220,				0.71667
461,		34.00,		39.35,		43.00,				1.09287,				0.71667
462,		33.00,		38.81,		43.00,				1.10796,				0.71667
463,		33.00,		38.95,		43.00,				1.10409,				0.71667
464,		36.00,		38.96,		42.00,				1.07797,				0.70000
465,		36.00,		38.99,		42.00,				1.07731,				0.70000
466,		36.00,		38.99,		42.00,				1.07709,				0.70000
467,		36.00,		39.01,		42.00,				1.07654,				0.70000
468,		36.00,		39.02,		42.00,				1.07632,				0.70000
469,		32.00,		38.92,		42.00,				1.07908,				0.70000
470,		34.00,		38.93,		41.00,				1.05323,				0.68333
471,		34.00,		38.95,		41.00,				1.05263,				0.68333
472,		34.00,		38.97,		41.00,				1.05204,				0.68333
473,		34.00,		38.97,		42.00,				1.07781,				0.70000
474,		34.00,		38.95,		40.00,				1.02701,				0.66667
475,		34.00,		38.96,		40.00,				1.02669,				0.66667
476,		34.00,		38.97,		42.00,				1.07775,				0.70000
477,		34.00,		38.95,		41.00,				1.05274,				0.68333
478,		36.00,		38.99,		41.00,				1.05161,				0.68333
479,		34.00,		38.96,		41.00,				1.05247,				0.68333
480,		34.00,		38.97,		42.00,				1.07764,				0.70000
481,		34.00,		38.99,		42.00,				1.07725,				0.70000
482,		34.00,		38.96,		42.00,				1.07797,				0.70000
483,		32.00,		38.96,		42.00,				1.07808,				0.70000
484,		32.00,		38.99,		41.00,				1.05166,				0.68333
485,		38.00,		39.01,		42.00,				1.07665,				0.70000
486,		36.00,		39.00,		42.00,				1.07698,				0.70000
487,		32.00,		38.96,		42.00,				1.07814,				0.70000
488,		32.00,		38.92,		41.00,				1.05339,				0.68333
489,		32.00,		38.94,		41.00,				1.05285,				0.68333
490,		32.00,		38.96,		41.00,				1.05225,				0.68333
491,		34.00,		39.08,		42.00,				1.07466,				0.70000
492,		34.00,		39.04,		42.00,				1.07576,				0.70000
493,		38.00,		39.26,		42.00,				1.06968,				0.70000
494,		36.00,		39.10,		41.00,				1.04859,				0.68333
495,		38.00,		39.30,		42.00,				1.06870,				0.70000
496,		32.00,		39.15,		41.00,				1.04731,				0.68333
497,		32.00,		39.53,		42.00,				1.06238,				0.70000
498,		31.00,		39.62,		42.00,				1.06002,				0.70000
499,		35.00,		39.86,		42.00,				1.05379,				0.70000
500,		31.00,		39.39,		44.00,				1.11692,				0.73333
501,		31.00,		39.39,		44.00,				1.11698,				0.73333
502,		31.00,		39.67,		44.00,				1.10904,				0.73333
503,		31.00,		39.33,		42.00,				1.06800,				0.70000
504,		31.00,		39.67,		43.00,				1.08405,				0.71667
505,		32.00,		39.33,		43.00,				1.09331,				0.71667
506,		32.00,		39.13,		42.00,				1.07335,				0.70000
507,		36.00,		39.07,		41.00,				1.04940,				0.68333
508,		31.00,		39.14,		42.00,				1.07307,				0.70000
509,		32.00,		39.06,		41.00,				1.04967,				0.68333
510,		34.00,		39.32,		42.00,				1.06821,				0.70000
511,		36.00,		39.15,		41.00,				1.04720,				0.68333
512,		36.00,		39.09,		42.00,				1.07455,				0.70000
513,		32.00,		39.05,		43.00,				1.10127,				0.71667
514,		32.00,		39.02,		42.00,				1.07643,				0.70000
515,		34.00,		39.03,		42.00,				1.07621,				0.70000
516,		34.00,		39.00,		42.00,				1.07703,				0.70000
517,		38.00,		39.01,		42.00,				1.07676,				0.70000
518,		32.00,		39.02,		42.00,				1.07648,				0.70000
519,		36.00,		38.99,		41.00,				1.05144,				0.68333
520,		36.00,		38.99,		42.00,				1.07731,				0.70000
521,		32.00,		39.01,		42.00,				1.07670,				0.70000
522,		34.00,		39.02,		42.00,				1.07648,				0.70000
523,		36.00,		39.02,		42.00,				1.07643,				0.70000
524,		36.00,		39.01,		42.00,				1.07654,				0.70000
525,		32.00,		38.96,		41.00,				1.05247,				0.68333
526,		31.00,		38.94,		41.00,				1.05290,				0.68333
527,		34.00,		38.96,		41.00,				1.05242,				0.68333
528,		34.00,		38.97,		42.00,				1.07786,				0.70000
529,		32.00,		38.95,		42.00,				1.07831,				0.70000
530,		36.00,		38.99,		42.00,				1.07714,				0.70000
531,		36.00,		38.99,		42.00,				1.07725,				0.70000
532,		32.00,		39.00,		42.00,				1.07692,				0.70000
533,		32.00,		39.01,		42.00,				1.07676,				0.70000
534,		36.00,		39.01,		42.00,				1.07676,				0.70000
535,		31.00,		39.49,		45.00,				1.13964,				0.75000
536,		32.00,		39.23,		42.00,				1.07072,				0.70000
537,		32.00,		39.15,		44.00,				1.12400,				0.73333
538,		32.00,		39.04,		42.00,				1.07582,				0.70000
539,		32.00,		38.94,		42.00,				1.07853,				0.70000
540,		32.00,		38.95,		42.00,				1.07836,				0.70000
541,		32.00,		38.97,		42.00,				1.07764,				0.70000
542,		34.00,		38.98,		42.00,				1.07748,				0.70000
543,		32.00,		38.98,		42.00,				1.07748,				0.70000
544,		32.00,		38.97,		42.00,				1.07781,				0.70000
545,		32.00,		38.99,		42.00,				1.07720,				0.70000
546,		32.00,		39.00,		42.00,				1.07698,				0.70000
547,		32.00,		39.00,		42.00,				1.07692,				0.70000
548,		32.00,		39.00,		42.00,				1.07692,				0.70000
549,		32.00,		38.95,		42.00,				1.07825,				0.70000
550,		32.00,		38.96,		42.00,				1.07803,				0.70000
551,		32.00,		38.94,		42.00,				1.07853,				0.70000
552,		34.00,		38.98,		42.00,				1.07737,				0.70000
553,		34.00,		38.99,		42.00,				1.07709,				0.70000
554,		32.00,		38.97,		42.00,				1.07781,				0.70000
555,		32.00,		38.95,		42.00,				1.07836,				0.70000
556,		32.00,		38.94,		42.00,				1.07853,				0.70000
557,		32.00,		38.93,		42.00,				1.07897,				0.70000
558,		31.00,		38.92,		42.00,				1.07919,				0.70000
559,		32.00,		38.95,		42.00,				1.07825,				0.70000
560,		36.00,		38.97,		42.00,				1.07770,				0.70000
561,		36.00,		38.98,		42.00,				1.07759,				0.70000
562,		36.00,		38.98,		41.00,				1.05171,				0.68333
563,		34.00,		38.97,		41.00,				1.05215,				0.68333
564,		34.00,		38.93,		41.00,				1.05317,				0.68333
565,		32.00,		38.95,		42.00,				1.07836,				0.70000
566,		32.00,		38.97,		42.00,				1.07786,				0.70000
567,		32.00,		38.97,		41.00,				1.05220,				0.68333
568,		32.00,		38.95,		42.00,				1.07825,				0.70000
569,		36.00,		39.01,		42.00,				1.07654,				0.70000
570,		38.00,		39.77,		42.00,				1.05613,				0.70000
571,		36.00,		39.91,		42.00,				1.05226,				0.70000
572,		34.00,		39.65,		44.00,				1.10971,				0.73333
573,		32.00,		40.12,		44.00,				1.09671,				0.73333
574,		30.00,		40.53,		44.00,				1.08572,				0.73333
575,		30.00,		40.77,		44.00,				1.07917,				0.73333
576,		30.00,		40.84,		43.00,				1.05294,				0.71667
577,		30.00,		40.84,		43.00,				1.05284,				0.71667
578,		37.00,		40.88,		44.00,				1.07632,				0.73333
579,		34.00,		38.93,		43.00,				1.10460,				0.71667
580,		33.00,		39.52,		43.00,				1.08795,				0.71667
581,		29.00,		38.28,		41.00,				1.07111,				0.68333
582,		30.00,		37.69,		41.00,				1.08788,				0.68333
583,		30.00,		37.83,		41.00,				1.08385,				0.68333
584,		30.00,		37.83,		41.00,				1.08385,				0.68333
585,		29.00,		37.41,		41.00,				1.09585,				0.68333
586,		32.00,		37.72,		42.00,				1.11359,				0.70000
587,		33.00,		37.83,		42.00,				1.11017,				0.70000
588,		36.00,		37.43,		41.00,				1.09544,				0.68333
589,		33.00,		37.66,		42.00,				1.11512,				0.70000
590,		32.00,		37.45,		42.00,				1.12144,				0.70000
591,		32.00,		37.74,		41.00,				1.08632,				0.68333
592,		33.00,		37.88,		41.00,				1.08237,				0.68333
593,		32.00,		36.91,		41.00,				1.11087,				0.68333
594,		33.00,		37.41,		40.00,				1.06923,				0.66667
595,		33.00,		37.72,		41.00,				1.08701,				0.68333
596,		33.00,		37.84,		41.00,				1.08339,				0.68333
597,		33.00,		37.92,		41.00,				1.08111,				0.68333
598,		33.00,		37.96,		41.00,				1.08003,				0.68333
599,		33.00,		37.98,		41.00,				1.07957,				0.68333
600,		33.00,		38.01,		41.00,				1.07866,				0.68333
601,		33.00,		38.02,		41.00,				1.07838,				0.68333
602,		33.00,		37.97,		41.00,				1.07980,				0.68333
603,		33.00,		37.98,		41.00,				1.07946,				0.68333
604,		33.00,		37.97,		41.00,				1.07986,				0.68333
605,		33.00,		37.96,		41.00,				1.08020,				0.68333
606,		33.00,		37.96,		41.00,				1.07997,				0.68333
607,		33.00,		37.97,		41.00,				1.07969,				0.68333
608,		33.00,		37.98,		41.00,				1.07957,				0.68333
609,		35.00,		37.98,		41.00,				1.07952,				0.68333
610,		33.00,		37.96,		40.00,				1.05385,				0.66667
611,		33.00,		37.99,		41.00,				1.07912,				0.68333
612,		33.00,		37.97,		40.00,				1.05341,				0.66667
613,		33.00,		37.99,		41.00,				1.07935,				0.68333
614,		33.00,		37.99,		41.00,				1.07917,				0.68333
615,		33.00,		37.99,		41.00,				1.07929,				0.68333
616,		33.00,		37.98,		41.00,				1.07963,				0.68333
617,		33.00,		37.99,		41.00,				1.07935,				0.68333
618,		33.00,		37.98,		41.00,				1.07946,				0.68333
619,		33.00,		37.98,		41.00,				1.07940,				0.68333
620,		33.00,		37.99,		41.00,				1.07923,				0.68333
621,		33.00,		37.96,		41.00,				1.08014,				0.68333
622,		33.00,		37.97,		41.00,				1.07974,				0.68333
623,		33.00,		37.98,		41.00,				1.07957,				0.68333
624,		33.00,		38.02,		41.00,				1.07827,				0.68333
625,		33.00,		38.03,		41.00,				1.07798,				0.68333
626,		33.00,		38.01,		41.00,				1.07855,				0.68333
627,		33.00,		37.99,		41.00,				1.07929,				0.68333
628,		33.00,		37.99,		41.00,				1.07923,				0.68333
629,		33.00,		38.00,		41.00,				1.07889,				0.68333
630,		33.00,		38.02,		41.00,				1.07849,				0.68333
631,		37.00,		38.02,		41.00,				1.07844,				0.68333
632,		33.00,		38.00,		41.00,				1.07900,				0.68333
633,		33.00,		37.99,		41.00,				1.07935,				0.68333
634,		33.00,		37.98,		41.00,				1.07963,				0.68333
635,		33.00,		38.02,		41.00,				1.07849,				0.68333
636,		33.00,		37.97,		41.00,				1.07991,				0.68333
637,		33.00,		37.96,		41.00,				1.08020,				0.68333
638,		33.00,		37.94,		41.00,				1.08060,				0.68333
639,		33.00,		37.74,		41.00,				1.08650,				0.68333
640,		33.00,		37.85,		40.00,				1.05669,				0.66667
641,		33.00,		37.82,		41.00,				1.08403,				0.68333
642,		35.00,		37.93,		41.00,				1.08105,				0.68333
643,		37.00,		37.99,		41.00,				1.07935,				0.68333
644,		33.00,		37.46,		41.00,				1.09450,				0.68333
645,		30.00,		36.29,		41.00,				1.12973,				0.68333
646,		33.00,		37.16,		41.00,				1.10328,				0.68333
647,		33.00,		37.08,		41.00,				1.10566,				0.68333
648,		30.00,		37.44,		42.00,				1.12173,				0.70000
649,		26.00,		33.82,		42.00,				1.24194,				0.70000
650,		27.00,		36.31,		41.00,				1.12929,				0.68333
651,		24.00,		33.03,		41.00,				1.24137,				0.68333
652,		26.00,		35.57,		41.00,				1.15272,				0.68333
653,		28.00,		37.09,		44.00,				1.18624,				0.73333
654,		25.00,		33.71,		41.00,				1.21618,				0.68333
655,		25.00,		36.11,		41.00,				1.13555,				0.68333
656,		29.00,		33.36,		43.00,				1.28897,				0.71667
657,		30.00,		35.99,		41.00,				1.13933,				0.68333
658,		25.00,		35.24,		41.00,				1.16332,				0.68333
659,		27.00,		36.91,		41.00,				1.11081,				0.68333
660,		30.00,		37.42,		41.00,				1.09573,				0.68333
661,		30.00,		37.75,		41.00,				1.08609,				0.68333
662,		30.00,		37.92,		41.00,				1.08111,				0.68333
663,		33.00,		38.00,		41.00,				1.07906,				0.68333
664,		33.00,		38.10,		41.00,				1.07623,				0.68333
665,		33.00,		39.54,		44.00,				1.11291,				0.73333
666,		33.00,		38.80,		42.00,				1.08242,				0.70000
667,		33.00,		38.43,		43.00,				1.11898,				0.71667
668,		33.00,		39.27,		44.00,				1.12045,				0.73333
669,		33.00,		38.62,		44.00,				1.13925,				0.73333
670,		37.00,		38.81,		44.00,				1.13361,				0.73333
671,		33.00,		38.42,		44.00,				1.14512,				0.73333
672,		33.00,		38.41,		42.00,				1.09335,				0.70000
673,		33.00,		38.24,		42.00,				1.09821,				0.70000
674,		33.00,		38.19,		41.00,				1.07358,				0.68333
675,		33.00,		38.08,		41.00,				1.07679,				0.68333
676,		33.00,		38.02,		41.00,				1.07832,				0.68333
677,		33.00,		38.08,		41.00,				1.07679,				0.68333
678,		37.00,		38.06,		41.00,				1.07719,				0.68333
679,		35.00,		38.04,		41.00,				1.07787,				0.68333
680,		33.00,		38.00,		41.00,				1.07883,				0.68333
681,		33.00,		38.01,		42.00,				1.10486,				0.70000
682,		33.00,		37.98,		41.00,				1.07952,				0.68333
683,		33.00,		38.01,		41.00,				1.07866,				0.68333
684,		33.00,		37.98,		41.00,				1.07946,				0.68333
685,		36.00,		38.01,		41.00,				1.07872,				0.68333
686,		35.00,		37.53,		41.00,				1.09252,				0.68333
687,		35.00,		37.79,		41.00,				1.08500,				0.68333
688,		33.00,		37.88,		41.00,				1.08225,				0.68333
689,		32.00,		37.44,		40.00,				1.06849,				0.66667
690,		32.00,		37.28,		40.00,				1.07308,				0.66667
691,		32.00,		37.14,		40.00,				1.07706,				0.66667
692,		33.00,		37.07,		40.00,				1.07904,				0.66667
693,		36.00,		37.04,		40.00,				1.07997,				0.66667
694,		36.00,		37.05,		40.00,				1.07951,				0.66667
695,		34.00,		37.03,		40.00,				1.08015,				0.66667
696,		32.00,		37.01,		40.00,				1.08085,				0.66667
697,		35.00,		37.03,		40.00,				1.08015,				0.66667
698,		32.00,		37.01,		40.00,				1.08067,				0.66667
699,		32.00,		37.03,		40.00,				1.08021,				0.66667
700,		32.00,		37.02,		40.00,				1.08061,				0.66667
701,		32.00,		36.97,		40.00,				1.08184,				0.66667
702,		32.00,		36.98,		40.00,				1.08167,				0.66667
703,		32.00,		37.01,		40.00,				1.08073,				0.66667
704,		32.00,		37.01,		40.00,				1.08073,				0.66667
705,		32.00,		37.00,		40.00,				1.08120,				0.66667
706,		31.00,		36.96,		40.00,				1.08213,				0.66667
707,		32.00,		36.97,		40.00,				1.08190,				0.66667
708,		32.00,		37.01,		40.00,				1.08073,				0.66667
709,		36.00,		37.06,		40.00,				1.07933,				0.66667
710,		32.00,		37.04,		41.00,				1.10697,				0.68333
711,		27.00,		38.46,		43.00,				1.11793,				0.71667
712,		29.00,		37.73,		43.00,				1.13956,				0.71667
713,		35.00,		37.39,		40.00,				1.06986,				0.66667
714,		36.00,		38.76,		43.00,				1.10945,				0.71667
715,		32.00,		37.88,		40.00,				1.05585,				0.66667
716,		35.00,		39.04,		43.00,				1.10149,				0.71667
717,		35.00,		38.04,		41.00,				1.07770,				0.68333
718,		36.00,		38.97,		42.00,				1.07770,				0.70000
719,		32.00,		38.03,		42.00,				1.10428,				0.70000
720,		32.00,		39.08,		43.00,				1.10042,				0.71667
721,		29.00,		39.54,		43.00,				1.08740,				0.71667
722,		29.00,		38.33,		43.00,				1.12184,				0.71667
723,		29.00,		39.14,		41.00,				1.04752,				0.68333
724,		29.00,		39.61,		43.00,				1.08564,				0.71667
725,		35.00,		38.41,		43.00,				1.11956,				0.71667
726,		36.00,		39.19,		43.00,				1.09711,				0.71667
727,		37.00,		39.69,		43.00,				1.08345,				0.71667
728,		29.00,		39.85,		43.00,				1.07905,				0.71667
729,		29.00,		39.93,		43.00,				1.07694,				0.71667
730,		29.00,		39.94,		43.00,				1.07672,				0.71667
731,		37.00,		39.96,		43.00,				1.07602,				0.71667
732,		29.00,		39.96,		42.00,				1.05105,				0.70000
733,		29.00,		39.99,		43.00,				1.07532,				0.71667
734,		38.00,		40.02,		43.00,				1.07457,				0.71667
735,		38.00,		40.01,		43.00,				1.07468,				0.71667
736,		35.00,		39.99,		43.00,				1.07538,				0.71667
737,		29.00,		39.99,		43.00,				1.07532,				0.71667
738,		29.00,		39.98,		42.00,				1.05047,				0.70000
739,		29.00,		39.97,		42.00,				1.05068,				0.70000
740,		29.00,		39.94,		42.00,				1.05152,				0.70000
741,		29.00,		39.92,		43.00,				1.07705,				0.71667
742,		29.00,		39.92,		43.00,				1.07710,				0.71667
743,		29.00,		39.94,		43.00,				1.07672,				0.71667
744,		29.00,		39.95,		43.00,				1.07624,				0.71667
745,		29.00,		39.97,		43.00,				1.07591,				0.71667
746,		29.00,		39.95,		43.00,				1.07635,				0.71667
747,		29.00,		39.89,		42.00,				1.05295,				0.70000
748,		29.00,		39.97,		43.00,				1.07586,				0.71667
749,		29.00,		39.96,		43.00,				1.07613,				0.71667
750,		35.00,		39.96,		42.00,				1.05095,				0.70000
751,		35.00,		39.96,		43.00,				1.07618,				0.71667
752,		29.00,		39.65,		43.00,				1.08443,				0.71667
753,		29.00,		39.79,		43.00,				1.08062,				0.71667
754,		29.00,		39.91,		43.00,				1.07732,				0.71667
755,		29.00,		39.97,		43.00,				1.07591,				0.71667
756,		29.00,		39.94,		43.00,				1.07667,				0.71667
757,		29.00,		39.95,		42.00,				1.05142,				0.70000
758,		29.00,		39.96,		43.00,				1.07618,				0.71667
759,		29.00,		38.93,		41.00,				1.05317,				0.68333
760,		28.00,		39.50,		43.00,				1.08872,				0.71667
761,		29.00,		38.83,		43.00,				1.10733,				0.71667
762,		29.00,		38.39,		41.00,				1.06793,				0.68333
763,		37.00,		38.20,		42.00,				1.09936,				0.70000
764,		33.00,		38.07,		41.00,				1.07702,				0.68333
765,		33.00,		38.03,		41.00,				1.07798,				0.68333
766,		33.00,		37.98,		42.00,				1.10573,				0.70000
767,		31.00,		38.02,		41.00,				1.07832,				0.68333
768,		31.00,		39.00,		43.00,				1.10268,				0.71667
769,		35.00,		38.11,		43.00,				1.12843,				0.71667
770,		36.00,		38.53,		43.00,				1.11613,				0.71667
771,		35.00,		38.22,		41.00,				1.07268,				0.68333
772,		35.00,		39.15,		43.00,				1.09845,				0.71667
773,		37.00,		40.08,		46.00,				1.14759,				0.76667
774,		37.00,		41.39,		46.00,				1.11149,				0.76667
775,		37.00,		41.22,		46.00,				1.11591,				0.76667
776,		37.00,		41.65,		46.00,				1.10449,				0.76667
777,		34.00,		41.31,		44.00,				1.06512,				0.73333
778,		32.00,		42.13,		46.00,				1.09196,				0.76667
779,		32.00,		41.51,		46.00,				1.10822,				0.76667
780,		40.00,		42.29,		46.00,				1.08783,				0.76667
781,		32.00,		42.62,		46.00,				1.07936,				0.76667
782,		32.00,		41.84,		46.00,				1.09932,				0.76667
783,		40.00,		42.01,		46.00,				1.09498,				0.76667
784,		38.00,		42.47,		46.00,				1.08312,				0.76667
785,		32.00,		41.70,		46.00,				1.10322,				0.76667
786,		32.00,		42.29,		44.00,				1.04034,				0.73333
787,		38.00,		42.68,		46.00,				1.07769,				0.76667
788,		38.00,		42.86,		46.00,				1.07316,				0.76667
789,		41.00,		42.97,		46.00,				1.07046,				0.76667
790,		41.00,		43.00,		46.00,				1.06977,				0.76667
791,		40.00,		42.99,		46.00,				1.06997,				0.76667
792,		32.00,		43.02,		46.00,				1.06932,				0.76667
793,		32.00,		42.99,		46.00,				1.06992,				0.76667
794,		32.00,		42.97,		46.00,				1.07046,				0.76667
795,		32.00,		42.99,		46.00,				1.07007,				0.76667
796,		32.00,		42.95,		46.00,				1.07111,				0.76667
797,		32.00,		42.94,		46.00,				1.07136,				0.76667
798,		34.00,		43.47,		48.00,				1.10426,				0.80000
799,		32.00,		43.22,		48.00,				1.11070,				0.80000
800,		40.00,		43.40,		48.00,				1.10589,				0.80000
801,		32.00,		43.18,		48.00,				1.11168,				0.80000
802,		32.00,		43.06,		46.00,				1.06833,				0.76667
803,		32.00,		43.00,		46.00,				1.06982,				0.76667
804,		32.00,		43.00,		46.00,				1.06982,				0.76667
805,		32.00,		43.00,		46.00,				1.06967,				0.76667
806,		32.00,		42.97,		46.00,				1.07046,				0.76667
807,		38.00,		42.98,		45.00,				1.04705,				0.75000
808,		32.00,		42.97,		46.00,				1.07051,				0.76667
809,		32.00,		42.91,		46.00,				1.07211,				0.76667
810,		32.00,		42.91,		46.00,				1.07211,				0.76667
811,		32.00,		42.92,		45.00,				1.04836,				0.75000
812,		38.00,		42.97,		46.00,				1.07046,				0.76667
813,		38.00,		42.98,		46.00,				1.07017,				0.76667
814,		32.00,		42.97,		45.00,				1.04734,				0.75000
815,		32.00,		42.96,		44.00,				1.02416,				0.73333
816,		32.00,		42.97,		46.00,				1.07061,				0.76667
817,		40.00,		42.99,		46.00,				1.06997,				0.76667
818,		32.00,		42.97,		46.00,				1.07041,				0.76667
819,		38.00,		42.99,		46.00,				1.06992,				0.76667
820,		38.00,		42.96,		45.00,				1.04753,				0.75000
821,		38.00,		42.96,		46.00,				1.07066,				0.76667
822,		38.00,		42.97,		46.00,				1.07041,				0.76667
823,		40.00,		42.99,		46.00,				1.07002,				0.76667
824,		32.00,		42.97,		46.00,				1.07051,				0.76667
825,		32.00,		42.95,		46.00,				1.07101,				0.76667
826,		32.00,		42.94,		45.00,				1.04802,				0.75000
827,		32.00,		42.93,		45.00,				1.04822,				0.75000
828,		32.00,		42.96,		45.00,				1.04744,				0.75000
829,		38.00,		42.99,		46.00,				1.06992,				0.76667
830,		32.00,		42.95,		46.00,				1.07111,				0.76667
831,		32.00,		42.94,		46.00,				1.07131,				0.76667
832,		32.00,		42.94,		46.00,				1.07126,				0.76667
833,		32.00,		42.91,		44.00,				1.02545,				0.73333
834,		38.00,		42.94,		45.00,				1.04788,				0.75000
835,		38.00,		42.97,		46.00,				1.07056,				0.76667
836,		40.00,		42.98,		45.00,				1.04690,				0.75000
837,		32.00,		42.97,		45.00,				1.04729,				0.75000
838,		32.00,		43.18,		45.00,				1.04210,				0.75000
839,		32.00,		43.13,		46.00,				1.06659,				0.76667
840,		41.00,		43.06,		45.00,				1.04515,				0.75000
841,		32.00,		42.99,		45.00,				1.04666,				0.75000
842,		32.00,		42.97,		46.00,				1.07041,				0.76667
843,		38.00,		43.01,		46.00,				1.06942,				0.76667
844,		38.00,		42.99,		45.00,				1.04680,				0.75000
845,		32.00,		42.96,		46.00,				1.07081,				0.76667
846,		32.00,		42.95,		45.00,				1.04763,				0.75000
847,		32.00,		42.97,		46.00,				1.07051,				0.76667
848,		32.00,		42.96,		45.00,				1.04744,				0.75000
849,		32.00,		42.96,		46.00,				1.07081,				0.76667
850,		38.00,		42.98,		46.00,				1.07017,				0.76667
851,		40.00,		42.99,		46.00,				1.06997,				0.76667
852,		40.00,		42.99,		46.00,				1.06992,				0.76667
853,		32.00,		42.98,		46.00,				1.07027,				0.76667
854,		38.00,		43.00,		45.00,				1.04656,				0.75000
855,		34.00,		42.98,		45.00,				1.04700,				0.75000
856,		40.00,		42.99,		44.00,				1.02354,				0.73333
857,		32.00,		42.98,		46.00,				1.07027,				0.76667
858,		32.00,		42.95,		46.00,				1.07091,				0.76667
859,		38.00,		42.97,		46.00,				1.07046,				0.76667
860,		32.00,		42.95,		46.00,				1.07106,				0.76667
861,		32.00,		42.95,		45.00,				1.04763,				0.75000
862,		38.00,		42.98,		46.00,				1.07032,				0.76667
863,		38.00,		42.96,		45.00,				1.04758,				0.75000
864,		38.00,		42.96,		46.00,				1.07071,				0.76667
865,		38.00,		42.98,		46.00,				1.07032,				0.76667
866,		40.00,		42.99,		46.00,				1.07002,				0.76667
867,		32.00,		42.47,		46.00,				1.08307,				0.76667
868,		38.00,		42.40,		45.00,				1.06122,				0.75000
869,		31.00,		42.68,		46.00,				1.07774,				0.76667
870,		32.00,		42.83,		46.00,				1.07396,				0.76667
871,		32.00,		42.92,		46.00,				1.07176,				0.76667
872,		40.00,		42.99,		46.00,				1.07007,				0.76667
873,		32.00,		42.95,		45.00,				1.04768,				0.75000
874,		32.00,		42.96,		46.00,				1.07066,				0.76667
875,		32.00,		42.92,		46.00,				1.07166,				0.76667
876,		32.00,		42.94,		46.00,				1.07121,				0.76667
877,		32.00,		42.88,		46.00,				1.07266,				0.76667
878,		32.00,		42.46,		45.00,				1.05982,				0.75000
879,		37.00,		42.24,		44.00,				1.04177,				0.73333
880,		31.00,		42.60,		44.00,				1.03296,				0.73333
881,		31.00,		42.46,		46.00,				1.08327,				0.76667
882,		31.00,		41.46,		46.00,				1.10950,				0.76667
883,		32.00,		42.26,		46.00,				1.08840,				0.76667
884,		32.00,		43.69,		46.00,				1.05292,				0.76667
885,		37.00,		42.90,		45.00,				1.04890,				0.75000
886,		40.00,		43.97,		46.00,				1.04617,				0.76667
887,		34.00,		44.42,		46.00,				1.03552,				0.76667
888,		34.00,		44.78,		46.00,				1.02724,				0.76667
889,		34.00,		44.94,		48.00,				1.06809,				0.80000
890,		34.00,		44.94,		48.00,				1.06819,				0.80000
891,		34.00,		44.94,		48.00,				1.06804,				0.80000
892,		43.00,		44.99,		48.00,				1.06686,				0.80000
893,		34.00,		44.97,		48.00,				1.06738,				0.80000
894,		43.00,		46.26,		48.00,				1.03757,				0.80000
895,		34.00,		45.67,		48.00,				1.05097,				0.80000
896,		43.00,		45.38,		49.00,				1.07977,				0.81667
897,		40.00,		45.15,		48.00,				1.06308,				0.80000
898,		34.00,		45.00,		48.00,				1.06676,				0.80000
899,		34.00,		44.98,		48.00,				1.06724,				0.80000
900,		34.00,		44.98,		48.00,				1.06705,				0.80000
901,		38.00,		44.98,		48.00,				1.06714,				0.80000
902,		38.00,		44.99,		48.00,				1.06695,				0.80000
903,		34.00,		44.92,		48.00,				1.06857,				0.80000
904,		43.00,		45.01,		48.00,				1.06648,				0.80000
905,		34.00,		44.98,		47.00,				1.04500,				0.78333
906,		34.00,		44.97,		47.00,				1.04505,				0.78333
907,		40.00,		44.98,		47.00,				1.04491,				0.78333
908,		34.00,		44.93,		47.00,				1.04598,				0.78333
909,		34.00,		44.93,		48.00,				1.06833,				0.80000
910,		38.00,		44.95,		48.00,				1.06785,				0.80000
911,		38.00,		44.95,		48.00,				1.06790,				0.80000
912,		43.00,		45.00,		48.00,				1.06671,				0.80000
913,		34.00,		44.98,		48.00,				1.06714,				0.80000
914,		38.00,		44.93,		48.00,				1.06842,				0.80000
915,		34.00,		44.89,		48.00,				1.06928,				0.80000
916,		34.00,		44.93,		47.00,				1.04616,				0.78333
917,		34.00,		44.94,		48.00,				1.06819,				0.80000
918,		38.00,		44.96,		48.00,				1.06762,				0.80000
919,		40.00,		44.99,		48.00,				1.06681,				0.80000
920,		43.00,		45.00,		48.00,				1.06657,				0.80000
921,		38.00,		44.99,		48.00,				1.06690,				0.80000
922,		38.00,		44.49,		48.00,				1.07880,				0.80000
923,		33.00,		44.68,		48.00,				1.07435,				0.80000
924,		37.00,		44.83,		48.00,				1.07066,				0.80000
925,		42.00,		44.96,		48.00,				1.06771,				0.80000
926,		43.00,		44.99,		48.00,				1.06690,				0.80000
927,		38.00,		44.94,		47.00,				1.04575,				0.78333
928,		38.00,		44.94,		47.00,				1.04579,				0.78333
929,		35.00,		43.46,		47.00,				1.08135,				0.78333
930,		37.00,		44.25,		47.00,				1.06219,				0.78333
931,		34.00,		44.56,		47.00,				1.05476,				0.78333
932,		34.00,		44.84,		50.00,				1.11503,				0.83333
933,		40.00,		44.98,		50.00,				1.11165,				0.83333
934,		33.00,		44.98,		48.00,				1.06714,				0.80000
935,		34.00,		44.97,		48.00,				1.06733,				0.80000
936,		34.00,		44.98,		48.00,				1.06714,				0.80000
937,		34.00,		44.94,		48.00,				1.06809,				0.80000
938,		34.00,		44.96,		48.00,				1.06757,				0.80000
939,		38.00,		44.97,		48.00,				1.06743,				0.80000
940,		34.00,		44.95,		48.00,				1.06776,				0.80000
941,		34.00,		44.92,		48.00,				1.06852,				0.80000
942,		34.00,		44.98,		48.00,				1.06724,				0.80000
943,		34.00,		45.00,		48.00,				1.06657,				0.80000
944,		34.00,		44.94,		48.00,				1.06800,				0.80000
945,		34.00,		44.95,		48.00,				1.06781,				0.80000
946,		34.00,		44.97,		48.00,				1.06743,				0.80000
947,		43.00,		44.99,		48.00,				1.06695,				0.80000
948,		40.00,		43.99,		48.00,				1.09116,				0.80000
949,		38.00,		44.49,		48.00,				1.07885,				0.80000
950,		37.00,		43.70,		48.00,				1.09840,				0.80000
951,		38.00,		43.49,		47.00,				1.08066,				0.78333
952,		36.00,		43.25,		45.00,				1.04041,				0.75000
953,		36.00,		43.13,		46.00,				1.06644,				0.76667
954,		34.00,		43.83,		46.00,				1.04946,				0.76667
955,		38.00,		43.65,		46.00,				1.05393,				0.76667
956,		38.00,		44.32,		46.00,				1.03800,				0.76667
957,		36.00,		41.21,		46.00,				1.11613,				0.76667
958,		35.00,		41.79,		46.00,				1.10079,				0.76667
959,		36.00,		42.86,		47.00,				1.09654,				0.78333
960,		31.00,		40.59,		48.00,				1.18250,				0.80000
961,		31.00,		41.94,		46.00,				1.09670,				0.76667
962,		31.00,		43.56,		48.00,				1.10203,				0.80000
963,		31.00,		43.36,		47.00,				1.08390,				0.78333
964,		31.00,		44.19,		47.00,				1.06354,				0.78333
965,		31.00,		44.56,		46.00,				1.03232,				0.76667
966,		36.00,		44.81,		47.00,				1.04897,				0.78333
967,		38.00,		44.87,		47.00,				1.04738,				0.78333
968,		40.00,		45.41,		48.00,				1.05708,				0.80000
969,		37.00,		45.71,		48.00,				1.05019,				0.80000
970,		35.00,		44.30,		47.00,				1.06090,				0.78333
971,		35.00,		45.11,		48.00,				1.06416,				0.80000
972,		37.00,		44.52,		48.00,				1.07807,				0.80000
973,		34.00,		45.13,		48.00,				1.06355,				0.80000
974,		35.00,		44.49,		48.00,				1.07899,				0.80000
975,		35.00,		45.25,		48.00,				1.06087,				0.80000
976,		37.00,		44.78,		47.00,				1.04948,				0.78333
977,		37.00,		45.44,		49.00,				1.07835,				0.81667
978,		35.00,		45.69,		49.00,				1.07254,				0.81667
979,		35.00,		45.81,		49.00,				1.06968,				0.81667
980,		35.00,		45.87,		49.00,				1.06824,				0.81667
981,		41.00,		45.93,		49.00,				1.06679,				0.81667
982,		37.00,		45.59,		48.00,				1.05291,				0.80000
983,		35.00,		45.75,		48.00,				1.04913,				0.80000
984,		37.00,		45.86,		49.00,				1.06852,				0.81667
985,		37.00,		45.93,		48.00,				1.04516,				0.80000
986,		43.00,		46.01,		49.00,				1.06503,				0.81667
987,		37.00,		45.99,		49.00,				1.06554,				0.81667
988,		43.00,		45.00,		49.00,				1.08889,				0.81667
989,		35.00,		45.44,		48.00,				1.05638,				0.80000
990,		37.00,		45.73,		48.00,				1.04973,				0.80000
991,		37.00,		45.83,		48.00,				1.04726,				0.80000
992,		35.00,		45.91,		48.00,				1.04552,				0.80000
993,		30.00,		45.87,		48.00,				1.04639,				0.80000
994,		35.00,		45.84,		47.00,				1.02526,				0.78333
995,		37.00,		45.94,		48.00,				1.04493,				0.80000
996,		35.00,		45.93,		48.00,				1.04498,				0.80000
997,		35.00,		45.87,		48.00,				1.04639,				0.80000
998,		37.00,		45.90,		48.00,				1.04566,				0.80000
999,		37.00,		45.91,		46.00,				1.00196,				0.76667
