RANDOM_SEED, 1698986869
GEN,		MIN,			AVE,			MAX,
0,		-22.00,		-3.13,		15.00,
1,		-18.00,		-3.74,		10.00,
2,		-18.00,		-1.99,		10.00,
3,		-15.00,		-2.78,		9.00,
4,		-20.00,		-4.58,		5.00,
5,		-14.00,		-3.06,		7.00,
6,		-16.00,		-5.92,		4.00,
7,		-14.00,		-6.15,		5.00,
8,		-13.00,		-5.56,		2.00,
9,		-13.00,		-5.87,		3.00,
10,		-13.00,		-5.50,		1.00,
11,		-13.00,		-5.82,		0.00,
12,		-12.00,		-5.92,		-1.00,
13,		-12.00,		-5.95,		-1.00,
14,		-12.00,		-6.05,		-4.00,
15,		-11.00,		-5.74,		-1.00,
16,		-9.00,		-5.85,		-4.00,
17,		-8.00,		-5.85,		-4.00,
18,		-8.00,		-5.93,		-1.00,
19,		-7.00,		-5.59,		-1.00,
20,		-9.00,		-5.33,		0.00,
21,		-8.00,		-5.17,		-3.00,
22,		-7.00,		-5.09,		0.00,
23,		-8.00,		-5.07,		0.00,
24,		-8.00,		-5.01,		0.00,
25,		-7.00,		-5.02,		-4.00,
26,		-7.00,		-5.00,		-3.00,
27,		-7.00,		-4.86,		0.00,
28,		-7.00,		-4.94,		0.00,
29,		-8.00,		-4.91,		0.00,
30,		-8.00,		-4.95,		0.00,
31,		-8.00,		-4.65,		-1.00,
32,		-8.00,		-4.74,		-1.00,
33,		-7.00,		-4.86,		0.00,
34,		-8.00,		-4.90,		0.00,
35,		-8.00,		-4.49,		1.00,
36,		-8.00,		-4.75,		1.00,
37,		-8.00,		-4.87,		0.00,
38,		-8.00,		-4.93,		0.00,
39,		-8.00,		-4.97,		0.00,
40,		-8.00,		-5.01,		-2.00,
41,		-8.00,		-5.01,		0.00,
42,		-8.00,		-5.02,		0.00,
43,		-8.00,		-5.00,		0.00,
44,		-7.00,		-5.00,		-2.00,
45,		-6.00,		-4.98,		-2.00,
46,		-8.00,		-4.99,		-2.00,
47,		-7.00,		-5.00,		-2.00,
48,		-7.00,		-4.99,		-2.00,
49,		-8.00,		-5.01,		0.00,
50,		-8.00,		-5.01,		-4.00,
51,		-8.00,		-5.00,		-2.00,
52,		-8.00,		-5.00,		-2.00,
53,		-8.00,		-5.02,		-2.00,
54,		-7.00,		-5.01,		-2.00,
55,		-6.00,		-4.57,		-2.00,
56,		-7.00,		-4.64,		-1.00,
57,		-7.00,		-4.35,		-2.00,
58,		-7.00,		-4.19,		1.00,
59,		-7.00,		-4.08,		1.00,
60,		-7.00,		-4.45,		0.00,
61,		-7.00,		-4.23,		1.00,
62,		-8.00,		-4.13,		-1.00,
63,		-8.00,		-4.04,		1.00,
64,		-8.00,		-4.01,		1.00,
65,		-8.00,		-4.54,		-2.00,
66,		-7.00,		-4.51,		1.00,
67,		-7.00,		-4.76,		-2.00,
68,		-7.00,		-4.40,		-2.00,
69,		-7.00,		-4.17,		1.00,
70,		-7.00,		-4.09,		1.00,
71,		-7.00,		-4.03,		-1.00,
72,		-7.00,		-4.01,		-1.00,
73,		-7.00,		-4.01,		1.00,
74,		-6.00,		-3.99,		1.00,
75,		-5.00,		-3.94,		1.00,
76,		-6.00,		-3.97,		1.00,
77,		-7.00,		-4.01,		-2.00,
78,		-7.00,		-4.03,		-1.00,
79,		-7.00,		-4.05,		-2.00,
80,		-7.00,		-3.98,		1.00,
81,		-7.00,		-3.99,		-2.00,
82,		-7.00,		-3.99,		1.00,
83,		-7.00,		-4.00,		1.00,
84,		-7.00,		-4.01,		-2.00,
85,		-8.00,		-4.00,		1.00,
86,		-9.00,		-4.70,		-1.00,
87,		-9.00,		-4.88,		1.00,
88,		-9.00,		-4.45,		-3.00,
89,		-9.00,		-4.81,		-1.00,
90,		-9.00,		-5.43,		-1.00,
91,		-9.00,		-5.83,		1.00,
92,		-9.00,		-5.86,		1.00,
93,		-9.00,		-5.96,		-1.00,
94,		-9.00,		-6.00,		-3.00,
95,		-9.00,		-6.14,		-1.00,
96,		-10.00,		-6.06,		-1.00,
97,		-10.00,		-6.53,		-1.00,
98,		-10.00,		-6.24,		-1.00,
99,		-9.00,		-6.37,		-1.00,
100,		-8.00,		-6.65,		-1.00,
101,		-10.00,		-6.83,		-2.00,
102,		-10.00,		-6.91,		-2.00,
103,		-10.00,		-6.94,		-2.00,
104,		-10.00,		-6.96,		-2.00,
105,		-10.00,		-6.92,		-2.00,
106,		-10.00,		-6.94,		-2.00,
107,		-10.00,		-7.01,		-2.00,
108,		-10.00,		-6.92,		-2.00,
109,		-10.00,		-6.95,		-2.00,
110,		-9.00,		-6.99,		-2.00,
111,		-10.00,		-7.00,		-2.00,
112,		-10.00,		-6.98,		-2.00,
113,		-10.00,		-6.97,		-2.00,
114,		-11.00,		-7.00,		-5.00,
115,		-10.00,		-7.01,		-4.00,
116,		-10.00,		-7.01,		-4.00,
117,		-10.00,		-6.99,		-4.00,
118,		-10.00,		-6.99,		-2.00,
119,		-10.00,		-6.95,		-2.00,
120,		-10.00,		-6.99,		-2.00,
121,		-10.00,		-6.99,		-2.00,
122,		-8.00,		-7.00,		-4.00,
123,		-9.00,		-6.99,		-2.00,
124,		-9.00,		-6.99,		-2.00,
125,		-9.00,		-6.94,		-2.00,
126,		-9.00,		-6.96,		-2.00,
127,		-10.00,		-6.75,		-2.00,
128,		-9.00,		-6.87,		-2.00,
129,		-10.00,		-6.95,		-2.00,
130,		-10.00,		-6.95,		-2.00,
131,		-10.00,		-6.98,		3.00,
132,		-10.00,		-6.98,		3.00,
133,		-10.00,		-6.99,		3.00,
134,		-10.00,		-7.03,		-6.00,
135,		-9.00,		-7.00,		-5.00,
136,		-8.00,		-6.21,		-2.00,
137,		-9.00,		-6.66,		-2.00,
138,		-9.00,		-6.85,		-2.00,
139,		-9.00,		-6.93,		-2.00,
140,		-9.00,		-6.96,		-4.00,
141,		-10.00,		-6.97,		-2.00,
142,		-9.00,		-6.98,		-4.00,
143,		-8.00,		-5.99,		-3.00,
144,		-7.00,		-5.49,		-3.00,
145,		-7.00,		-5.24,		-4.00,
146,		-8.00,		-5.10,		0.00,
147,		-8.00,		-5.05,		0.00,
148,		-8.00,		-5.04,		-2.00,
149,		-8.00,		-5.03,		-4.00,
150,		-8.00,		-5.03,		-3.00,
151,		-7.00,		-5.01,		-3.00,
152,		-8.00,		-5.01,		-2.00,
153,		-8.00,		-4.99,		0.00,
154,		-8.00,		-5.00,		0.00,
155,		-8.00,		-5.01,		-2.00,
156,		-8.00,		-5.03,		-4.00,
157,		-8.00,		-5.00,		-2.00,
158,		-6.00,		-4.98,		-2.00,
159,		-8.00,		-5.01,		-2.00,
160,		-8.00,		-4.99,		0.00,
161,		-8.00,		-4.98,		0.00,
162,		-7.00,		-4.99,		0.00,
163,		-7.00,		-5.00,		-2.00,
164,		-8.00,		-5.00,		-2.00,
165,		-8.00,		-5.00,		-2.00,
166,		-8.00,		-5.00,		0.00,
167,		-7.00,		-5.01,		0.00,
168,		-7.00,		-5.00,		0.00,
169,		-7.00,		-5.02,		-4.00,
170,		-8.00,		-5.01,		-2.00,
171,		-8.00,		-5.02,		-4.00,
172,		-8.00,		-5.02,		-4.00,
173,		-8.00,		-5.02,		-2.00,
174,		-7.00,		-5.00,		-2.00,
175,		-7.00,		-4.99,		0.00,
176,		-8.00,		-5.02,		-3.00,
177,		-8.00,		-5.00,		0.00,
178,		-8.00,		-4.99,		0.00,
179,		-8.00,		-5.28,		0.00,
180,		-8.00,		-5.16,		0.00,
181,		-8.00,		-5.07,		0.00,
182,		-8.00,		-5.04,		0.00,
183,		-7.00,		-5.01,		0.00,
184,		-7.00,		-5.02,		-2.00,
185,		-8.00,		-5.02,		-3.00,
186,		-8.00,		-5.02,		-3.00,
187,		-7.00,		-5.00,		-2.00,
188,		-7.00,		-5.00,		-2.00,
189,		-8.00,		-5.03,		-4.00,
190,		-7.00,		-5.00,		0.00,
191,		-7.00,		-4.97,		0.00,
192,		-6.00,		-4.97,		0.00,
193,		-7.00,		-4.97,		0.00,
194,		-6.00,		-5.00,		-4.00,
195,		-7.00,		-4.99,		0.00,
196,		-7.00,		-5.01,		-4.00,
197,		-8.00,		-5.02,		-3.00,
198,		-7.00,		-5.02,		-2.00,
199,		-8.00,		-5.01,		-2.00,
200,		-8.00,		-5.00,		-2.00,
201,		-8.00,		-5.49,		-2.00,
202,		-8.00,		-5.28,		-2.00,
203,		-8.00,		-5.14,		-2.00,
204,		-7.00,		-5.05,		-2.00,
205,		-8.00,		-5.53,		-2.00,
206,		-8.00,		-5.25,		-1.00,
207,		-8.00,		-5.16,		-3.00,
208,		-9.00,		-5.10,		-2.00,
209,		-9.00,		-5.04,		0.00,
210,		-8.00,		-5.02,		-2.00,
211,		-7.00,		-5.01,		-2.00,
212,		-6.00,		-4.98,		-2.00,
213,		-8.00,		-5.01,		-2.00,
214,		-8.00,		-4.99,		-2.00,
215,		-8.00,		-5.03,		-4.00,
216,		-7.00,		-4.97,		1.00,
217,		-7.00,		-4.99,		-3.00,
218,		-5.00,		-4.98,		-2.00,
219,		-7.00,		-4.98,		-2.00,
220,		-7.00,		-4.98,		0.00,
221,		-7.00,		-4.99,		0.00,
222,		-8.00,		-4.99,		0.00,
223,		-8.00,		-5.01,		-2.00,
224,		-8.00,		-5.01,		0.00,
225,		-8.00,		-4.97,		0.00,
226,		-8.00,		-5.00,		0.00,
227,		-6.00,		-5.00,		-2.00,
228,		-6.00,		-4.98,		-2.00,
229,		-7.00,		-4.98,		0.00,
230,		-8.00,		-5.00,		0.00,
231,		-8.00,		-5.18,		-3.00,
232,		-8.00,		-5.13,		-3.00,
233,		-10.00,		-6.04,		0.00,
234,		-8.00,		-5.49,		0.00,
235,		-8.00,		-5.24,		0.00,
236,		-8.00,		-5.16,		-4.00,
237,		-8.00,		-5.06,		0.00,
238,		-8.00,		-5.02,		0.00,
239,		-8.00,		-5.01,		0.00,
240,		-7.00,		-5.01,		-2.00,
241,		-8.00,		-5.02,		-2.00,
242,		-7.00,		-5.00,		0.00,
243,		-6.00,		-4.99,		0.00,
244,		-8.00,		-5.00,		0.00,
245,		-8.00,		-5.00,		0.00,
246,		-8.00,		-5.00,		0.00,
247,		-8.00,		-5.01,		-2.00,
248,		-8.00,		-5.01,		-2.00,
249,		-8.00,		-5.01,		0.00,
250,		-7.00,		-5.00,		0.00,
251,		-7.00,		-5.02,		-3.00,
252,		-7.00,		-4.99,		0.00,
253,		-8.00,		-5.00,		-2.00,
254,		-8.00,		-4.99,		-2.00,
255,		-7.00,		-4.99,		0.00,
256,		-7.00,		-4.99,		0.00,
257,		-7.00,		-4.97,		0.00,
258,		-8.00,		-4.96,		0.00,
259,		-7.00,		-4.95,		0.00,
260,		-8.00,		-4.96,		0.00,
261,		-8.00,		-5.00,		0.00,
262,		-7.00,		-5.00,		0.00,
263,		-7.00,		-5.00,		0.00,
264,		-7.00,		-4.98,		0.00,
265,		-8.00,		-4.96,		0.00,
266,		-8.00,		-5.00,		-3.00,
267,		-8.00,		-4.99,		-2.00,
268,		-8.00,		-5.00,		0.00,
269,		-8.00,		-5.01,		-2.00,
270,		-7.00,		-5.00,		-3.00,
271,		-8.00,		-5.00,		0.00,
272,		-8.00,		-5.01,		-2.00,
273,		-8.00,		-5.01,		-3.00,
274,		-8.00,		-4.50,		1.00,
275,		-8.00,		-4.77,		1.00,
276,		-8.00,		-4.91,		-2.00,
277,		-8.00,		-4.45,		-1.00,
278,		-7.00,		-4.71,		0.00,
279,		-7.00,		-4.61,		0.00,
280,		-7.00,		-4.71,		1.00,
281,		-7.00,		-4.31,		1.00,
282,		-7.00,		-4.29,		-1.00,
283,		-6.00,		-4.15,		-2.00,
284,		-5.00,		-3.91,		1.00,
285,		-5.00,		-3.95,		-2.00,
286,		-5.00,		-3.60,		2.00,
287,		-6.00,		-3.66,		1.00,
288,		-6.00,		-3.81,		1.00,
289,		-6.00,		-3.87,		1.00,
290,		-6.00,		-3.54,		0.00,
291,		-6.00,		-3.79,		0.00,
292,		-5.00,		-3.88,		1.00,
293,		-7.00,		-3.92,		1.00,
294,		-6.00,		-3.93,		1.00,
295,		-6.00,		-3.97,		-1.00,
296,		-5.00,		-3.98,		1.00,
297,		-6.00,		-3.96,		1.00,
298,		-5.00,		-3.49,		-1.00,
299,		-5.00,		-3.23,		2.00,
300,		-6.00,		-3.13,		2.00,
301,		-6.00,		-3.05,		2.00,
302,		-6.00,		-3.00,		2.00,
303,		-6.00,		-3.01,		2.00,
304,		-6.00,		-3.01,		2.00,
305,		-5.00,		-3.02,		1.00,
306,		-6.00,		-3.17,		2.00,
307,		-6.00,		-3.10,		2.00,
308,		-6.00,		-3.04,		2.00,
309,		-6.00,		-3.01,		2.00,
310,		-6.00,		-3.50,		1.00,
311,		-6.00,		-3.42,		2.00,
312,		-6.00,		-3.21,		2.00,
313,		-5.00,		-3.08,		2.00,
314,		-5.00,		-3.01,		2.00,
315,		-5.00,		-2.96,		2.00,
316,		-6.00,		-2.99,		2.00,
317,		-5.00,		-2.98,		0.00,
318,		-5.00,		-3.00,		0.00,
319,		-6.00,		-2.99,		0.00,
320,		-6.00,		-3.01,		0.00,
321,		-5.00,		-3.01,		0.00,
322,		-6.00,		-3.01,		-1.00,
323,		-5.00,		-2.98,		2.00,
324,		-5.00,		-2.98,		1.00,
325,		-5.00,		-2.99,		1.00,
326,		-5.00,		-2.99,		0.00,
327,		-5.00,		-2.98,		0.00,
328,		-5.00,		-3.00,		0.00,
329,		-6.00,		-3.00,		2.00,
330,		-5.00,		-2.99,		2.00,
331,		-6.00,		-2.97,		2.00,
332,		-6.00,		-2.98,		2.00,
333,		-6.00,		-3.00,		2.00,
334,		-6.00,		-2.99,		2.00,
335,		-6.00,		-2.96,		2.00,
336,		-6.00,		-2.99,		2.00,
337,		-5.00,		-2.99,		2.00,
338,		-5.00,		-3.00,		2.00,
339,		-5.00,		-2.98,		2.00,
340,		-6.00,		-2.98,		2.00,
341,		-5.00,		-2.96,		2.00,
342,		-5.00,		-2.96,		2.00,
343,		-4.00,		-2.99,		-1.00,
344,		-4.00,		-2.98,		2.00,
345,		-5.00,		-2.99,		2.00,
346,		-6.00,		-2.96,		2.00,
347,		-4.00,		-2.95,		2.00,
348,		-6.00,		-3.00,		2.00,
349,		-5.00,		-2.95,		2.00,
350,		-6.00,		-2.99,		2.00,
351,		-6.00,		-3.03,		-1.00,
352,		-6.00,		-3.00,		2.00,
353,		-6.00,		-2.98,		2.00,
354,		-6.00,		-2.98,		2.00,
355,		-5.00,		-2.97,		2.00,
356,		-5.00,		-2.99,		2.00,
357,		-5.00,		-2.98,		2.00,
358,		-6.00,		-2.97,		2.00,
359,		-6.00,		-3.01,		0.00,
360,		-5.00,		-2.98,		2.00,
361,		-5.00,		-2.97,		2.00,
362,		-6.00,		-2.97,		2.00,
363,		-5.00,		-3.00,		0.00,
364,		-6.00,		-2.98,		2.00,
365,		-6.00,		-2.99,		0.00,
366,		-5.00,		-2.98,		2.00,
367,		-5.00,		-2.99,		0.00,
368,		-6.00,		-2.99,		2.00,
369,		-6.00,		-2.99,		2.00,
370,		-5.00,		-3.01,		0.00,
371,		-4.00,		-3.01,		-2.00,
372,		-6.00,		-3.02,		0.00,
373,		-5.00,		-3.00,		2.00,
374,		-5.00,		-2.98,		0.00,
375,		-5.00,		-3.00,		0.00,
376,		-6.00,		-2.99,		2.00,
377,		-6.00,		-2.99,		2.00,
378,		-6.00,		-2.99,		2.00,
379,		-6.00,		-3.14,		2.00,
380,		-6.00,		-3.10,		-2.00,
381,		-6.00,		-3.02,		2.00,
382,		-6.00,		-3.01,		2.00,
383,		-6.00,		-2.49,		2.00,
384,		-6.00,		-2.74,		2.00,
385,		-6.00,		-2.87,		2.00,
386,		-5.00,		-2.94,		0.00,
387,		-5.00,		-2.94,		2.00,
388,		-5.00,		-2.96,		0.00,
389,		-6.00,		-2.97,		1.00,
390,		-6.00,		-3.01,		1.00,
391,		-6.00,		-2.98,		1.00,
392,		-6.00,		-2.99,		2.00,
393,		-6.00,		-3.03,		0.00,
394,		-6.00,		-2.99,		2.00,
395,		-6.00,		-2.98,		2.00,
396,		-5.00,		-2.96,		2.00,
397,		-5.00,		-2.98,		2.00,
398,		-5.00,		-2.99,		0.00,
399,		-5.00,		-2.99,		0.00,
400,		-6.00,		-2.99,		0.00,
401,		-6.00,		-2.98,		2.00,
402,		-5.00,		-2.98,		0.00,
403,		-8.00,		-3.02,		0.00,
404,		-5.00,		-2.98,		-1.00,
405,		-4.00,		-2.98,		2.00,
406,		-5.00,		-2.97,		2.00,
407,		-6.00,		-2.97,		2.00,
408,		-6.00,		-2.95,		2.00,
409,		-5.00,		-2.94,		2.00,
410,		-5.00,		-2.98,		2.00,
411,		-4.00,		-2.99,		-2.00,
412,		-5.00,		-2.97,		2.00,
413,		-6.00,		-2.98,		2.00,
414,		-5.00,		-2.99,		2.00,
415,		-5.00,		-2.98,		0.00,
416,		-4.00,		-2.97,		2.00,
417,		-6.00,		-2.98,		2.00,
418,		-6.00,		-3.40,		0.00,
419,		-6.00,		-3.23,		2.00,
420,		-6.00,		-3.13,		2.00,
421,		-6.00,		-3.05,		2.00,
422,		-7.00,		-3.19,		2.00,
423,		-7.00,		-3.46,		2.00,
424,		-7.00,		-3.27,		0.00,
425,		-7.00,		-3.31,		-1.00,
426,		-6.00,		-3.13,		2.00,
427,		-6.00,		-3.55,		-1.00,
428,		-7.00,		-3.78,		-1.00,
429,		-7.00,		-3.90,		-1.00,
430,		-7.00,		-3.96,		-2.00,
431,		-7.00,		-3.99,		1.00,
432,		-8.00,		-4.24,		-1.00,
433,		-6.00,		-4.08,		0.00,
434,		-7.00,		-4.53,		-1.00,
435,		-7.00,		-4.25,		1.00,
436,		-5.00,		-4.08,		-1.00,
437,		-8.00,		-4.41,		-1.00,
438,		-8.00,		-4.71,		1.00,
439,		-8.00,		-4.39,		-3.00,
440,		-8.00,		-4.49,		-1.00,
441,		-8.00,		-4.72,		1.00,
442,		-8.00,		-4.37,		1.00,
443,		-7.00,		-4.66,		1.00,
444,		-7.00,		-4.83,		0.00,
445,		-7.00,		-4.91,		0.00,
446,		-7.00,		-4.93,		0.00,
447,		-7.00,		-4.95,		0.00,
448,		-7.00,		-4.94,		0.00,
449,		-7.00,		-4.93,		0.00,
450,		-6.00,		-4.96,		0.00,
451,		-6.00,		-4.95,		0.00,
452,		-7.00,		-4.97,		-2.00,
453,		-7.00,		-3.94,		0.00,
454,		-7.00,		-4.14,		0.00,
455,		-7.00,		-3.53,		0.00,
456,		-7.00,		-3.25,		0.00,
457,		-6.00,		-3.14,		1.00,
458,		-6.00,		-3.17,		0.00,
459,		-7.00,		-3.12,		0.00,
460,		-6.00,		-4.02,		0.00,
461,		-6.00,		-3.40,		0.00,
462,		-7.00,		-4.20,		0.00,
463,		-7.00,		-3.90,		2.00,
464,		-5.00,		-3.43,		0.00,
465,		-6.00,		-3.38,		0.00,
466,		-6.00,		-3.20,		0.00,
467,		-5.00,		-3.14,		0.00,
468,		-6.00,		-3.08,		-1.00,
469,		-5.00,		-3.06,		-1.00,
470,		-6.00,		-3.03,		0.00,
471,		-5.00,		-3.02,		0.00,
472,		-6.00,		-3.02,		-1.00,
473,		-6.00,		-3.01,		0.00,
474,		-7.00,		-4.00,		0.00,
475,		-8.00,		-4.53,		2.00,
476,		-8.00,		-3.82,		-1.00,
477,		-8.00,		-4.42,		-1.00,
478,		-8.00,		-4.20,		-1.00,
479,		-6.00,		-3.60,		0.00,
480,		-6.00,		-3.25,		0.00,
481,		-8.00,		-3.60,		0.00,
482,		-6.00,		-3.35,		0.00,
483,		-6.00,		-3.20,		-1.00,
484,		-6.00,		-3.12,		-1.00,
485,		-6.00,		-3.05,		-2.00,
486,		-6.00,		-3.01,		0.00,
487,		-6.00,		-2.96,		0.00,
488,		-4.00,		-2.99,		0.00,
489,		-4.00,		-3.00,		-2.00,
490,		-5.00,		-3.00,		0.00,
491,		-6.00,		-2.99,		0.00,
492,		-5.00,		-2.99,		-1.00,
493,		-6.00,		-2.99,		0.00,
494,		-6.00,		-3.02,		0.00,
495,		-7.00,		-3.52,		0.00,
496,		-7.00,		-3.24,		0.00,
497,		-6.00,		-3.12,		0.00,
498,		-7.00,		-3.22,		0.00,
499,		-7.00,		-3.10,		0.00,
500,		-7.00,		-3.46,		0.00,
501,		-6.00,		-3.20,		0.00,
502,		-6.00,		-3.13,		-2.00,
503,		-6.00,		-3.56,		0.00,
504,		-6.00,		-3.81,		-1.00,
505,		-6.00,		-3.40,		-1.00,
506,		-5.00,		-3.68,		-1.00,
507,		-6.00,		-3.67,		-1.00,
508,		-6.00,		-3.37,		-1.00,
509,		-6.00,		-3.66,		-1.00,
510,		-6.00,		-3.68,		-1.00,
511,		-7.00,		-3.86,		-1.00,
512,		-6.00,		-3.43,		0.00,
513,		-7.00,		-3.24,		0.00,
514,		-6.00,		-2.60,		1.00,
515,		-5.00,		-2.35,		0.00,
516,		-5.00,		-2.16,		1.00,
517,		-5.00,		-2.11,		0.00,
518,		-4.00,		-2.04,		0.00,
519,		-5.00,		-2.04,		0.00,
520,		-5.00,		-1.99,		0.00,
521,		-5.00,		-2.03,		0.00,
522,		-5.00,		-2.02,		0.00,
523,		-5.00,		-2.01,		0.00,
524,		-4.00,		-2.00,		-1.00,
525,		-5.00,		-2.00,		0.00,
526,		-5.00,		-2.01,		0.00,
527,		-5.00,		-2.02,		0.00,
528,		-5.00,		-2.05,		0.00,
529,		-5.00,		-2.02,		0.00,
530,		-6.00,		-2.03,		0.00,
531,		-5.00,		-2.02,		0.00,
532,		-4.00,		-2.00,		0.00,
533,		-5.00,		-2.01,		0.00,
534,		-5.00,		-2.00,		0.00,
535,		-5.00,		-1.28,		1.00,
536,		-5.00,		-1.69,		1.00,
537,		-5.00,		-1.84,		0.00,
538,		-5.00,		-1.09,		1.00,
539,		-5.00,		-1.58,		2.00,
540,		-5.00,		-1.80,		2.00,
541,		-5.00,		-1.95,		1.00,
542,		-5.00,		-2.00,		1.00,
543,		-5.00,		-2.03,		1.00,
544,		-4.00,		-2.01,		0.00,
545,		-4.00,		-2.33,		0.00,
546,		-5.00,		-2.20,		-1.00,
547,		-4.00,		-2.09,		0.00,
548,		-5.00,		-2.06,		0.00,
549,		-5.00,		-2.06,		0.00,
550,		-5.00,		-2.05,		0.00,
551,		-5.00,		-2.06,		0.00,
552,		-5.00,		-2.53,		0.00,
553,		-6.00,		-2.29,		0.00,
554,		-5.00,		-2.54,		0.00,
555,		-5.00,		-2.67,		0.00,
556,		-5.00,		-2.33,		0.00,
557,		-6.00,		-2.71,		0.00,
558,		-5.00,		-2.86,		0.00,
559,		-6.00,		-2.94,		0.00,
560,		-6.00,		-2.99,		0.00,
561,		-6.00,		-1.50,		1.00,
562,		-6.00,		-2.30,		1.00,
563,		-5.00,		-2.61,		1.00,
564,		-6.00,		-2.78,		1.00,
565,		-7.00,		-4.39,		1.00,
566,		-7.00,		-3.66,		0.00,
567,		-7.00,		-3.37,		2.00,
568,		-7.00,		-3.23,		1.00,
569,		-7.00,		-3.12,		1.00,
570,		-6.00,		-3.11,		1.00,
571,		-6.00,		-3.08,		1.00,
572,		-6.00,		-3.04,		0.00,
573,		-6.00,		-3.00,		0.00,
574,		-6.00,		-3.02,		0.00,
575,		-6.00,		-3.03,		0.00,
576,		-6.00,		-3.04,		0.00,
577,		-6.00,		-3.23,		-1.00,
578,		-6.00,		-3.11,		0.00,
579,		-7.00,		-3.56,		0.00,
580,		-7.00,		-3.55,		0.00,
581,		-7.00,		-3.29,		0.00,
582,		-8.00,		-3.67,		1.00,
583,		-7.00,		-3.33,		1.00,
584,		-5.00,		-3.15,		1.00,
585,		-6.00,		-3.06,		1.00,
586,		-6.00,		-3.05,		0.00,
587,		-6.00,		-3.02,		1.00,
588,		-5.00,		-3.01,		0.00,
589,		-5.00,		-3.00,		0.00,
590,		-6.00,		-3.00,		0.00,
591,		-6.00,		-2.88,		-1.00,
592,		-5.00,		-2.92,		0.00,
593,		-5.00,		-2.94,		0.00,
594,		-6.00,		-2.98,		0.00,
595,		-6.00,		-3.02,		0.00,
596,		-6.00,		-3.00,		0.00,
597,		-7.00,		-3.00,		0.00,
598,		-6.00,		-2.99,		0.00,
599,		-6.00,		-3.00,		0.00,
600,		-6.00,		-3.02,		0.00,
601,		-8.00,		-2.05,		2.00,
602,		-6.00,		-2.36,		-1.00,
603,		-6.00,		-1.73,		2.00,
604,		-5.00,		-1.38,		2.00,
605,		-8.00,		-1.89,		2.00,
606,		-8.00,		-1.48,		2.00,
607,		-8.00,		-1.23,		2.00,
608,		-8.00,		-1.13,		2.00,
609,		-8.00,		-1.10,		2.00,
610,		-3.00,		-1.04,		0.00,
611,		-3.00,		-1.02,		0.00,
612,		-8.00,		-1.04,		2.00,
613,		-8.00,		-1.04,		1.00,
614,		-9.00,		-1.05,		2.00,
615,		-9.00,		-1.03,		2.00,
616,		-8.00,		-1.02,		2.00,
617,		-8.00,		-1.06,		2.00,
618,		-8.00,		-1.01,		2.00,
619,		-8.00,		-1.00,		2.00,
620,		-4.00,		-0.97,		2.00,
621,		-4.00,		-0.96,		2.00,
622,		-4.00,		0.06,		3.00,
623,		-4.00,		-0.55,		2.00,
624,		-3.00,		-0.74,		3.00,
625,		-3.00,		-0.90,		3.00,
626,		-5.00,		-0.09,		4.00,
627,		-8.00,		-0.65,		3.00,
628,		-8.00,		-0.87,		3.00,
629,		-8.00,		-0.99,		2.00,
630,		-8.00,		-1.03,		2.00,
631,		-8.00,		-0.99,		2.00,
632,		-8.00,		-1.05,		0.00,
633,		-8.00,		-1.08,		0.00,
634,		-8.00,		-1.05,		1.00,
635,		-5.00,		-1.11,		1.00,
636,		-5.00,		-1.04,		2.00,
637,		-8.00,		-1.05,		1.00,
638,		-7.00,		-0.55,		1.00,
639,		-4.00,		-0.28,		1.00,
640,		-8.00,		-0.34,		3.00,
641,		-3.00,		0.32,		2.00,
642,		-7.00,		-0.36,		2.00,
643,		-7.00,		-1.19,		2.00,
644,		-7.00,		-1.17,		2.00,
645,		-6.00,		-2.10,		1.00,
646,		-8.00,		-2.58,		1.00,
647,		-8.00,		-2.80,		0.00,
648,		-10.00,		-2.85,		0.00,
649,		-10.00,		-2.95,		0.00,
650,		-10.00,		-2.98,		0.00,
651,		-10.00,		-3.03,		0.00,
652,		-10.00,		-3.04,		0.00,
653,		-10.00,		-3.02,		0.00,
654,		-10.00,		-3.03,		0.00,
655,		-10.00,		-3.03,		0.00,
656,		-10.00,		-3.03,		0.00,
657,		-10.00,		-3.01,		1.00,
658,		-6.00,		-2.99,		0.00,
659,		-10.00,		-3.01,		0.00,
660,		-11.00,		-3.06,		-2.00,
661,		-11.00,		-3.06,		-2.00,
662,		-11.00,		-3.05,		-2.00,
663,		-11.00,		-3.06,		0.00,
664,		-11.00,		-3.38,		0.00,
665,		-11.00,		-3.22,		0.00,
666,		-11.00,		-3.65,		0.00,
667,		-11.00,		-3.59,		0.00,
668,		-11.00,		-3.36,		0.00,
669,		-11.00,		-3.68,		0.00,
670,		-7.00,		-3.51,		-1.00,
671,		-7.00,		-3.26,		0.00,
672,		-10.00,		-3.42,		0.00,
673,		-10.00,		-3.75,		-1.00,
674,		-11.00,		-3.91,		-1.00,
675,		-11.00,		-4.03,		-1.00,
676,		-12.00,		-4.45,		-1.00,
677,		-11.00,		-4.30,		-1.00,
678,		-14.00,		-4.33,		-1.00,
679,		-11.00,		-4.14,		-1.00,
680,		-11.00,		-4.15,		-1.00,
681,		-11.00,		-4.03,		-1.00,
682,		-11.00,		-4.05,		-1.00,
683,		-11.00,		-4.04,		-1.00,
684,		-11.00,		-4.03,		-1.00,
685,		-11.00,		-4.03,		-1.00,
686,		-11.00,		-4.03,		-1.00,
687,		-11.00,		-4.03,		-1.00,
688,		-11.00,		-4.08,		-1.00,
689,		-11.00,		-4.03,		-1.00,
690,		-11.00,		-4.03,		-1.00,
691,		-7.00,		-4.01,		-3.00,
692,		-11.00,		-4.04,		-1.00,
693,		-11.00,		-4.01,		-1.00,
694,		-7.00,		-4.00,		-1.00,
695,		-11.00,		-4.04,		-1.00,
696,		-11.00,		-4.07,		-3.00,
697,		-11.00,		-4.06,		-1.00,
698,		-11.00,		-4.02,		-1.00,
699,		-7.00,		-3.99,		0.00,
700,		-11.00,		-4.02,		-1.00,
701,		-7.00,		-4.02,		-1.00,
702,		-7.00,		-4.01,		-1.00,
703,		-11.00,		-4.04,		-1.00,
704,		-11.00,		-4.01,		-1.00,
705,		-11.00,		-4.02,		-1.00,
706,		-11.00,		-4.07,		-1.00,
707,		-11.00,		-4.08,		-1.00,
708,		-11.00,		-4.04,		-1.00,
709,		-11.00,		-4.02,		-1.00,
710,		-11.00,		-5.04,		-1.00,
711,		-13.00,		-5.59,		-3.00,
712,		-13.00,		-5.85,		1.00,
713,		-13.00,		-5.95,		1.00,
714,		-14.00,		-6.02,		-3.00,
715,		-13.00,		-6.01,		1.00,
716,		-13.00,		-6.02,		1.00,
717,		-13.00,		-6.02,		-3.00,
718,		-13.00,		-6.01,		-3.00,
719,		-13.00,		-6.00,		-3.00,
720,		-14.00,		-6.04,		-3.00,
721,		-13.00,		-5.98,		-3.00,
722,		-13.00,		-5.99,		-3.00,
723,		-13.00,		-6.01,		1.00,
724,		-13.00,		-6.04,		-3.00,
725,		-13.00,		-6.03,		-3.00,
726,		-13.00,		-6.07,		-3.00,
727,		-13.00,		-6.05,		-3.00,
728,		-13.00,		-6.02,		1.00,
729,		-9.00,		-6.02,		-3.00,
730,		-9.00,		-6.01,		1.00,
731,		-13.00,		-6.02,		-3.00,
732,		-8.00,		-5.98,		1.00,
733,		-13.00,		-6.02,		-3.00,
734,		-13.00,		-6.01,		1.00,
735,		-13.00,		-5.97,		1.00,
736,		-13.00,		-6.00,		1.00,
737,		-9.00,		-5.98,		1.00,
738,		-8.00,		-5.99,		-3.00,
739,		-9.00,		-5.99,		-3.00,
740,		-8.00,		-5.97,		1.00,
741,		-13.00,		-6.00,		-4.00,
742,		-13.00,		-6.01,		-3.00,
743,		-9.00,		-6.01,		-4.00,
744,		-13.00,		-6.01,		-3.00,
745,		-13.00,		-6.00,		1.00,
746,		-9.00,		-6.00,		1.00,
747,		-8.00,		-5.99,		-3.00,
748,		-13.00,		-6.02,		-3.00,
749,		-9.00,		-6.00,		1.00,
750,		-9.00,		-5.99,		-3.00,
751,		-9.00,		-6.01,		-3.00,
752,		-9.00,		-5.98,		1.00,
753,		-13.00,		-6.00,		1.00,
754,		-13.00,		-6.00,		-3.00,
755,		-13.00,		-6.01,		-3.00,
756,		-13.00,		-5.98,		1.00,
757,		-8.00,		-5.96,		1.00,
758,		-13.00,		-6.03,		1.00,
759,		-13.00,		-6.02,		1.00,
760,		-13.00,		-6.00,		1.00,
761,		-13.00,		-6.01,		-3.00,
762,		-13.00,		-6.03,		1.00,
763,		-13.00,		-6.06,		-3.00,
764,		-13.00,		-6.05,		-3.00,
765,		-13.00,		-6.05,		-4.00,
766,		-13.00,		-6.01,		1.00,
767,		-13.00,		-7.53,		1.00,
768,		-13.00,		-6.84,		-2.00,
769,		-13.00,		-6.36,		1.00,
770,		-13.00,		-6.18,		1.00,
771,		-13.00,		-7.53,		1.00,
772,		-11.00,		-6.81,		1.00,
773,		-9.00,		-6.40,		1.00,
774,		-11.00,		-7.19,		-3.00,
775,		-11.00,		-6.62,		1.00,
776,		-13.00,		-6.30,		1.00,
777,		-9.00,		-6.14,		-5.00,
778,		-11.00,		-7.57,		-6.00,
779,		-11.00,		-6.85,		-5.00,
780,		-11.00,		-6.50,		1.00,
781,		-9.00,		-6.23,		1.00,
782,		-13.00,		-6.14,		1.00,
783,		-16.00,		-6.11,		1.00,
784,		-16.00,		-5.94,		1.00,
785,		-16.00,		-6.01,		-4.00,
786,		-16.00,		-6.03,		1.00,
787,		-13.00,		-6.10,		-3.00,
788,		-13.00,		-6.06,		-3.00,
789,		-13.00,		-6.04,		-3.00,
790,		-13.00,		-6.07,		-4.00,
791,		-13.00,		-6.06,		-3.00,
792,		-13.00,		-6.02,		1.00,
793,		-8.00,		-5.96,		1.00,
794,		-13.00,		-6.03,		1.00,
795,		-13.00,		-6.00,		-3.00,
796,		-8.00,		-5.65,		-3.00,
797,		-8.00,		-5.79,		-3.00,
798,		-13.00,		-5.83,		1.00,
799,		-13.00,		-5.91,		1.00,
800,		-13.00,		-4.97,		4.00,
801,		-8.00,		-4.79,		4.00,
802,		-13.00,		-5.44,		4.00,
803,		-13.00,		-5.74,		-3.00,
804,		-13.00,		-5.50,		-1.00,
805,		-13.00,		-5.71,		1.00,
806,		-13.00,		-5.92,		1.00,
807,		-13.00,		-6.02,		1.00,
808,		-13.00,		-6.06,		-3.00,
809,		-13.00,		-6.02,		-3.00,
810,		-13.00,		-6.01,		1.00,
811,		-13.00,		-5.99,		1.00,
812,		-8.00,		-5.97,		1.00,
813,		-8.00,		-5.95,		1.00,
814,		-8.00,		-5.98,		1.00,
815,		-8.00,		-6.00,		1.00,
816,		-13.00,		-6.03,		1.00,
817,		-13.00,		-6.02,		-3.00,
818,		-10.00,		-6.97,		1.00,
819,		-10.00,		-6.77,		-3.00,
820,		-13.00,		-6.42,		-3.00,
821,		-13.00,		-6.17,		1.00,
822,		-13.00,		-6.11,		-3.00,
823,		-13.00,		-6.09,		-3.00,
824,		-13.00,		-6.06,		1.00,
825,		-13.00,		-6.05,		1.00,
826,		-13.00,		-6.03,		1.00,
827,		-8.00,		-6.00,		1.00,
828,		-13.00,		-6.00,		1.00,
829,		-13.00,		-6.03,		-3.00,
830,		-8.00,		-5.98,		1.00,
831,		-13.00,		-6.01,		-3.00,
832,		-13.00,		-6.00,		-3.00,
833,		-13.00,		-6.00,		1.00,
834,		-13.00,		-6.01,		-3.00,
835,		-8.00,		-6.00,		-3.00,
836,		-13.00,		-6.00,		1.00,
837,		-13.00,		-5.98,		1.00,
838,		-10.00,		-4.48,		4.00,
839,		-8.00,		-4.22,		0.00,
840,		-8.00,		-3.62,		4.00,
841,		-10.00,		-3.24,		4.00,
842,		-10.00,		-3.17,		1.00,
843,		-10.00,		-3.13,		1.00,
844,		-10.00,		-3.06,		0.00,
845,		-10.00,		-3.05,		0.00,
846,		-13.00,		-4.59,		0.00,
847,		-13.00,		-3.86,		-1.00,
848,		-13.00,		-4.93,		-1.00,
849,		-13.00,		-5.02,		0.00,
850,		-13.00,		-5.62,		-1.00,
851,		-13.00,		-4.39,		0.00,
852,		-13.00,		-5.23,		-1.00,
853,		-13.00,		-5.69,		1.00,
854,		-13.00,		-4.34,		4.00,
855,		-13.00,		-4.75,		4.00,
856,		-13.00,		-5.04,		-3.00,
857,		-8.00,		-5.30,		-3.00,
858,		-13.00,		-5.71,		-3.00,
859,		-13.00,		-5.37,		2.00,
860,		-8.00,		-5.20,		4.00,
861,		-7.00,		-5.08,		2.00,
862,		-8.00,		-5.05,		2.00,
863,		-12.00,		-5.06,		-3.00,
864,		-13.00,		-5.01,		2.00,
865,		-12.00,		-5.38,		-2.00,
866,		-8.00,		-5.21,		-2.00,
867,		-8.00,		-5.09,		-2.00,
868,		-8.00,		-5.07,		2.00,
869,		-8.00,		-5.01,		2.00,
870,		-8.00,		-5.00,		-2.00,
871,		-12.00,		-5.04,		-2.00,
872,		-12.00,		-5.06,		-2.00,
873,		-12.00,		-4.99,		2.00,
874,		-8.00,		-4.99,		-2.00,
875,		-8.00,		-5.00,		2.00,
876,		-12.00,		-5.07,		-2.00,
877,		-12.00,		-5.06,		-3.00,
878,		-8.00,		-5.03,		-3.00,
879,		-12.00,		-5.06,		-2.00,
880,		-12.00,		-5.06,		-2.00,
881,		-12.00,		-5.03,		-2.00,
882,		-12.00,		-5.05,		2.00,
883,		-12.00,		-5.01,		2.00,
884,		-12.00,		-5.01,		2.00,
885,		-12.00,		-5.08,		-3.00,
886,		-12.00,		-5.06,		-2.00,
887,		-12.00,		-5.07,		-2.00,
888,		-12.00,		-5.03,		2.00,
889,		-12.00,		-5.06,		-3.00,
890,		-12.00,		-5.04,		-4.00,
891,		-12.00,		-5.05,		-4.00,
892,		-8.00,		-5.01,		-2.00,
893,		-8.00,		-5.02,		-2.00,
894,		-8.00,		-5.00,		2.00,
895,		-12.00,		-5.00,		2.00,
896,		-12.00,		-5.00,		-2.00,
897,		-12.00,		-5.02,		-2.00,
898,		-12.00,		-5.01,		2.00,
899,		-12.00,		-5.00,		2.00,
900,		-8.00,		-4.94,		2.00,
901,		-7.00,		-4.90,		3.00,
902,		-8.00,		-4.93,		2.00,
903,		-8.00,		-4.97,		2.00,
904,		-7.00,		-4.57,		3.00,
905,		-12.00,		-4.84,		2.00,
906,		-12.00,		-4.91,		2.00,
907,		-12.00,		-4.98,		-2.00,
908,		-12.00,		-4.98,		2.00,
909,		-12.00,		-4.98,		2.00,
910,		-12.00,		-5.02,		-2.00,
911,		-12.00,		-5.01,		2.00,
912,		-12.00,		-5.03,		-3.00,
913,		-12.00,		-5.05,		2.00,
914,		-12.00,		-5.01,		2.00,
915,		-12.00,		-5.02,		2.00,
916,		-7.00,		-5.01,		2.00,
917,		-7.00,		-5.02,		-4.00,
918,		-8.00,		-5.00,		2.00,
919,		-12.00,		-5.01,		2.00,
920,		-12.00,		-5.03,		-2.00,
921,		-12.00,		-5.02,		-2.00,
922,		-13.00,		-5.06,		-2.00,
923,		-13.00,		-5.08,		-2.00,
924,		-13.00,		-5.04,		-2.00,
925,		-14.00,		-5.06,		-2.00,
926,		-14.00,		-5.08,		-2.00,
927,		-11.00,		-4.55,		-1.00,
928,		-12.00,		-4.30,		3.00,
929,		-12.00,		-4.68,		3.00,
930,		-12.00,		-4.83,		-1.00,
931,		-12.00,		-4.92,		2.00,
932,		-12.00,		-4.62,		-2.00,
933,		-12.00,		-4.81,		3.00,
934,		-12.00,		-4.47,		-2.00,
935,		-11.00,		-4.73,		2.00,
936,		-11.00,		-4.37,		3.00,
937,		-6.00,		-4.62,		2.00,
938,		-7.00,		-4.30,		3.00,
939,		-6.00,		-4.29,		3.00,
940,		-12.00,		-4.45,		2.00,
941,		-12.00,		-4.73,		2.00,
942,		-12.00,		-4.41,		3.00,
943,		-7.00,		-4.24,		3.00,
944,		-11.00,		-4.12,		3.00,
945,		-11.00,		-4.03,		3.00,
946,		-14.00,		-5.52,		3.00,
947,		-14.00,		-6.33,		3.00,
948,		-11.00,		-6.64,		3.00,
949,		-11.00,		-6.79,		0.00,
950,		-14.00,		-6.91,		0.00,
951,		-14.00,		-6.92,		0.00,
952,		-8.00,		-6.94,		0.00,
953,		-10.00,		-6.94,		0.00,
954,		-14.00,		-7.01,		-4.00,
955,		-14.00,		-7.02,		-5.00,
956,		-14.00,		-7.02,		0.00,
957,		-10.00,		-7.03,		-4.00,
958,		-10.00,		-7.01,		0.00,
959,		-14.00,		-7.06,		-5.00,
960,		-10.00,		-7.01,		0.00,
961,		-10.00,		-7.01,		0.00,
962,		-10.00,		-7.02,		-4.00,
963,		-14.00,		-7.04,		-5.00,
964,		-10.00,		-7.00,		0.00,
965,		-14.00,		-6.65,		-2.00,
966,		-14.00,		-6.84,		-2.00,
967,		-10.00,		-6.94,		-2.00,
968,		-10.00,		-6.97,		-2.00,
969,		-10.00,		-7.00,		-4.00,
970,		-10.00,		-6.99,		0.00,
971,		-10.00,		-6.98,		-2.00,
972,		-10.00,		-6.94,		0.00,
973,		-10.00,		-6.95,		0.00,
974,		-14.00,		-6.95,		0.00,
975,		-14.00,		-6.96,		-2.00,
976,		-14.00,		-6.99,		-2.00,
977,		-14.00,		-7.00,		0.00,
978,		-10.00,		-6.97,		0.00,
979,		-14.00,		-6.98,		0.00,
980,		-10.00,		-6.98,		0.00,
981,		-14.00,		-7.00,		-2.00,
982,		-14.00,		-7.05,		-2.00,
983,		-14.00,		-7.04,		0.00,
984,		-14.00,		-7.07,		0.00,
985,		-14.00,		-7.05,		-2.00,
986,		-14.00,		-7.01,		0.00,
987,		-14.00,		-6.97,		0.00,
988,		-10.00,		-6.99,		-4.00,
989,		-9.00,		-6.99,		-2.00,
990,		-9.00,		-7.00,		-4.00,
991,		-10.00,		-6.94,		0.00,
992,		-10.00,		-6.96,		0.00,
993,		-9.00,		-6.94,		-2.00,
994,		-9.00,		-6.94,		0.00,
995,		-10.00,		-7.00,		-2.00,
996,		-10.00,		-7.00,		0.00,
997,		-10.00,		-7.02,		0.00,
998,		-14.00,		-7.03,		-2.00,
999,		-14.00,		-7.02,		-2.00,
