RANDOM_SEED, 1698986830
GEN,		MIN,				AVE,				MAX,			CONV,					CONV_ACT,
  0,		15.00,		32.77,		50.00,				1.52588,				0.83333
  1,		15.00,		33.67,		51.00,				1.51452,				0.85000
  2,		18.00,		35.55,		50.00,				1.40663,				0.83333
  3,		21.00,		38.59,		52.00,				1.34743,				0.86667
  4,		27.00,		37.14,		49.00,				1.31947,				0.81667
  5,		28.00,		39.33,		48.00,				1.22044,				0.80000
  6,		28.00,		39.78,		47.00,				1.18150,				0.78333
  7,		32.00,		40.15,		52.00,				1.29508,				0.86667
  8,		32.00,		40.54,		47.00,				1.15935,				0.78333
  9,		34.00,		40.23,		46.00,				1.14348,				0.76667
 10,		34.00,		40.16,		44.00,				1.09556,				0.73333
 11,		33.00,		40.03,		44.00,				1.09912,				0.73333
 12,		32.00,		40.27,		43.00,				1.06769,				0.71667
 13,		33.00,		40.55,		44.00,				1.08519,				0.73333
 14,		33.00,		40.74,		44.00,				1.08002,				0.73333
 15,		37.00,		40.36,		43.00,				1.06552,				0.71667
 16,		35.00,		39.12,		43.00,				1.09924,				0.71667
 17,		35.00,		40.70,		43.00,				1.05661,				0.71667
 18,		35.00,		40.37,		46.00,				1.13952,				0.76667
 19,		36.00,		40.16,		46.00,				1.14530,				0.76667
 20,		33.00,		40.06,		43.00,				1.07344,				0.71667
 21,		32.00,		39.45,		43.00,				1.08999,				0.71667
 22,		32.00,		39.27,		43.00,				1.09504,				0.71667
 23,		34.00,		39.17,		43.00,				1.09767,				0.71667
 24,		32.00,		39.06,		43.00,				1.10098,				0.71667
 25,		33.00,		39.55,		43.00,				1.08723,				0.71667
 26,		32.00,		39.27,		42.00,				1.06952,				0.70000
 27,		37.00,		39.66,		43.00,				1.08433,				0.71667
 28,		36.00,		39.31,		42.00,				1.06848,				0.70000
 29,		36.00,		39.14,		42.00,				1.07302,				0.70000
 30,		36.00,		39.09,		42.00,				1.07455,				0.70000
 31,		32.00,		39.05,		42.00,				1.07560,				0.70000
 32,		32.00,		38.98,		42.00,				1.07759,				0.70000
 33,		32.00,		38.98,		42.00,				1.07759,				0.70000
 34,		32.00,		38.97,		42.00,				1.07781,				0.70000
 35,		32.00,		38.98,		42.00,				1.07753,				0.70000
 36,		36.00,		39.00,		42.00,				1.07681,				0.70000
 37,		32.00,		38.95,		42.00,				1.07842,				0.70000
 38,		36.00,		38.99,		42.00,				1.07725,				0.70000
 39,		36.00,		39.00,		42.00,				1.07687,				0.70000
 40,		36.00,		38.98,		42.00,				1.07737,				0.70000
 41,		36.00,		38.98,		42.00,				1.07737,				0.70000
 42,		32.00,		38.97,		42.00,				1.07781,				0.70000
 43,		36.00,		39.00,		42.00,				1.07703,				0.70000
 44,		32.00,		38.99,		42.00,				1.07714,				0.70000
 45,		32.00,		39.00,		42.00,				1.07681,				0.70000
 46,		32.00,		39.03,		42.00,				1.07610,				0.70000
 47,		32.00,		35.53,		42.00,				1.18210,				0.70000
 48,		29.00,		37.54,		42.00,				1.11887,				0.70000
 49,		29.00,		36.77,		42.00,				1.14211,				0.70000
 50,		32.00,		37.92,		42.00,				1.10765,				0.70000
 51,		32.00,		38.45,		42.00,				1.09233,				0.70000
 52,		32.00,		38.81,		42.00,				1.08214,				0.70000
 53,		32.00,		38.87,		42.00,				1.08058,				0.70000
 54,		32.00,		38.92,		42.00,				1.07903,				0.70000
 55,		32.00,		38.94,		41.00,				1.05290,				0.68333
 56,		32.00,		38.95,		42.00,				1.07825,				0.70000
 57,		32.00,		38.94,		44.00,				1.12983,				0.73333
 58,		32.00,		38.95,		42.00,				1.07842,				0.70000
 59,		32.00,		39.21,		42.00,				1.07121,				0.70000
 60,		32.00,		39.07,		42.00,				1.07510,				0.70000
 61,		32.00,		39.05,		42.00,				1.07549,				0.70000
 62,		32.00,		39.00,		42.00,				1.07703,				0.70000
 63,		32.00,		38.95,		42.00,				1.07842,				0.70000
 64,		34.00,		38.99,		42.00,				1.07725,				0.70000
 65,		38.00,		39.01,		42.00,				1.07659,				0.70000
 66,		36.00,		39.01,		42.00,				1.07676,				0.70000
 67,		34.00,		38.98,		42.00,				1.07748,				0.70000
 68,		34.00,		38.95,		42.00,				1.07836,				0.70000
 69,		36.00,		39.01,		42.00,				1.07676,				0.70000
 70,		36.00,		39.01,		42.00,				1.07676,				0.70000
 71,		36.00,		38.99,		42.00,				1.07731,				0.70000
 72,		34.00,		38.98,		42.00,				1.07737,				0.70000
 73,		32.00,		38.96,		42.00,				1.07797,				0.70000
 74,		32.00,		38.96,		42.00,				1.07803,				0.70000
 75,		32.00,		38.99,		42.00,				1.07725,				0.70000
 76,		34.00,		38.97,		42.00,				1.07770,				0.70000
 77,		34.00,		38.99,		41.00,				1.05144,				0.68333
 78,		32.00,		38.98,		41.00,				1.05171,				0.68333
 79,		32.00,		38.97,		42.00,				1.07786,				0.70000
 80,		32.00,		38.97,		42.00,				1.07786,				0.70000
 81,		32.00,		38.95,		42.00,				1.07819,				0.70000
 82,		36.00,		37.53,		42.00,				1.11922,				0.70000
 83,		32.00,		38.27,		41.00,				1.07139,				0.68333
 84,		33.00,		38.71,		41.00,				1.05921,				0.68333
 85,		32.00,		38.85,		41.00,				1.05540,				0.68333
 86,		32.00,		38.91,		42.00,				1.07936,				0.70000
 87,		32.00,		38.80,		42.00,				1.08253,				0.70000
 88,		32.00,		37.46,		42.00,				1.12132,				0.70000
 89,		31.00,		38.29,		42.00,				1.09701,				0.70000
 90,		32.00,		38.61,		42.00,				1.08780,				0.70000
 91,		32.00,		40.28,		43.00,				1.06758,				0.71667
 92,		32.00,		39.68,		44.00,				1.10887,				0.73333
 93,		34.00,		40.53,		45.00,				1.11040,				0.75000
 94,		32.00,		39.80,		42.00,				1.05517,				0.70000
 95,		36.00,		39.54,		42.00,				1.06227,				0.70000
 96,		36.00,		39.31,		42.00,				1.06854,				0.70000
 97,		32.00,		39.20,		43.00,				1.09694,				0.71667
 98,		34.00,		39.90,		43.00,				1.07775,				0.71667
 99,		31.00,		39.40,		44.00,				1.11675,				0.73333
100,		31.00,		39.19,		42.00,				1.07165,				0.70000
101,		31.00,		39.07,		42.00,				1.07488,				0.70000
102,		31.00,		39.05,		42.00,				1.07565,				0.70000
103,		34.00,		39.04,		42.00,				1.07582,				0.70000
104,		32.00,		38.97,		44.00,				1.12896,				0.73333
105,		36.00,		39.00,		42.00,				1.07698,				0.70000
106,		36.00,		38.99,		41.00,				1.05166,				0.68333
107,		32.00,		39.01,		42.00,				1.07654,				0.70000
108,		34.00,		38.99,		42.00,				1.07725,				0.70000
109,		36.00,		39.00,		42.00,				1.07681,				0.70000
110,		34.00,		38.99,		41.00,				1.05166,				0.68333
111,		32.00,		38.95,		42.00,				1.07842,				0.70000
112,		32.00,		38.98,		42.00,				1.07742,				0.70000
113,		34.00,		39.01,		42.00,				1.07676,				0.70000
114,		34.00,		39.00,		41.00,				1.05139,				0.68333
115,		36.00,		38.98,		41.00,				1.05171,				0.68333
116,		36.00,		39.00,		42.00,				1.07698,				0.70000
117,		32.00,		38.99,		42.00,				1.07731,				0.70000
118,		32.00,		38.97,		42.00,				1.07764,				0.70000
119,		32.00,		39.01,		42.00,				1.07659,				0.70000
120,		32.00,		38.97,		42.00,				1.07775,				0.70000
121,		32.00,		38.94,		42.00,				1.07869,				0.70000
122,		32.00,		38.94,		42.00,				1.07853,				0.70000
123,		32.00,		38.96,		42.00,				1.07797,				0.70000
124,		32.00,		38.98,		42.00,				1.07753,				0.70000
125,		31.00,		38.47,		41.00,				1.06571,				0.68333
126,		35.00,		38.29,		42.00,				1.09701,				0.70000
127,		34.00,		38.65,		42.00,				1.08662,				0.70000
128,		32.00,		38.33,		42.00,				1.09580,				0.70000
129,		32.00,		38.28,		41.00,				1.07106,				0.68333
130,		32.00,		38.14,		41.00,				1.07499,				0.68333
131,		32.00,		38.55,		41.00,				1.06361,				0.68333
132,		32.00,		38.30,		41.00,				1.07038,				0.68333
133,		35.00,		38.15,		41.00,				1.07482,				0.68333
134,		31.00,		38.09,		41.00,				1.07645,				0.68333
135,		31.00,		38.04,		41.00,				1.07793,				0.68333
136,		35.00,		38.02,		41.00,				1.07832,				0.68333
137,		31.00,		37.99,		40.00,				1.05280,				0.66667
138,		35.00,		38.04,		41.00,				1.07793,				0.68333
139,		35.00,		38.03,		41.00,				1.07804,				0.68333
140,		35.00,		38.05,		41.00,				1.07764,				0.68333
141,		35.00,		38.00,		41.00,				1.07883,				0.68333
142,		35.00,		37.98,		41.00,				1.07946,				0.68333
143,		35.00,		37.98,		41.00,				1.07940,				0.68333
144,		35.00,		37.99,		41.00,				1.07923,				0.68333
145,		35.00,		38.02,		43.00,				1.13092,				0.71667
146,		35.00,		38.02,		41.00,				1.07849,				0.68333
147,		31.00,		37.99,		41.00,				1.07935,				0.68333
148,		31.00,		37.98,		41.00,				1.07957,				0.68333
149,		31.00,		37.95,		41.00,				1.08031,				0.68333
150,		35.00,		37.98,		41.00,				1.07940,				0.68333
151,		35.00,		37.98,		41.00,				1.07952,				0.68333
152,		37.00,		38.01,		41.00,				1.07855,				0.68333
153,		37.00,		38.02,		42.00,				1.10462,				0.70000
154,		31.00,		38.02,		42.00,				1.10457,				0.70000
155,		35.00,		38.02,		41.00,				1.07832,				0.68333
156,		35.00,		38.03,		41.00,				1.07810,				0.68333
157,		35.00,		38.02,		41.00,				1.07827,				0.68333
158,		35.00,		38.01,		41.00,				1.07878,				0.68333
159,		31.00,		37.97,		41.00,				1.07974,				0.68333
160,		35.00,		37.98,		41.00,				1.07952,				0.68333
161,		36.00,		38.00,		40.00,				1.05274,				0.66667
162,		35.00,		38.00,		41.00,				1.07900,				0.68333
163,		31.00,		37.99,		41.00,				1.07923,				0.68333
164,		35.00,		37.99,		41.00,				1.07929,				0.68333
165,		35.00,		38.03,		41.00,				1.07815,				0.68333
166,		35.00,		38.00,		41.00,				1.07889,				0.68333
167,		35.00,		38.01,		41.00,				1.07861,				0.68333
168,		35.00,		38.04,		41.00,				1.07770,				0.68333
169,		35.00,		38.03,		41.00,				1.07804,				0.68333
170,		35.00,		38.05,		41.00,				1.07759,				0.68333
171,		35.00,		38.04,		41.00,				1.07793,				0.68333
172,		35.00,		38.03,		41.00,				1.07821,				0.68333
173,		35.00,		38.01,		41.00,				1.07872,				0.68333
174,		31.00,		37.99,		41.00,				1.07923,				0.68333
175,		35.00,		38.01,		41.00,				1.07855,				0.68333
176,		31.00,		37.96,		41.00,				1.08003,				0.68333
177,		31.00,		37.95,		41.00,				1.08026,				0.68333
178,		31.00,		37.96,		41.00,				1.08003,				0.68333
179,		35.00,		37.99,		40.00,				1.05285,				0.66667
180,		31.00,		37.98,		41.00,				1.07946,				0.68333
181,		31.00,		37.99,		41.00,				1.07917,				0.68333
182,		31.00,		38.00,		41.00,				1.07906,				0.68333
183,		31.00,		37.98,		41.00,				1.07952,				0.68333
184,		35.00,		38.01,		41.00,				1.07878,				0.68333
185,		35.00,		38.00,		41.00,				1.07883,				0.68333
186,		31.00,		37.98,		41.00,				1.07940,				0.68333
187,		35.00,		38.01,		41.00,				1.07878,				0.68333
188,		35.00,		38.02,		41.00,				1.07827,				0.68333
189,		31.00,		37.97,		41.00,				1.07980,				0.68333
190,		31.00,		37.93,		39.00,				1.02821,				0.65000
191,		31.00,		37.97,		39.00,				1.02713,				0.65000
192,		35.00,		38.02,		41.00,				1.07838,				0.68333
193,		31.00,		37.99,		41.00,				1.07929,				0.68333
194,		31.00,		38.29,		42.00,				1.09695,				0.70000
195,		31.00,		38.16,		41.00,				1.07431,				0.68333
196,		35.00,		38.06,		41.00,				1.07719,				0.68333
197,		31.00,		38.03,		41.00,				1.07810,				0.68333
198,		35.00,		38.02,		41.00,				1.07844,				0.68333
199,		31.00,		37.98,		41.00,				1.07957,				0.68333
200,		31.00,		38.00,		41.00,				1.07900,				0.68333
201,		31.00,		37.97,		39.00,				1.02723,				0.65000
202,		31.00,		37.98,		41.00,				1.07952,				0.68333
203,		31.00,		38.01,		41.00,				1.07861,				0.68333
204,		36.00,		38.02,		41.00,				1.07849,				0.68333
205,		35.00,		38.01,		41.00,				1.07872,				0.68333
206,		35.00,		38.01,		41.00,				1.07861,				0.68333
207,		31.00,		38.00,		41.00,				1.07900,				0.68333
208,		35.00,		38.04,		41.00,				1.07793,				0.68333
209,		35.00,		38.06,		41.00,				1.07719,				0.68333
210,		31.00,		38.01,		41.00,				1.07878,				0.68333
211,		31.00,		38.01,		41.00,				1.07855,				0.68333
212,		35.00,		38.04,		41.00,				1.07776,				0.68333
213,		31.00,		37.97,		41.00,				1.07980,				0.68333
214,		35.00,		37.99,		39.00,				1.02648,				0.65000
215,		31.00,		38.38,		40.00,				1.04221,				0.66667
216,		31.00,		38.46,		42.00,				1.09199,				0.70000
217,		35.00,		38.25,		42.00,				1.09798,				0.70000
218,		32.00,		38.10,		41.00,				1.07606,				0.68333
219,		36.00,		38.10,		41.00,				1.07600,				0.68333
220,		35.00,		38.06,		41.00,				1.07736,				0.68333
221,		35.00,		38.03,		41.00,				1.07821,				0.68333
222,		30.00,		37.99,		41.00,				1.07935,				0.68333
223,		35.00,		37.99,		40.00,				1.05291,				0.66667
224,		31.00,		38.00,		41.00,				1.07900,				0.68333
225,		35.00,		38.00,		41.00,				1.07906,				0.68333
226,		35.00,		38.00,		41.00,				1.07895,				0.68333
227,		31.00,		38.03,		41.00,				1.07815,				0.68333
228,		31.00,		38.01,		41.00,				1.07878,				0.68333
229,		31.00,		37.98,		41.00,				1.07946,				0.68333
230,		31.00,		37.96,		41.00,				1.08003,				0.68333
231,		31.00,		37.96,		41.00,				1.08014,				0.68333
232,		35.00,		37.98,		41.00,				1.07940,				0.68333
233,		36.00,		38.01,		41.00,				1.07872,				0.68333
234,		36.00,		38.00,		41.00,				1.07900,				0.68333
235,		35.00,		37.97,		41.00,				1.07969,				0.68333
236,		35.00,		37.96,		41.00,				1.07997,				0.68333
237,		35.00,		38.00,		41.00,				1.07900,				0.68333
238,		35.00,		37.97,		41.00,				1.07974,				0.68333
239,		32.00,		36.53,		41.00,				1.12237,				0.68333
240,		32.00,		37.29,		41.00,				1.09937,				0.68333
241,		33.00,		36.71,		40.00,				1.08956,				0.66667
242,		32.00,		37.44,		40.00,				1.06826,				0.66667
243,		33.00,		38.06,		41.00,				1.07736,				0.68333
244,		35.00,		39.05,		43.00,				1.10115,				0.71667
245,		35.00,		38.52,		43.00,				1.11630,				0.71667
246,		31.00,		38.20,		42.00,				1.09936,				0.70000
247,		35.00,		38.16,		41.00,				1.07448,				0.68333
248,		31.00,		38.09,		41.00,				1.07634,				0.68333
249,		31.00,		38.05,		41.00,				1.07759,				0.68333
250,		35.00,		38.47,		41.00,				1.06571,				0.68333
251,		35.00,		38.26,		43.00,				1.12389,				0.71667
252,		31.00,		38.11,		43.00,				1.12825,				0.71667
253,		31.00,		38.05,		41.00,				1.07759,				0.68333
254,		31.00,		37.99,		41.00,				1.07935,				0.68333
255,		31.00,		38.01,		41.00,				1.07878,				0.68333
256,		31.00,		38.02,		41.00,				1.07827,				0.68333
257,		36.00,		38.06,		41.00,				1.07713,				0.68333
258,		31.00,		38.01,		41.00,				1.07872,				0.68333
259,		31.00,		37.99,		41.00,				1.07917,				0.68333
260,		31.00,		38.01,		41.00,				1.07861,				0.68333
261,		31.00,		38.01,		41.00,				1.07872,				0.68333
262,		35.00,		38.01,		41.00,				1.07861,				0.68333
263,		35.00,		38.01,		41.00,				1.07866,				0.68333
264,		31.00,		37.98,		41.00,				1.07946,				0.68333
265,		31.00,		38.01,		41.00,				1.07861,				0.68333
266,		31.00,		37.98,		41.00,				1.07963,				0.68333
267,		35.00,		37.98,		41.00,				1.07946,				0.68333
268,		36.00,		38.00,		41.00,				1.07895,				0.68333
269,		31.00,		38.00,		41.00,				1.07883,				0.68333
270,		31.00,		38.03,		41.00,				1.07815,				0.68333
271,		35.00,		38.06,		41.00,				1.07730,				0.68333
272,		35.00,		38.01,		41.00,				1.07866,				0.68333
273,		31.00,		38.02,		41.00,				1.07849,				0.68333
274,		31.00,		37.99,		42.00,				1.10544,				0.70000
275,		31.00,		37.98,		41.00,				1.07946,				0.68333
276,		31.00,		37.98,		41.00,				1.07940,				0.68333
277,		31.00,		37.96,		39.00,				1.02745,				0.65000
278,		31.00,		37.97,		41.00,				1.07980,				0.68333
279,		31.00,		37.97,		41.00,				1.07986,				0.68333
280,		31.00,		37.96,		41.00,				1.08014,				0.68333
281,		31.00,		37.96,		41.00,				1.07997,				0.68333
282,		31.00,		37.99,		41.00,				1.07923,				0.68333
283,		35.00,		37.98,		41.00,				1.07940,				0.68333
284,		35.00,		37.99,		41.00,				1.07923,				0.68333
285,		35.00,		37.98,		41.00,				1.07946,				0.68333
286,		36.00,		38.01,		41.00,				1.07878,				0.68333
287,		35.00,		38.01,		41.00,				1.07866,				0.68333
288,		35.00,		38.02,		41.00,				1.07838,				0.68333
289,		31.00,		37.98,		39.00,				1.02691,				0.65000
290,		31.00,		37.98,		41.00,				1.07940,				0.68333
291,		31.00,		37.94,		41.00,				1.08077,				0.68333
292,		31.00,		37.95,		39.00,				1.02778,				0.65000
293,		31.00,		37.95,		39.00,				1.02772,				0.65000
294,		36.00,		38.01,		39.00,				1.02610,				0.65000
295,		35.00,		38.01,		41.00,				1.07855,				0.68333
296,		35.00,		38.00,		41.00,				1.07906,				0.68333
297,		35.00,		38.02,		41.00,				1.07838,				0.68333
298,		31.00,		37.97,		41.00,				1.07969,				0.68333
299,		31.00,		37.94,		41.00,				1.08054,				0.68333
300,		31.00,		37.98,		41.00,				1.07957,				0.68333
301,		31.00,		37.98,		41.00,				1.07952,				0.68333
302,		35.00,		37.98,		39.00,				1.02691,				0.65000
303,		31.00,		37.97,		41.00,				1.07986,				0.68333
304,		31.00,		37.95,		41.00,				1.08026,				0.68333
305,		31.00,		37.99,		42.00,				1.10550,				0.70000
306,		31.00,		38.01,		42.00,				1.10486,				0.70000
307,		35.00,		38.02,		42.00,				1.10462,				0.70000
308,		31.00,		38.00,		42.00,				1.10526,				0.70000
309,		31.00,		37.94,		41.00,				1.08060,				0.68333
310,		29.00,		35.90,		41.00,				1.14219,				0.68333
311,		31.00,		37.10,		41.00,				1.10524,				0.68333
312,		31.00,		37.58,		41.00,				1.09112,				0.68333
313,		31.00,		37.90,		41.00,				1.08191,				0.68333
314,		31.00,		37.94,		41.00,				1.08060,				0.68333
315,		31.00,		37.98,		41.00,				1.07952,				0.68333
316,		31.00,		37.96,		41.00,				1.08003,				0.68333
317,		35.00,		37.99,		41.00,				1.07912,				0.68333
318,		35.00,		37.96,		41.00,				1.08008,				0.68333
319,		31.00,		38.00,		41.00,				1.07906,				0.68333
320,		31.00,		37.95,		41.00,				1.08037,				0.68333
321,		31.00,		37.99,		41.00,				1.07929,				0.68333
322,		35.00,		37.98,		41.00,				1.07952,				0.68333
323,		35.00,		38.02,		41.00,				1.07844,				0.68333
324,		35.00,		38.00,		41.00,				1.07895,				0.68333
325,		35.00,		37.98,		41.00,				1.07946,				0.68333
326,		31.00,		37.98,		41.00,				1.07946,				0.68333
327,		31.00,		37.97,		39.00,				1.02713,				0.65000
328,		31.00,		37.99,		41.00,				1.07923,				0.68333
329,		31.00,		37.98,		41.00,				1.07940,				0.68333
330,		31.00,		37.99,		41.00,				1.07923,				0.68333
331,		31.00,		37.97,		41.00,				1.07974,				0.68333
332,		31.00,		37.97,		41.00,				1.07974,				0.68333
333,		31.00,		37.95,		41.00,				1.08048,				0.68333
334,		31.00,		38.00,		41.00,				1.07906,				0.68333
335,		31.00,		38.02,		44.00,				1.15722,				0.73333
336,		31.00,		37.99,		41.00,				1.07935,				0.68333
337,		31.00,		37.97,		40.00,				1.05335,				0.66667
338,		31.00,		37.97,		41.00,				1.07974,				0.68333
339,		31.00,		38.01,		41.00,				1.07878,				0.68333
340,		35.00,		37.99,		41.00,				1.07935,				0.68333
341,		31.00,		37.97,		41.00,				1.07986,				0.68333
342,		31.00,		37.98,		42.00,				1.10590,				0.70000
343,		31.00,		37.94,		42.00,				1.10701,				0.70000
344,		31.00,		37.98,		42.00,				1.10579,				0.70000
345,		31.00,		37.96,		42.00,				1.10654,				0.70000
346,		31.00,		37.99,		41.00,				1.07935,				0.68333
347,		31.00,		38.00,		41.00,				1.07906,				0.68333
348,		36.00,		38.03,		41.00,				1.07804,				0.68333
349,		36.00,		38.04,		41.00,				1.07781,				0.68333
350,		31.00,		37.99,		41.00,				1.07929,				0.68333
351,		31.00,		37.98,		41.00,				1.07946,				0.68333
352,		35.00,		38.02,		41.00,				1.07838,				0.68333
353,		35.00,		38.02,		41.00,				1.07849,				0.68333
354,		31.00,		38.00,		41.00,				1.07883,				0.68333
355,		31.00,		37.99,		41.00,				1.07929,				0.68333
356,		31.00,		38.01,		41.00,				1.07878,				0.68333
357,		31.00,		38.00,		41.00,				1.07900,				0.68333
358,		31.00,		37.98,		41.00,				1.07957,				0.68333
359,		35.00,		38.01,		41.00,				1.07861,				0.68333
360,		35.00,		38.03,		42.00,				1.10445,				0.70000
361,		35.00,		38.01,		41.00,				1.07861,				0.68333
362,		31.00,		38.00,		41.00,				1.07900,				0.68333
363,		31.00,		38.51,		42.00,				1.09068,				0.70000
364,		32.00,		38.25,		42.00,				1.09804,				0.70000
365,		36.00,		38.14,		41.00,				1.07493,				0.68333
366,		36.00,		38.59,		42.00,				1.08848,				0.70000
367,		32.00,		38.27,		41.00,				1.07122,				0.68333
368,		31.00,		38.64,		41.00,				1.06102,				0.68333
369,		32.00,		38.82,		42.00,				1.08186,				0.70000
370,		31.00,		38.61,		42.00,				1.08774,				0.70000
371,		31.00,		38.82,		42.00,				1.08186,				0.70000
372,		28.00,		38.37,		42.00,				1.09466,				0.70000
373,		31.00,		38.36,		42.00,				1.09489,				0.70000
374,		35.00,		38.20,		41.00,				1.07319,				0.68333
375,		36.00,		38.58,		42.00,				1.08876,				0.70000
376,		36.00,		38.81,		42.00,				1.08231,				0.70000
377,		35.00,		38.40,		42.00,				1.09381,				0.70000
378,		35.00,		38.70,		42.00,				1.08522,				0.70000
379,		32.00,		38.80,		42.00,				1.08247,				0.70000
380,		35.00,		38.92,		42.00,				1.07903,				0.70000
381,		32.00,		38.45,		42.00,				1.09238,				0.70000
382,		36.00,		38.27,		42.00,				1.09758,				0.70000
383,		33.00,		39.10,		43.00,				1.09969,				0.71667
384,		33.00,		39.30,		43.00,				1.09404,				0.71667
385,		31.00,		39.13,		43.00,				1.09896,				0.71667
386,		31.00,		39.62,		43.00,				1.08542,				0.71667
387,		31.00,		39.86,		43.00,				1.07878,				0.71667
388,		33.00,		39.91,		43.00,				1.07748,				0.71667
389,		33.00,		39.95,		44.00,				1.10149,				0.73333
390,		33.00,		39.98,		43.00,				1.07559,				0.71667
391,		33.00,		39.96,		43.00,				1.07618,				0.71667
392,		33.00,		39.97,		43.00,				1.07581,				0.71667
393,		38.00,		39.98,		43.00,				1.07554,				0.71667
394,		37.00,		39.99,		43.00,				1.07532,				0.71667
395,		34.00,		40.19,		43.00,				1.06981,				0.71667
396,		37.00,		40.10,		43.00,				1.07232,				0.71667
397,		34.00,		40.55,		44.00,				1.08519,				0.73333
398,		34.00,		40.23,		43.00,				1.06885,				0.71667
399,		33.00,		40.17,		43.00,				1.07050,				0.71667
400,		33.00,		40.05,		44.00,				1.09852,				0.73333
401,		33.00,		40.14,		43.00,				1.07120,				0.71667
402,		33.00,		40.57,		44.00,				1.08465,				0.73333
403,		34.00,		40.65,		44.00,				1.08252,				0.73333
404,		38.00,		40.80,		42.00,				1.02951,				0.70000
405,		34.00,		40.87,		44.00,				1.07653,				0.73333
406,		33.00,		40.72,		42.00,				1.03133,				0.70000
407,		38.00,		40.87,		44.00,				1.07653,				0.73333
408,		38.00,		40.92,		44.00,				1.07516,				0.73333
409,		38.00,		40.97,		44.00,				1.07396,				0.73333
410,		34.00,		40.99,		44.00,				1.07333,				0.73333
411,		33.00,		40.96,		44.00,				1.07417,				0.73333
412,		34.00,		40.97,		44.00,				1.07406,				0.73333
413,		34.00,		41.46,		45.00,				1.08528,				0.75000
414,		34.00,		41.23,		45.00,				1.09139,				0.75000
415,		34.00,		41.09,		45.00,				1.09516,				0.75000
416,		34.00,		41.05,		44.00,				1.07197,				0.73333
417,		34.00,		41.01,		44.00,				1.07301,				0.73333
418,		38.00,		41.03,		44.00,				1.07244,				0.73333
419,		34.00,		40.99,		44.00,				1.07354,				0.73333
420,		34.00,		41.01,		44.00,				1.07286,				0.73333
421,		34.00,		40.97,		42.00,				1.02519,				0.70000
422,		34.00,		41.00,		44.00,				1.07328,				0.73333
423,		34.00,		40.99,		44.00,				1.07348,				0.73333
424,		27.00,		41.47,		45.00,				1.08507,				0.75000
425,		34.00,		41.70,		45.00,				1.07903,				0.75000
426,		32.00,		40.36,		45.00,				1.11491,				0.75000
427,		30.00,		40.55,		44.00,				1.08508,				0.73333
428,		36.00,		39.31,		42.00,				1.06854,				0.70000
429,		36.00,		40.16,		44.00,				1.09567,				0.73333
430,		38.00,		40.64,		44.00,				1.08257,				0.73333
431,		37.00,		40.83,		44.00,				1.07759,				0.73333
432,		34.00,		40.92,		45.00,				1.09976,				0.75000
433,		33.00,		40.46,		43.00,				1.06273,				0.71667
434,		33.00,		40.23,		43.00,				1.06885,				0.71667
435,		33.00,		40.11,		43.00,				1.07200,				0.71667
436,		33.00,		40.01,		41.00,				1.02480,				0.68333
437,		33.00,		40.01,		43.00,				1.07484,				0.71667
438,		37.00,		40.02,		43.00,				1.07441,				0.71667
439,		37.00,		40.01,		43.00,				1.07468,				0.71667
440,		34.00,		39.98,		41.00,				1.02556,				0.68333
441,		33.00,		40.00,		43.00,				1.07500,				0.71667
442,		33.00,		40.00,		43.00,				1.07505,				0.71667
443,		35.00,		40.00,		43.00,				1.07495,				0.71667
444,		33.00,		39.99,		43.00,				1.07532,				0.71667
445,		33.00,		39.95,		43.00,				1.07645,				0.71667
446,		37.00,		39.96,		43.00,				1.07597,				0.71667
447,		35.00,		40.03,		43.00,				1.07414,				0.71667
448,		33.00,		39.99,		43.00,				1.07527,				0.71667
449,		35.00,		39.99,		43.00,				1.07516,				0.71667
450,		35.00,		39.97,		43.00,				1.07591,				0.71667
451,		36.00,		40.51,		44.00,				1.08610,				0.73333
452,		35.00,		40.26,		43.00,				1.06795,				0.71667
453,		35.00,		39.41,		43.00,				1.09098,				0.71667
454,		35.00,		39.67,		43.00,				1.08400,				0.71667
455,		35.00,		39.83,		43.00,				1.07970,				0.71667
456,		37.00,		39.92,		43.00,				1.07715,				0.71667
457,		33.00,		39.94,		43.00,				1.07651,				0.71667
458,		33.00,		39.91,		43.00,				1.07732,				0.71667
459,		33.00,		39.91,		41.00,				1.02741,				0.68333
460,		33.00,		39.96,		43.00,				1.07613,				0.71667
461,		33.00,		39.98,		43.00,				1.07554,				0.71667
462,		33.00,		39.97,		43.00,				1.07586,				0.71667
463,		33.00,		39.92,		41.00,				1.02700,				0.68333
464,		33.00,		39.96,		43.00,				1.07597,				0.71667
465,		33.00,		39.97,		43.00,				1.07575,				0.71667
466,		35.00,		39.98,		43.00,				1.07543,				0.71667
467,		35.00,		39.99,		43.00,				1.07516,				0.71667
468,		35.00,		39.99,		43.00,				1.07516,				0.71667
469,		33.00,		39.96,		43.00,				1.07613,				0.71667
470,		33.00,		39.94,		43.00,				1.07661,				0.71667
471,		33.00,		39.88,		45.00,				1.12844,				0.75000
472,		33.00,		39.95,		45.00,				1.12630,				0.75000
473,		35.00,		40.00,		45.00,				1.12500,				0.75000
474,		33.00,		39.98,		45.00,				1.12545,				0.75000
475,		33.00,		39.96,		43.00,				1.07613,				0.71667
476,		33.00,		39.97,		43.00,				1.07570,				0.71667
477,		33.00,		39.99,		43.00,				1.07538,				0.71667
478,		33.00,		39.98,		43.00,				1.07554,				0.71667
479,		37.00,		39.98,		43.00,				1.07548,				0.71667
480,		35.00,		39.97,		43.00,				1.07581,				0.71667
481,		35.00,		39.98,		43.00,				1.07548,				0.71667
482,		35.00,		39.96,		43.00,				1.07597,				0.71667
483,		37.00,		39.99,		43.00,				1.07532,				0.71667
484,		37.00,		39.65,		43.00,				1.08460,				0.71667
485,		35.00,		39.89,		43.00,				1.07796,				0.71667
486,		33.00,		39.90,		43.00,				1.07759,				0.71667
487,		35.00,		39.93,		43.00,				1.07694,				0.71667
488,		35.00,		39.94,		43.00,				1.07651,				0.71667
489,		33.00,		39.96,		43.00,				1.07608,				0.71667
490,		35.00,		39.97,		41.00,				1.02587,				0.68333
491,		32.00,		39.97,		43.00,				1.07581,				0.71667
492,		37.00,		40.00,		43.00,				1.07511,				0.71667
493,		37.00,		40.00,		43.00,				1.07495,				0.71667
494,		35.00,		39.99,		43.00,				1.07532,				0.71667
495,		33.00,		39.99,		43.00,				1.07522,				0.71667
496,		33.00,		39.97,		43.00,				1.07570,				0.71667
497,		33.00,		39.51,		43.00,				1.08833,				0.71667
498,		33.00,		39.73,		43.00,				1.08241,				0.71667
499,		32.00,		39.67,		43.00,				1.08400,				0.71667
500,		32.00,		39.82,		43.00,				1.07991,				0.71667
501,		33.00,		39.93,		43.00,				1.07683,				0.71667
502,		35.00,		39.99,		43.00,				1.07516,				0.71667
503,		33.00,		39.98,		43.00,				1.07554,				0.71667
504,		33.00,		40.00,		43.00,				1.07500,				0.71667
505,		37.00,		40.01,		43.00,				1.07462,				0.71667
506,		37.00,		40.00,		43.00,				1.07500,				0.71667
507,		38.00,		40.00,		42.00,				1.05011,				0.70000
508,		37.00,		40.00,		43.00,				1.07500,				0.71667
509,		33.00,		40.15,		44.00,				1.09589,				0.73333
510,		37.00,		40.08,		44.00,				1.09780,				0.73333
511,		35.00,		40.01,		44.00,				1.09962,				0.73333
512,		33.00,		40.04,		43.00,				1.07387,				0.71667
513,		33.00,		40.28,		44.00,				1.09246,				0.73333
514,		34.00,		40.52,		44.00,				1.08599,				0.73333
515,		33.00,		40.22,		44.00,				1.09398,				0.73333
516,		33.00,		40.25,		44.00,				1.09306,				0.73333
517,		33.00,		40.48,		44.00,				1.08685,				0.73333
518,		33.00,		40.75,		43.00,				1.05532,				0.71667
519,		34.00,		40.69,		44.00,				1.08124,				0.73333
520,		33.00,		40.85,		44.00,				1.07722,				0.73333
521,		34.00,		40.92,		44.00,				1.07537,				0.73333
522,		34.00,		40.92,		44.00,				1.07516,				0.73333
523,		34.00,		40.81,		44.00,				1.07822,				0.73333
524,		34.00,		40.89,		44.00,				1.07601,				0.73333
525,		36.00,		40.96,		44.00,				1.07432,				0.73333
526,		36.00,		40.96,		44.00,				1.07417,				0.73333
527,		33.00,		40.96,		44.00,				1.07432,				0.73333
528,		33.00,		40.98,		44.00,				1.07375,				0.73333
529,		33.00,		40.96,		44.00,				1.07427,				0.73333
530,		36.00,		40.97,		42.00,				1.02509,				0.70000
531,		38.00,		40.98,		44.00,				1.07364,				0.73333
532,		39.00,		40.99,		44.00,				1.07338,				0.73333
533,		36.00,		40.50,		44.00,				1.08642,				0.73333
534,		34.00,		40.74,		44.00,				1.08002,				0.73333
535,		34.00,		40.85,		43.00,				1.05253,				0.71667
536,		34.00,		39.89,		43.00,				1.07796,				0.71667
537,		34.00,		40.45,		43.00,				1.06309,				0.71667
538,		32.00,		40.71,		43.00,				1.05620,				0.71667
539,		32.00,		40.80,		42.00,				1.02936,				0.70000
540,		36.00,		40.89,		42.00,				1.02720,				0.70000
541,		38.00,		40.98,		44.00,				1.07369,				0.73333
542,		34.00,		40.98,		44.00,				1.07380,				0.73333
543,		36.00,		40.97,		43.00,				1.04955,				0.71667
544,		34.00,		40.96,		44.00,				1.07422,				0.73333
545,		34.00,		40.95,		43.00,				1.05001,				0.71667
546,		34.00,		40.96,		44.00,				1.07427,				0.73333
547,		36.00,		40.96,		43.00,				1.04991,				0.71667
548,		34.00,		40.95,		43.00,				1.04996,				0.71667
549,		34.00,		40.87,		44.00,				1.07653,				0.73333
550,		34.00,		40.91,		44.00,				1.07553,				0.73333
551,		33.00,		40.43,		44.00,				1.08825,				0.73333
552,		33.00,		41.19,		44.00,				1.06832,				0.73333
553,		33.00,		41.06,		43.00,				1.04720,				0.71667
554,		34.00,		41.54,		45.00,				1.08340,				0.75000
555,		34.00,		41.74,		44.00,				1.05414,				0.73333
556,		35.00,		41.89,		44.00,				1.05047,				0.73333
557,		38.00,		41.47,		45.00,				1.08512,				0.75000
558,		35.00,		41.19,		44.00,				1.06827,				0.73333
559,		34.00,		41.07,		44.00,				1.07124,				0.73333
560,		33.00,		40.50,		43.00,				1.06178,				0.71667
561,		34.00,		40.60,		44.00,				1.08364,				0.73333
562,		33.00,		40.26,		44.00,				1.09300,				0.73333
563,		33.00,		40.13,		44.00,				1.09633,				0.73333
564,		33.00,		40.06,		44.00,				1.09846,				0.73333
565,		33.00,		40.00,		43.00,				1.07500,				0.71667
566,		33.00,		40.01,		43.00,				1.07473,				0.71667
567,		33.00,		39.97,		43.00,				1.07591,				0.71667
568,		33.00,		39.96,		43.00,				1.07618,				0.71667
569,		33.00,		39.98,		43.00,				1.07565,				0.71667
570,		37.00,		40.00,		43.00,				1.07495,				0.71667
571,		33.00,		39.96,		43.00,				1.07613,				0.71667
572,		33.00,		39.94,		43.00,				1.07667,				0.71667
573,		33.00,		39.92,		42.00,				1.05210,				0.70000
574,		37.00,		39.95,		42.00,				1.05126,				0.70000
575,		33.00,		39.93,		43.00,				1.07678,				0.71667
576,		33.00,		39.98,		43.00,				1.07565,				0.71667
577,		33.00,		39.96,		43.00,				1.07597,				0.71667
578,		37.00,		39.99,		43.00,				1.07516,				0.71667
579,		33.00,		39.98,		43.00,				1.07565,				0.71667
580,		33.00,		39.97,		43.00,				1.07586,				0.71667
581,		33.00,		39.96,		44.00,				1.10116,				0.73333
582,		33.00,		39.98,		43.00,				1.07559,				0.71667
583,		33.00,		39.98,		43.00,				1.07559,				0.71667
584,		33.00,		39.98,		43.00,				1.07559,				0.71667
585,		37.00,		40.00,		43.00,				1.07511,				0.71667
586,		33.00,		39.97,		43.00,				1.07591,				0.71667
587,		37.00,		39.97,		43.00,				1.07575,				0.71667
588,		33.00,		39.94,		42.00,				1.05163,				0.70000
589,		33.00,		39.98,		43.00,				1.07565,				0.71667
590,		37.00,		40.00,		43.00,				1.07505,				0.71667
591,		33.00,		39.98,		42.00,				1.05053,				0.70000
592,		33.00,		39.98,		42.00,				1.05058,				0.70000
593,		37.00,		40.01,		43.00,				1.07484,				0.71667
594,		33.00,		39.98,		43.00,				1.07559,				0.71667
595,		33.00,		39.95,		42.00,				1.05121,				0.70000
596,		33.00,		39.98,		43.00,				1.07565,				0.71667
597,		33.00,		39.98,		43.00,				1.07548,				0.71667
598,		33.00,		39.98,		43.00,				1.07559,				0.71667
599,		33.00,		39.98,		43.00,				1.07543,				0.71667
600,		37.00,		40.01,		43.00,				1.07468,				0.71667
601,		33.00,		39.98,		43.00,				1.07543,				0.71667
602,		33.00,		39.98,		43.00,				1.07559,				0.71667
603,		33.00,		39.94,		42.00,				1.05168,				0.70000
604,		33.00,		39.93,		42.00,				1.05184,				0.70000
605,		33.00,		39.91,		42.00,				1.05232,				0.70000
606,		33.00,		39.89,		43.00,				1.07791,				0.71667
607,		33.00,		39.94,		43.00,				1.07661,				0.71667
608,		33.00,		39.94,		43.00,				1.07672,				0.71667
609,		33.00,		39.98,		43.00,				1.07554,				0.71667
610,		37.00,		39.97,		43.00,				1.07581,				0.71667
611,		37.00,		39.97,		43.00,				1.07586,				0.71667
612,		37.00,		39.96,		43.00,				1.07597,				0.71667
613,		33.00,		39.98,		43.00,				1.07565,				0.71667
614,		33.00,		40.78,		45.00,				1.10343,				0.75000
615,		35.00,		40.45,		43.00,				1.06315,				0.71667
616,		35.00,		40.25,		43.00,				1.06838,				0.71667
617,		33.00,		40.10,		43.00,				1.07232,				0.71667
618,		35.00,		41.01,		43.00,				1.04852,				0.71667
619,		35.00,		41.42,		43.00,				1.03815,				0.71667
620,		35.00,		41.67,		45.00,				1.07997,				0.75000
621,		35.00,		41.83,		43.00,				1.02802,				0.71667
622,		35.00,		41.91,		45.00,				1.07363,				0.75000
623,		39.00,		41.96,		43.00,				1.02488,				0.71667
624,		35.00,		41.92,		43.00,				1.02576,				0.71667
625,		32.00,		40.44,		48.00,				1.18683,				0.80000
626,		31.00,		41.19,		45.00,				1.09260,				0.75000
627,		35.00,		41.66,		45.00,				1.08028,				0.75000
628,		37.00,		41.81,		45.00,				1.07625,				0.75000
629,		35.00,		41.83,		45.00,				1.07589,				0.75000
630,		34.00,		40.68,		45.00,				1.10614,				0.75000
631,		35.00,		41.32,		45.00,				1.08917,				0.75000
632,		34.00,		39.18,		43.00,				1.09739,				0.71667
633,		30.00,		38.16,		46.00,				1.20532,				0.76667
634,		30.00,		40.10,		45.00,				1.12225,				0.75000
635,		30.00,		38.68,		43.00,				1.11163,				0.71667
636,		36.00,		38.77,		43.00,				1.10910,				0.71667
637,		32.00,		38.83,		43.00,				1.10733,				0.71667
638,		35.00,		40.37,		43.00,				1.06504,				0.71667
639,		32.00,		39.72,		45.00,				1.13293,				0.75000
640,		35.00,		40.79,		43.00,				1.05408,				0.71667
641,		35.00,		40.71,		45.00,				1.10527,				0.75000
642,		35.00,		41.72,		45.00,				1.07872,				0.75000
643,		32.00,		41.24,		48.00,				1.16403,				0.80000
644,		33.00,		41.65,		49.00,				1.17636,				0.81667
645,		32.00,		40.31,		48.00,				1.19089,				0.80000
646,		33.00,		41.48,		49.00,				1.18124,				0.81667
647,		35.00,		41.83,		48.00,				1.14750,				0.80000
648,		32.00,		42.42,		48.00,				1.13160,				0.80000
649,		34.00,		42.58,		49.00,				1.15078,				0.81667
650,		34.00,		42.75,		49.00,				1.14615,				0.81667
651,		34.00,		42.88,		49.00,				1.14272,				0.81667
652,		34.00,		42.90,		46.00,				1.07216,				0.76667
653,		34.00,		42.92,		46.00,				1.07171,				0.76667
654,		34.00,		42.96,		46.00,				1.07081,				0.76667
655,		36.00,		42.94,		46.00,				1.07126,				0.76667
656,		40.00,		43.00,		46.00,				1.06972,				0.76667
657,		32.00,		42.95,		46.00,				1.07101,				0.76667
658,		32.00,		42.94,		46.00,				1.07126,				0.76667
659,		36.00,		42.98,		46.00,				1.07027,				0.76667
660,		36.00,		42.98,		46.00,				1.07017,				0.76667
661,		34.00,		42.96,		46.00,				1.07071,				0.76667
662,		34.00,		42.97,		46.00,				1.07041,				0.76667
663,		34.00,		42.97,		46.00,				1.07046,				0.76667
664,		34.00,		42.98,		46.00,				1.07036,				0.76667
665,		34.00,		42.95,		46.00,				1.07091,				0.76667
666,		36.00,		43.00,		46.00,				1.06987,				0.76667
667,		36.00,		42.97,		46.00,				1.07046,				0.76667
668,		34.00,		42.94,		46.00,				1.07116,				0.76667
669,		36.00,		43.00,		46.00,				1.06987,				0.76667
670,		36.00,		43.00,		46.00,				1.06987,				0.76667
671,		35.00,		43.01,		46.00,				1.06947,				0.76667
672,		34.00,		42.97,		46.00,				1.07051,				0.76667
673,		34.00,		42.96,		46.00,				1.07071,				0.76667
674,		40.00,		43.02,		46.00,				1.06922,				0.76667
675,		40.00,		42.97,		46.00,				1.07051,				0.76667
676,		40.00,		42.96,		46.00,				1.07076,				0.76667
677,		36.00,		42.96,		46.00,				1.07086,				0.76667
678,		34.00,		42.90,		46.00,				1.07221,				0.76667
679,		34.00,		42.92,		46.00,				1.07171,				0.76667
680,		36.00,		42.94,		46.00,				1.07136,				0.76667
681,		36.00,		42.97,		44.00,				1.02407,				0.73333
682,		34.00,		42.94,		46.00,				1.07126,				0.76667
683,		34.00,		42.94,		46.00,				1.07121,				0.76667
684,		34.00,		42.95,		46.00,				1.07096,				0.76667
685,		36.00,		42.95,		46.00,				1.07111,				0.76667
686,		36.00,		42.95,		46.00,				1.07101,				0.76667
687,		40.00,		43.47,		46.00,				1.05830,				0.76667
688,		40.00,		43.24,		46.00,				1.06388,				0.76667
689,		34.00,		43.29,		46.00,				1.06265,				0.76667
690,		36.00,		43.65,		47.00,				1.07680,				0.78333
691,		35.00,		43.72,		47.00,				1.07497,				0.78333
692,		35.00,		43.85,		45.00,				1.02627,				0.75000
693,		35.00,		43.91,		47.00,				1.07037,				0.78333
694,		35.00,		43.97,		47.00,				1.06896,				0.78333
695,		35.00,		43.59,		47.00,				1.07823,				0.78333
696,		35.00,		43.72,		47.00,				1.07497,				0.78333
697,		37.00,		43.87,		47.00,				1.07144,				0.78333
698,		35.00,		43.86,		46.00,				1.04889,				0.76667
699,		37.00,		43.93,		45.00,				1.02445,				0.75000
700,		35.00,		43.89,		45.00,				1.02538,				0.75000
701,		35.00,		43.91,		47.00,				1.07027,				0.78333
702,		35.00,		43.89,		47.00,				1.07086,				0.78333
703,		35.00,		43.92,		47.00,				1.07003,				0.78333
704,		41.00,		44.00,		47.00,				1.06828,				0.78333
705,		41.00,		44.01,		47.00,				1.06784,				0.78333
706,		35.00,		44.01,		47.00,				1.06789,				0.78333
707,		35.00,		43.95,		47.00,				1.06945,				0.78333
708,		35.00,		43.98,		47.00,				1.06867,				0.78333
709,		41.00,		43.98,		45.00,				1.02319,				0.75000
710,		35.00,		43.96,		45.00,				1.02361,				0.75000
711,		35.00,		43.92,		47.00,				1.07013,				0.78333
712,		35.00,		43.92,		47.00,				1.07013,				0.78333
713,		35.00,		43.93,		47.00,				1.06998,				0.78333
714,		35.00,		43.91,		47.00,				1.07032,				0.78333
715,		35.00,		43.92,		47.00,				1.07022,				0.78333
716,		37.00,		43.97,		47.00,				1.06891,				0.78333
717,		35.00,		43.98,		47.00,				1.06862,				0.78333
718,		35.00,		43.98,		45.00,				1.02310,				0.75000
719,		35.00,		43.95,		47.00,				1.06935,				0.78333
720,		35.00,		43.98,		45.00,				1.02329,				0.75000
721,		35.00,		43.97,		47.00,				1.06901,				0.78333
722,		35.00,		43.98,		47.00,				1.06857,				0.78333
723,		41.00,		43.98,		45.00,				1.02315,				0.75000
724,		35.00,		43.96,		45.00,				1.02370,				0.75000
725,		36.00,		43.44,		45.00,				1.03591,				0.75000
726,		35.00,		43.60,		47.00,				1.07803,				0.78333
727,		34.00,		43.25,		47.00,				1.08681,				0.78333
728,		34.00,		43.09,		47.00,				1.09084,				0.78333
729,		35.00,		43.05,		48.00,				1.11503,				0.80000
730,		34.00,		43.01,		48.00,				1.11612,				0.80000
731,		34.00,		42.97,		45.00,				1.04734,				0.75000
732,		34.00,		42.98,		46.00,				1.07036,				0.76667
733,		34.00,		43.47,		49.00,				1.12727,				0.81667
734,		40.00,		43.27,		48.00,				1.10921,				0.80000
735,		34.00,		43.44,		47.00,				1.08200,				0.78333
736,		34.00,		43.20,		48.00,				1.11121,				0.80000
737,		34.00,		43.40,		49.00,				1.12908,				0.81667
738,		34.00,		43.21,		46.00,				1.06452,				0.76667
739,		39.00,		43.59,		46.00,				1.05519,				0.76667
740,		34.00,		42.78,		47.00,				1.09854,				0.78333
741,		34.00,		42.86,		47.00,				1.09670,				0.78333
742,		34.00,		42.87,		45.00,				1.04978,				0.75000
743,		34.00,		42.93,		45.00,				1.04832,				0.75000
744,		35.00,		42.52,		48.00,				1.12899,				0.80000
745,		34.00,		42.77,		48.00,				1.12233,				0.80000
746,		32.00,		42.39,		47.00,				1.10870,				0.78333
747,		32.00,		42.95,		47.00,				1.09435,				0.78333
748,		32.00,		42.43,		45.00,				1.06057,				0.75000
749,		32.00,		42.31,		44.00,				1.04004,				0.73333
750,		34.00,		43.15,		49.00,				1.13568,				0.81667
751,		35.00,		42.65,		49.00,				1.14899,				0.81667
752,		35.00,		42.99,		49.00,				1.13991,				0.81667
753,		34.00,		42.97,		49.00,				1.14028,				0.81667
754,		34.00,		42.94,		49.00,				1.14107,				0.81667
755,		34.00,		42.96,		49.00,				1.14070,				0.81667
756,		34.00,		42.98,		46.00,				1.07032,				0.76667
757,		34.00,		42.91,		46.00,				1.07211,				0.76667
758,		34.00,		42.99,		45.00,				1.04666,				0.75000
759,		34.00,		42.94,		46.00,				1.07126,				0.76667
760,		34.00,		42.94,		46.00,				1.07116,				0.76667
761,		34.00,		42.97,		48.00,				1.11701,				0.80000
762,		36.00,		42.98,		46.00,				1.07017,				0.76667
763,		34.00,		42.90,		46.00,				1.07221,				0.76667
764,		34.00,		42.95,		48.00,				1.11763,				0.80000
765,		34.00,		42.98,		48.00,				1.11675,				0.80000
766,		34.00,		42.98,		48.00,				1.11685,				0.80000
767,		34.00,		42.96,		48.00,				1.11721,				0.80000
768,		34.00,		43.00,		48.00,				1.11638,				0.80000
769,		34.00,		42.91,		48.00,				1.11872,				0.80000
770,		34.00,		42.93,		45.00,				1.04812,				0.75000
771,		40.00,		42.97,		46.00,				1.07046,				0.76667
772,		36.00,		42.95,		44.00,				1.02435,				0.73333
773,		34.00,		42.97,		46.00,				1.07041,				0.76667
774,		34.00,		42.95,		44.00,				1.02449,				0.73333
775,		34.00,		42.97,		48.00,				1.11711,				0.80000
776,		34.00,		42.96,		48.00,				1.11727,				0.80000
777,		36.00,		43.01,		48.00,				1.11597,				0.80000
778,		34.00,		42.94,		45.00,				1.04797,				0.75000
779,		34.00,		42.93,		45.00,				1.04817,				0.75000
780,		34.00,		42.92,		48.00,				1.11831,				0.80000
781,		41.00,		43.01,		48.00,				1.11612,				0.80000
782,		36.00,		42.96,		48.00,				1.11727,				0.80000
783,		36.00,		42.96,		46.00,				1.07076,				0.76667
784,		34.00,		42.97,		46.00,				1.07061,				0.76667
785,		36.00,		42.97,		46.00,				1.07046,				0.76667
786,		34.00,		42.97,		46.00,				1.07046,				0.76667
787,		36.00,		42.96,		45.00,				1.04749,				0.75000
788,		36.00,		43.00,		48.00,				1.11623,				0.80000
789,		36.00,		43.01,		48.00,				1.11597,				0.80000
790,		34.00,		42.98,		48.00,				1.11680,				0.80000
791,		41.00,		43.01,		48.00,				1.11597,				0.80000
792,		34.00,		42.97,		48.00,				1.11706,				0.80000
793,		34.00,		42.96,		48.00,				1.11721,				0.80000
794,		40.00,		42.98,		46.00,				1.07022,				0.76667
795,		34.00,		42.94,		44.00,				1.02464,				0.73333
796,		36.00,		42.97,		48.00,				1.11716,				0.80000
797,		34.00,		42.96,		48.00,				1.11721,				0.80000
798,		42.00,		43.00,		44.00,				1.02330,				0.73333
799,		40.00,		42.99,		45.00,				1.04671,				0.75000
800,		34.00,		42.97,		45.00,				1.04719,				0.75000
801,		34.00,		42.94,		44.00,				1.02473,				0.73333
802,		36.00,		42.98,		48.00,				1.11680,				0.80000
803,		36.00,		42.97,		45.00,				1.04734,				0.75000
804,		34.00,		42.95,		44.00,				1.02445,				0.73333
805,		34.00,		42.98,		48.00,				1.11685,				0.80000
806,		33.00,		42.94,		45.00,				1.04807,				0.75000
807,		34.00,		42.95,		48.00,				1.11753,				0.80000
808,		34.00,		42.94,		48.00,				1.11794,				0.80000
809,		34.00,		42.90,		45.00,				1.04905,				0.75000
810,		27.00,		42.94,		48.00,				1.11794,				0.80000
811,		40.00,		43.00,		44.00,				1.02326,				0.73333
812,		41.00,		43.00,		48.00,				1.11628,				0.80000
813,		34.00,		42.94,		44.00,				1.02469,				0.73333
814,		34.00,		42.95,		48.00,				1.11758,				0.80000
815,		34.00,		42.93,		48.00,				1.11820,				0.80000
816,		34.00,		42.89,		48.00,				1.11914,				0.80000
817,		36.00,		42.98,		45.00,				1.04710,				0.75000
818,		34.00,		42.92,		44.00,				1.02516,				0.73333
819,		34.00,		42.93,		48.00,				1.11800,				0.80000
820,		34.00,		42.95,		45.00,				1.04778,				0.75000
821,		34.00,		42.99,		48.00,				1.11664,				0.80000
822,		34.00,		42.97,		48.00,				1.11701,				0.80000
823,		34.00,		42.99,		48.00,				1.11654,				0.80000
824,		32.00,		42.38,		48.00,				1.13266,				0.80000
825,		32.00,		42.21,		45.00,				1.06610,				0.75000
826,		33.00,		42.03,		45.00,				1.07061,				0.75000
827,		35.00,		41.52,		47.00,				1.13198,				0.78333
828,		33.00,		41.70,		44.00,				1.05511,				0.73333
829,		32.00,		41.53,		46.00,				1.10753,				0.76667
830,		33.00,		41.73,		44.00,				1.05440,				0.73333
831,		33.00,		41.84,		45.00,				1.07542,				0.75000
832,		38.00,		41.45,		44.00,				1.06162,				0.73333
833,		37.00,		41.72,		45.00,				1.07857,				0.75000
834,		33.00,		41.83,		45.00,				1.07568,				0.75000
835,		37.00,		41.82,		45.00,				1.07609,				0.75000
836,		37.00,		41.90,		45.00,				1.07409,				0.75000
837,		35.00,		41.92,		45.00,				1.07358,				0.75000
838,		35.00,		41.98,		45.00,				1.07204,				0.75000
839,		33.00,		41.91,		44.00,				1.04987,				0.73333
840,		35.00,		41.92,		45.00,				1.07342,				0.75000
841,		33.00,		41.95,		45.00,				1.07271,				0.75000
842,		33.00,		41.92,		45.00,				1.07337,				0.75000
843,		33.00,		41.91,		45.00,				1.07363,				0.75000
844,		33.00,		41.37,		44.00,				1.06352,				0.73333
845,		33.00,		41.65,		44.00,				1.05632,				0.73333
846,		35.00,		41.30,		43.00,				1.04126,				0.71667
847,		34.00,		41.14,		46.00,				1.11824,				0.76667
848,		39.00,		41.17,		46.00,				1.11726,				0.76667
849,		34.00,		41.06,		46.00,				1.12037,				0.76667
850,		34.00,		41.03,		46.00,				1.12124,				0.76667
851,		39.00,		41.05,		46.00,				1.12058,				0.76667
852,		36.00,		41.00,		43.00,				1.04873,				0.71667
853,		34.00,		41.00,		46.00,				1.12201,				0.76667
854,		36.00,		40.97,		46.00,				1.12266,				0.76667
855,		34.00,		40.96,		46.00,				1.12316,				0.76667
856,		36.00,		40.95,		43.00,				1.04996,				0.71667
857,		36.00,		41.00,		46.00,				1.12201,				0.76667
858,		38.00,		41.04,		46.00,				1.12091,				0.76667
859,		34.00,		41.05,		47.00,				1.14506,				0.78333
860,		38.00,		41.02,		46.00,				1.12129,				0.76667
861,		36.00,		41.00,		46.00,				1.12195,				0.76667
862,		32.00,		40.98,		43.00,				1.04934,				0.71667
863,		30.00,		40.48,		45.00,				1.11172,				0.75000
864,		30.00,		40.64,		45.00,				1.10723,				0.75000
865,		31.00,		40.82,		46.00,				1.12695,				0.76667
866,		32.00,		40.86,		43.00,				1.05248,				0.71667
867,		32.00,		40.92,		43.00,				1.05093,				0.71667
868,		32.00,		40.95,		43.00,				1.05016,				0.71667
869,		32.00,		40.92,		46.00,				1.12403,				0.76667
870,		32.00,		40.94,		46.00,				1.12360,				0.76667
871,		32.00,		40.96,		46.00,				1.12299,				0.76667
872,		38.00,		40.99,		46.00,				1.12228,				0.76667
873,		36.00,		40.97,		46.00,				1.12266,				0.76667
874,		32.00,		40.99,		46.00,				1.12212,				0.76667
875,		39.00,		41.04,		46.00,				1.12097,				0.76667
876,		38.00,		42.00,		48.00,				1.14275,				0.80000
877,		34.00,		42.39,		48.00,				1.13224,				0.80000
878,		38.00,		42.72,		48.00,				1.12365,				0.80000
879,		36.00,		42.85,		48.00,				1.12013,				0.80000
880,		36.00,		43.32,		50.00,				1.15415,				0.83333
881,		40.00,		44.18,		48.00,				1.08656,				0.80000
882,		38.00,		44.58,		48.00,				1.07662,				0.80000
883,		36.00,		44.62,		50.00,				1.12057,				0.83333
884,		36.00,		44.75,		50.00,				1.11732,				0.83333
885,		36.00,		44.84,		46.00,				1.02578,				0.76667
886,		36.00,		44.93,		50.00,				1.11289,				0.83333
887,		36.00,		44.88,		46.00,				1.02486,				0.76667
888,		36.00,		44.94,		50.00,				1.11264,				0.83333
889,		38.00,		45.01,		50.00,				1.11096,				0.83333
890,		36.00,		44.97,		50.00,				1.11175,				0.83333
891,		36.00,		44.94,		47.00,				1.04579,				0.78333
892,		36.00,		44.91,		50.00,				1.11344,				0.83333
893,		36.00,		44.92,		50.00,				1.11314,				0.83333
894,		36.00,		44.88,		50.00,				1.11413,				0.83333
895,		36.00,		44.94,		50.00,				1.11255,				0.83333
896,		36.00,		44.98,		50.00,				1.11165,				0.83333
897,		36.00,		44.95,		50.00,				1.11225,				0.83333
898,		36.00,		44.96,		47.00,				1.04547,				0.78333
899,		36.00,		44.89,		50.00,				1.11373,				0.83333
900,		36.00,		44.93,		50.00,				1.11294,				0.83333
901,		36.00,		45.00,		50.00,				1.11121,				0.83333
902,		36.00,		45.01,		50.00,				1.11081,				0.83333
903,		38.00,		45.02,		50.00,				1.11072,				0.83333
904,		36.00,		45.01,		50.00,				1.11077,				0.83333
905,		36.00,		45.00,		50.00,				1.11111,				0.83333
906,		36.00,		44.96,		50.00,				1.11215,				0.83333
907,		36.00,		44.95,		50.00,				1.11240,				0.83333
908,		36.00,		44.97,		47.00,				1.04509,				0.78333
909,		40.00,		44.99,		47.00,				1.04468,				0.78333
910,		36.00,		44.92,		47.00,				1.04621,				0.78333
911,		31.00,		40.46,		47.00,				1.16153,				0.78333
912,		27.00,		42.91,		47.00,				1.09532,				0.78333
913,		36.00,		44.15,		47.00,				1.06450,				0.78333
914,		29.00,		44.70,		50.00,				1.11862,				0.83333
915,		36.00,		44.85,		50.00,				1.11493,				0.83333
916,		36.00,		44.95,		50.00,				1.11245,				0.83333
917,		36.00,		44.91,		50.00,				1.11344,				0.83333
918,		36.00,		44.99,		50.00,				1.11141,				0.83333
919,		36.00,		44.95,		50.00,				1.11230,				0.83333
920,		36.00,		44.87,		50.00,				1.11428,				0.83333
921,		36.00,		44.94,		47.00,				1.04584,				0.78333
922,		36.00,		45.00,		50.00,				1.11116,				0.83333
923,		36.00,		46.89,		51.00,				1.08756,				0.85000
924,		36.00,		45.97,		51.00,				1.10952,				0.85000
925,		36.00,		45.44,		51.00,				1.12246,				0.85000
926,		36.00,		45.32,		50.00,				1.10322,				0.83333
927,		36.00,		46.30,		51.00,				1.10151,				0.85000
928,		38.00,		47.97,		51.00,				1.06312,				0.85000
929,		38.00,		46.39,		51.00,				1.09928,				0.85000
930,		38.00,		48.27,		51.00,				1.05664,				0.85000
931,		38.00,		46.65,		51.00,				1.09334,				0.85000
932,		43.00,		48.43,		52.00,				1.07371,				0.86667
933,		36.00,		46.69,		52.00,				1.11373,				0.86667
934,		36.00,		48.37,		52.00,				1.07496,				0.86667
935,		38.00,		48.37,		51.00,				1.05433,				0.85000
936,		41.00,		49.24,		52.00,				1.05605,				0.86667
937,		41.00,		49.72,		52.00,				1.04586,				0.86667
938,		41.00,		49.85,		52.00,				1.04317,				0.86667
939,		43.00,		49.88,		52.00,				1.04259,				0.86667
940,		41.00,		49.93,		52.00,				1.04142,				0.86667
941,		41.00,		49.92,		52.00,				1.04175,				0.86667
942,		41.00,		49.94,		52.00,				1.04121,				0.86667
943,		43.00,		49.93,		52.00,				1.04150,				0.86667
944,		43.00,		49.93,		52.00,				1.04150,				0.86667
945,		41.00,		49.89,		52.00,				1.04221,				0.86667
946,		40.00,		49.84,		52.00,				1.04334,				0.86667
947,		40.00,		49.93,		52.00,				1.04142,				0.86667
948,		40.00,		49.91,		52.00,				1.04196,				0.86667
949,		40.00,		49.92,		51.00,				1.02168,				0.85000
950,		41.00,		49.93,		52.00,				1.04154,				0.86667
951,		41.00,		49.96,		52.00,				1.04075,				0.86667
952,		41.00,		49.97,		52.00,				1.04062,				0.86667
953,		41.00,		49.94,		52.00,				1.04133,				0.86667
954,		41.00,		49.98,		52.00,				1.04050,				0.86667
955,		43.00,		49.99,		52.00,				1.04021,				0.86667
956,		43.00,		49.95,		52.00,				1.04112,				0.86667
957,		41.00,		50.87,		54.00,				1.06149,				0.90000
958,		41.00,		50.34,		52.00,				1.03302,				0.86667
959,		41.00,		51.13,		53.00,				1.03665,				0.88333
960,		41.00,		50.91,		52.00,				1.02145,				0.86667
961,		47.00,		50.58,		53.00,				1.04793,				0.88333
962,		47.00,		51.24,		53.00,				1.03435,				0.88333
963,		43.00,		51.83,		55.00,				1.06124,				0.91667
964,		44.00,		51.85,		54.00,				1.04143,				0.90000
965,		47.00,		51.90,		54.00,				1.04050,				0.90000
966,		43.00,		52.20,		55.00,				1.05372,				0.91667
967,		43.00,		52.11,		53.00,				1.01704,				0.88333
968,		44.00,		52.54,		54.00,				1.02775,				0.90000
969,		42.00,		52.01,		55.00,				1.05745,				0.91667
970,		42.00,		51.99,		53.00,				1.01947,				0.88333
971,		44.00,		52.42,		54.00,				1.03014,				0.90000
972,		42.00,		51.17,		54.00,				1.05531,				0.90000
973,		42.00,		51.58,		54.00,				1.04696,				0.90000
974,		43.00,		51.67,		54.00,				1.04501,				0.90000
975,		43.00,		51.85,		54.00,				1.04143,				0.90000
976,		43.00,		51.87,		54.00,				1.04110,				0.90000
977,		43.00,		51.89,		54.00,				1.04066,				0.90000
978,		41.00,		50.89,		54.00,				1.06115,				0.90000
979,		43.00,		51.88,		54.00,				1.04078,				0.90000
980,		43.00,		51.43,		54.00,				1.04993,				0.90000
981,		43.00,		50.72,		54.00,				1.06475,				0.90000
982,		43.00,		50.33,		53.00,				1.05305,				0.88333
983,		41.00,		50.54,		53.00,				1.04872,				0.88333
984,		43.00,		51.23,		54.00,				1.05415,				0.90000
985,		47.00,		50.37,		54.00,				1.07211,				0.90000
986,		43.00,		51.08,		54.00,				1.05717,				0.90000
987,		43.00,		51.44,		54.00,				1.04985,				0.90000
988,		40.00,		51.05,		54.00,				1.05783,				0.90000
989,		40.00,		50.01,		53.00,				1.05983,				0.88333
990,		42.00,		50.41,		53.00,				1.05134,				0.88333
991,		41.00,		49.72,		53.00,				1.06593,				0.88333
992,		42.00,		50.28,		52.00,				1.03425,				0.86667
993,		42.00,		49.58,		52.00,				1.04873,				0.86667
994,		40.00,		49.25,		51.00,				1.03562,				0.85000
995,		40.00,		49.05,		52.00,				1.06006,				0.86667
996,		40.00,		48.98,		52.00,				1.06170,				0.86667
997,		40.00,		48.93,		51.00,				1.04235,				0.85000
998,		40.00,		48.93,		52.00,				1.06266,				0.86667
999,		40.00,		48.94,		52.00,				1.06261,				0.86667
