RANDOM_SEED, 1698986724
GEN,		MIN,				AVE,				MAX,			CONV,					CONV_ACT,
  0,		17.00,		32.57,		55.00,				1.68846,				0.91667
  1,		19.00,		33.99,		55.00,				1.61793,				0.91667
  2,		22.00,		36.38,		54.00,				1.48441,				0.90000
  3,		22.00,		36.08,		51.00,				1.41345,				0.85000
  4,		24.00,		34.59,		48.00,				1.38760,				0.80000
  5,		27.00,		37.51,		49.00,				1.30625,				0.81667
  6,		28.00,		37.39,		46.00,				1.23021,				0.76667
  7,		28.00,		35.98,		45.00,				1.25063,				0.75000
  8,		27.00,		35.91,		45.00,				1.25320,				0.75000
  9,		26.00,		38.15,		45.00,				1.17968,				0.75000
 10,		28.00,		38.50,		45.00,				1.16889,				0.75000
 11,		29.00,		38.43,		44.00,				1.14506,				0.73333
 12,		28.00,		36.60,		43.00,				1.17493,				0.71667
 13,		25.00,		37.40,		43.00,				1.14986,				0.71667
 14,		31.00,		39.37,		45.00,				1.14312,				0.75000
 15,		32.00,		40.76,		45.00,				1.10397,				0.75000
 16,		34.00,		41.16,		45.00,				1.09335,				0.75000
 17,		33.00,		41.52,		45.00,				1.08371,				0.75000
 18,		33.00,		41.80,		45.00,				1.07666,				0.75000
 19,		35.00,		41.94,		45.00,				1.07286,				0.75000
 20,		33.00,		41.93,		45.00,				1.07327,				0.75000
 21,		34.00,		42.42,		45.00,				1.06072,				0.75000
 22,		36.00,		42.24,		45.00,				1.06539,				0.75000
 23,		34.00,		42.56,		45.00,				1.05738,				0.75000
 24,		34.00,		42.76,		45.00,				1.05234,				0.75000
 25,		36.00,		43.87,		48.00,				1.09404,				0.80000
 26,		36.00,		43.41,		46.00,				1.05971,				0.76667
 27,		36.00,		43.67,		46.00,				1.05335,				0.76667
 28,		36.00,		44.31,		46.00,				1.03823,				0.76667
 29,		36.00,		44.50,		48.00,				1.07860,				0.80000
 30,		36.00,		44.40,		46.00,				1.03613,				0.76667
 31,		36.00,		44.21,		46.00,				1.04039,				0.76667
 32,		35.00,		44.06,		45.00,				1.02133,				0.75000
 33,		36.00,		44.05,		45.00,				1.02157,				0.75000
 34,		41.00,		44.03,		47.00,				1.06750,				0.78333
 35,		41.00,		44.23,		47.00,				1.06258,				0.78333
 36,		35.00,		44.07,		47.00,				1.06649,				0.78333
 37,		35.00,		44.04,		45.00,				1.02175,				0.75000
 38,		33.00,		42.97,		45.00,				1.04734,				0.75000
 39,		37.00,		43.26,		48.00,				1.10962,				0.80000
 40,		37.00,		43.16,		48.00,				1.11224,				0.80000
 41,		35.00,		43.60,		48.00,				1.10087,				0.80000
 42,		37.00,		43.82,		47.00,				1.07257,				0.78333
 43,		37.00,		43.89,		47.00,				1.07076,				0.78333
 44,		33.00,		43.90,		47.00,				1.07062,				0.78333
 45,		37.00,		43.97,		47.00,				1.06886,				0.78333
 46,		37.00,		43.96,		47.00,				1.06915,				0.78333
 47,		35.00,		43.95,		47.00,				1.06935,				0.78333
 48,		33.00,		43.90,		45.00,				1.02501,				0.75000
 49,		33.00,		43.93,		45.00,				1.02431,				0.75000
 50,		34.00,		43.95,		47.00,				1.06935,				0.78333
 51,		37.00,		43.96,		47.00,				1.06911,				0.78333
 52,		37.00,		43.99,		47.00,				1.06838,				0.78333
 53,		34.00,		43.91,		47.00,				1.07042,				0.78333
 54,		35.00,		43.97,		47.00,				1.06901,				0.78333
 55,		35.00,		43.95,		47.00,				1.06949,				0.78333
 56,		35.00,		43.96,		47.00,				1.06920,				0.78333
 57,		37.00,		44.00,		47.00,				1.06808,				0.78333
 58,		34.00,		44.48,		47.00,				1.05670,				0.78333
 59,		36.00,		44.47,		47.00,				1.05684,				0.78333
 60,		35.00,		44.20,		48.00,				1.08602,				0.80000
 61,		35.00,		44.56,		48.00,				1.07710,				0.80000
 62,		35.00,		44.25,		47.00,				1.06215,				0.78333
 63,		35.00,		44.32,		47.00,				1.06042,				0.78333
 64,		35.00,		44.59,		48.00,				1.07652,				0.80000
 65,		35.00,		44.39,		46.00,				1.03627,				0.76667
 66,		37.00,		44.46,		46.00,				1.03454,				0.76667
 67,		37.00,		44.33,		48.00,				1.08284,				0.80000
 68,		36.00,		44.64,		47.00,				1.05296,				0.78333
 69,		37.00,		44.33,		48.00,				1.08279,				0.80000
 70,		37.00,		44.16,		47.00,				1.06426,				0.78333
 71,		37.00,		44.27,		46.00,				1.03917,				0.76667
 72,		35.00,		44.10,		46.00,				1.04308,				0.76667
 73,		35.00,		44.02,		45.00,				1.02217,				0.75000
 74,		35.00,		44.01,		45.00,				1.02240,				0.75000
 75,		37.00,		43.97,		47.00,				1.06901,				0.78333
 76,		36.00,		44.45,		47.00,				1.05746,				0.78333
 77,		36.00,		44.23,		47.00,				1.06268,				0.78333
 78,		38.00,		44.59,		48.00,				1.07638,				0.80000
 79,		37.00,		44.76,		48.00,				1.07229,				0.80000
 80,		37.00,		44.41,		48.00,				1.08074,				0.80000
 81,		37.00,		44.66,		48.00,				1.07488,				0.80000
 82,		38.00,		44.83,		48.00,				1.07062,				0.80000
 83,		38.00,		44.86,		48.00,				1.07000,				0.80000
 84,		36.00,		43.91,		46.00,				1.04769,				0.76667
 85,		38.00,		44.27,		46.00,				1.03913,				0.76667
 86,		34.00,		42.12,		46.00,				1.09201,				0.76667
 87,		38.00,		41.88,		46.00,				1.09838,				0.76667
 88,		38.00,		42.96,		46.00,				1.07081,				0.76667
 89,		38.00,		44.05,		46.00,				1.04432,				0.76667
 90,		38.00,		43.69,		45.00,				1.02998,				0.75000
 91,		32.00,		44.30,		48.00,				1.08362,				0.80000
 92,		32.00,		43.63,		46.00,				1.05427,				0.76667
 93,		32.00,		43.32,		46.00,				1.06177,				0.76667
 94,		36.00,		43.12,		46.00,				1.06674,				0.76667
 95,		40.00,		42.92,		45.00,				1.04851,				0.75000
 96,		40.00,		42.97,		45.00,				1.04724,				0.75000
 97,		32.00,		42.99,		45.00,				1.04680,				0.75000
 98,		40.00,		43.00,		45.00,				1.04646,				0.75000
 99,		34.00,		43.54,		46.00,				1.05660,				0.76667
100,		36.00,		42.79,		46.00,				1.07492,				0.76667
101,		34.00,		43.76,		46.00,				1.05109,				0.76667
102,		31.00,		43.42,		46.00,				1.05942,				0.76667
103,		31.00,		44.14,		46.00,				1.04204,				0.76667
104,		32.00,		43.58,		46.00,				1.05558,				0.76667
105,		37.00,		44.74,		49.00,				1.09517,				0.81667
106,		37.00,		45.32,		49.00,				1.08115,				0.81667
107,		39.00,		44.18,		47.00,				1.06373,				0.78333
108,		39.00,		44.66,		47.00,				1.05249,				0.78333
109,		32.00,		43.88,		47.00,				1.07120,				0.78333
110,		32.00,		44.93,		49.00,				1.09068,				0.81667
111,		36.00,		44.26,		47.00,				1.06191,				0.78333
112,		32.00,		43.55,		46.00,				1.05616,				0.76667
113,		40.00,		43.25,		48.00,				1.10978,				0.80000
114,		32.00,		43.15,		48.00,				1.11245,				0.80000
115,		40.00,		43.03,		46.00,				1.06892,				0.76667
116,		32.00,		42.97,		46.00,				1.07046,				0.76667
117,		36.00,		42.99,		46.00,				1.07007,				0.76667
118,		35.00,		44.03,		47.00,				1.06750,				0.78333
119,		32.00,		43.47,		47.00,				1.08130,				0.78333
120,		40.00,		43.27,		47.00,				1.08620,				0.78333
121,		32.00,		43.09,		47.00,				1.09079,				0.78333
122,		32.00,		42.95,		46.00,				1.07096,				0.76667
123,		32.00,		42.95,		46.00,				1.07106,				0.76667
124,		32.00,		42.92,		46.00,				1.07166,				0.76667
125,		32.00,		42.95,		46.00,				1.07096,				0.76667
126,		36.00,		42.97,		46.00,				1.07051,				0.76667
127,		36.00,		42.82,		44.00,				1.02746,				0.73333
128,		36.00,		42.89,		44.00,				1.02588,				0.73333
129,		32.00,		42.93,		46.00,				1.07156,				0.76667
130,		32.00,		42.93,		46.00,				1.07161,				0.76667
131,		32.00,		41.96,		45.00,				1.07255,				0.75000
132,		32.00,		42.45,		45.00,				1.06002,				0.75000
133,		38.00,		41.68,		45.00,				1.07976,				0.75000
134,		38.00,		41.37,		44.00,				1.06362,				0.73333
135,		30.00,		41.15,		44.00,				1.06936,				0.73333
136,		38.00,		41.09,		44.00,				1.07092,				0.73333
137,		38.00,		41.06,		44.00,				1.07160,				0.73333
138,		40.00,		41.64,		44.00,				1.05668,				0.73333
139,		30.00,		41.83,		46.00,				1.09979,				0.76667
140,		30.00,		41.36,		44.00,				1.06388,				0.73333
141,		38.00,		41.80,		45.00,				1.07650,				0.75000
142,		30.00,		41.42,		44.00,				1.06219,				0.73333
143,		38.00,		42.19,		45.00,				1.06650,				0.75000
144,		36.00,		41.70,		44.00,				1.05526,				0.73333
145,		30.00,		41.32,		44.00,				1.06491,				0.73333
146,		38.00,		41.16,		46.00,				1.11748,				0.76667
147,		30.00,		41.20,		44.00,				1.06791,				0.73333
148,		30.00,		41.08,		44.00,				1.07119,				0.73333
149,		38.00,		41.08,		44.00,				1.07108,				0.73333
150,		30.00,		41.01,		43.00,				1.04852,				0.71667
151,		38.00,		40.98,		43.00,				1.04924,				0.71667
152,		30.00,		40.97,		43.00,				1.04955,				0.71667
153,		38.00,		40.99,		43.00,				1.04899,				0.71667
154,		38.00,		41.31,		44.00,				1.06501,				0.73333
155,		38.00,		41.13,		43.00,				1.04557,				0.71667
156,		38.00,		41.04,		43.00,				1.04771,				0.71667
157,		30.00,		41.00,		43.00,				1.04888,				0.71667
158,		30.00,		40.97,		43.00,				1.04955,				0.71667
159,		30.00,		40.98,		43.00,				1.04939,				0.71667
160,		30.00,		40.26,		44.00,				1.09284,				0.73333
161,		37.00,		40.64,		44.00,				1.08262,				0.73333
162,		37.00,		40.83,		44.00,				1.07769,				0.73333
163,		38.00,		40.93,		44.00,				1.07495,				0.73333
164,		30.00,		40.96,		44.00,				1.07422,				0.73333
165,		30.00,		40.99,		44.00,				1.07343,				0.73333
166,		38.00,		40.99,		44.00,				1.07348,				0.73333
167,		38.00,		41.00,		44.00,				1.07322,				0.73333
168,		30.00,		40.99,		44.00,				1.07333,				0.73333
169,		39.00,		41.00,		43.00,				1.04888,				0.71667
170,		30.00,		40.93,		43.00,				1.05068,				0.71667
171,		38.00,		40.97,		43.00,				1.04955,				0.71667
172,		30.00,		40.89,		43.00,				1.05155,				0.71667
173,		30.00,		40.96,		43.00,				1.04980,				0.71667
174,		38.00,		41.00,		43.00,				1.04888,				0.71667
175,		38.00,		41.01,		44.00,				1.07301,				0.73333
176,		40.00,		41.02,		44.00,				1.07270,				0.73333
177,		38.00,		40.99,		44.00,				1.07338,				0.73333
178,		38.00,		40.99,		44.00,				1.07343,				0.73333
179,		38.00,		40.99,		44.00,				1.07348,				0.73333
180,		30.00,		40.95,		43.00,				1.05016,				0.71667
181,		30.00,		40.94,		43.00,				1.05021,				0.71667
182,		30.00,		40.97,		43.00,				1.04965,				0.71667
183,		30.00,		40.95,		42.00,				1.02554,				0.70000
184,		30.00,		40.94,		43.00,				1.05042,				0.71667
185,		29.00,		40.38,		41.00,				1.01525,				0.68333
186,		29.00,		40.66,		41.00,				1.00826,				0.68333
187,		29.00,		40.32,		41.00,				1.01687,				0.68333
188,		39.00,		40.21,		41.00,				1.01975,				0.68333
189,		29.00,		40.05,		41.00,				1.02362,				0.68333
190,		37.00,		40.03,		42.00,				1.04921,				0.70000
191,		29.00,		39.97,		41.00,				1.02567,				0.68333
192,		37.00,		39.99,		41.00,				1.02531,				0.68333
193,		29.00,		39.96,		42.00,				1.05100,				0.70000
194,		37.00,		39.96,		42.00,				1.05100,				0.70000
195,		37.00,		39.98,		42.00,				1.05042,				0.70000
196,		37.00,		39.96,		41.00,				1.02592,				0.68333
197,		29.00,		39.95,		41.00,				1.02618,				0.68333
198,		37.00,		39.97,		41.00,				1.02582,				0.68333
199,		37.00,		39.97,		42.00,				1.05079,				0.70000
200,		37.00,		39.95,		40.00,				1.00120,				0.66667
201,		37.00,		39.46,		41.00,				1.03892,				0.68333
202,		30.00,		39.46,		41.00,				1.03897,				0.68333
203,		30.00,		40.22,		43.00,				1.06912,				0.71667
204,		30.00,		40.58,		42.00,				1.03494,				0.70000
205,		30.00,		40.78,		43.00,				1.05444,				0.71667
206,		37.00,		40.47,		43.00,				1.06246,				0.71667
207,		37.00,		40.73,		43.00,				1.05568,				0.71667
208,		30.00,		40.82,		43.00,				1.05335,				0.71667
209,		36.00,		40.88,		43.00,				1.05181,				0.71667
210,		36.00,		40.90,		43.00,				1.05129,				0.71667
211,		30.00,		40.94,		43.00,				1.05032,				0.71667
212,		30.00,		40.92,		43.00,				1.05078,				0.71667
213,		30.00,		40.94,		43.00,				1.05042,				0.71667
214,		30.00,		40.95,		43.00,				1.05016,				0.71667
215,		30.00,		40.94,		43.00,				1.05021,				0.71667
216,		30.00,		40.91,		43.00,				1.05119,				0.71667
217,		30.00,		40.90,		43.00,				1.05145,				0.71667
218,		30.00,		40.18,		43.00,				1.07024,				0.71667
219,		30.00,		39.56,		43.00,				1.08696,				0.71667
220,		33.00,		40.29,		43.00,				1.06737,				0.71667
221,		33.00,		40.54,		43.00,				1.06068,				0.71667
222,		30.00,		40.82,		43.00,				1.05346,				0.71667
223,		30.00,		40.86,		43.00,				1.05237,				0.71667
224,		30.00,		40.90,		44.00,				1.07579,				0.73333
225,		35.00,		40.59,		43.00,				1.05943,				0.71667
226,		35.00,		40.82,		43.00,				1.05346,				0.71667
227,		30.00,		40.84,		43.00,				1.05279,				0.71667
228,		30.00,		40.89,		43.00,				1.05165,				0.71667
229,		33.00,		40.93,		43.00,				1.05063,				0.71667
230,		33.00,		40.94,		43.00,				1.05027,				0.71667
231,		36.00,		40.95,		43.00,				1.05006,				0.71667
232,		30.00,		40.95,		43.00,				1.05011,				0.71667
233,		30.00,		40.92,		43.00,				1.05078,				0.71667
234,		30.00,		40.91,		42.00,				1.02669,				0.70000
235,		36.00,		40.94,		42.00,				1.02584,				0.70000
236,		36.00,		40.96,		43.00,				1.04991,				0.71667
237,		38.00,		40.96,		43.00,				1.04970,				0.71667
238,		36.00,		40.95,		43.00,				1.04996,				0.71667
239,		36.00,		40.94,		43.00,				1.05032,				0.71667
240,		30.00,		40.45,		43.00,				1.06315,				0.71667
241,		35.00,		39.70,		43.00,				1.08318,				0.71667
242,		30.00,		39.85,		43.00,				1.07905,				0.71667
243,		29.00,		39.71,		43.00,				1.08274,				0.71667
244,		35.00,		39.89,		43.00,				1.07791,				0.71667
245,		29.00,		39.90,		43.00,				1.07780,				0.71667
246,		29.00,		39.95,		43.00,				1.07640,				0.71667
247,		29.00,		39.94,		42.00,				1.05158,				0.70000
248,		29.00,		39.96,		43.00,				1.07602,				0.71667
249,		27.00,		39.03,		43.00,				1.10160,				0.71667
250,		29.00,		39.64,		43.00,				1.08471,				0.71667
251,		29.00,		39.86,		43.00,				1.07888,				0.71667
252,		29.00,		39.87,		41.00,				1.02839,				0.68333
253,		29.00,		39.90,		42.00,				1.05253,				0.70000
254,		29.00,		39.95,		43.00,				1.07624,				0.71667
255,		29.00,		39.96,		43.00,				1.07618,				0.71667
256,		29.00,		39.94,		43.00,				1.07656,				0.71667
257,		29.00,		39.97,		43.00,				1.07575,				0.71667
258,		29.00,		39.96,		43.00,				1.07597,				0.71667
259,		37.00,		39.97,		43.00,				1.07581,				0.71667
260,		38.00,		39.97,		42.00,				1.05084,				0.70000
261,		29.00,		40.39,		43.00,				1.06457,				0.71667
262,		37.00,		40.64,		42.00,				1.03357,				0.70000
263,		35.00,		40.33,		43.00,				1.06631,				0.71667
264,		35.00,		40.11,		41.00,				1.02209,				0.68333
265,		35.00,		40.02,		43.00,				1.07436,				0.71667
266,		29.00,		40.15,		42.00,				1.04603,				0.70000
267,		29.00,		40.06,		43.00,				1.07328,				0.71667
268,		29.00,		39.94,		43.00,				1.07656,				0.71667
269,		29.00,		39.97,		43.00,				1.07591,				0.71667
270,		29.00,		39.96,		43.00,				1.07597,				0.71667
271,		29.00,		39.93,		43.00,				1.07678,				0.71667
272,		29.00,		39.96,		43.00,				1.07597,				0.71667
273,		29.00,		39.94,		42.00,				1.05163,				0.70000
274,		37.00,		39.96,		42.00,				1.05095,				0.70000
275,		37.00,		40.00,		43.00,				1.07500,				0.71667
276,		29.00,		39.98,		43.00,				1.07559,				0.71667
277,		37.00,		39.99,		43.00,				1.07527,				0.71667
278,		35.00,		39.96,		42.00,				1.05095,				0.70000
279,		37.00,		39.98,		43.00,				1.07559,				0.71667
280,		37.00,		39.96,		42.00,				1.05116,				0.70000
281,		37.00,		39.99,		43.00,				1.07538,				0.71667
282,		29.00,		39.96,		43.00,				1.07613,				0.71667
283,		38.00,		39.99,		42.00,				1.05021,				0.70000
284,		39.00,		40.00,		42.00,				1.05011,				0.70000
285,		37.00,		40.00,		43.00,				1.07489,				0.71667
286,		29.00,		39.93,		43.00,				1.07683,				0.71667
287,		35.00,		39.94,		42.00,				1.05152,				0.70000
288,		37.00,		39.93,		42.00,				1.05189,				0.70000
289,		37.00,		39.96,		43.00,				1.07597,				0.71667
290,		35.00,		39.93,		43.00,				1.07678,				0.71667
291,		29.00,		39.93,		43.00,				1.07699,				0.71667
292,		29.00,		39.95,		43.00,				1.07635,				0.71667
293,		29.00,		39.97,		43.00,				1.07570,				0.71667
294,		29.00,		39.96,		42.00,				1.05095,				0.70000
295,		29.00,		39.96,		43.00,				1.07602,				0.71667
296,		29.00,		39.96,		43.00,				1.07613,				0.71667
297,		29.00,		39.93,		43.00,				1.07683,				0.71667
298,		29.00,		39.92,		43.00,				1.07721,				0.71667
299,		29.00,		39.95,		43.00,				1.07645,				0.71667
300,		37.00,		39.97,		43.00,				1.07586,				0.71667
301,		38.00,		39.99,		43.00,				1.07516,				0.71667
302,		35.00,		40.00,		43.00,				1.07505,				0.71667
303,		37.00,		40.76,		44.00,				1.07960,				0.73333
304,		29.00,		40.38,		46.00,				1.13906,				0.76667
305,		32.00,		41.67,		45.00,				1.08002,				0.75000
306,		28.00,		40.59,		44.00,				1.08396,				0.73333
307,		32.00,		39.87,		44.00,				1.10370,				0.73333
308,		28.00,		39.45,		44.00,				1.11539,				0.73333
309,		28.00,		39.20,		44.00,				1.12245,				0.73333
310,		29.00,		39.21,		43.00,				1.09655,				0.71667
311,		28.00,		39.08,		43.00,				1.10042,				0.71667
312,		28.00,		39.06,		44.00,				1.12641,				0.73333
313,		34.00,		39.05,		44.00,				1.12682,				0.73333
314,		34.00,		39.06,		44.00,				1.12647,				0.73333
315,		34.00,		39.02,		44.00,				1.12751,				0.73333
316,		34.00,		38.97,		44.00,				1.12907,				0.73333
317,		28.00,		38.90,		44.00,				1.13122,				0.73333
318,		34.00,		38.99,		44.00,				1.12844,				0.73333
319,		28.00,		38.99,		44.00,				1.12849,				0.73333
320,		28.00,		38.98,		44.00,				1.12873,				0.73333
321,		28.00,		38.97,		44.00,				1.12907,				0.73333
322,		28.00,		38.93,		44.00,				1.13035,				0.73333
323,		36.00,		39.02,		44.00,				1.12774,				0.73333
324,		28.00,		38.95,		44.00,				1.12965,				0.73333
325,		34.00,		39.01,		44.00,				1.12803,				0.73333
326,		28.00,		38.97,		44.00,				1.12907,				0.73333
327,		28.00,		38.97,		41.00,				1.05220,				0.68333
328,		36.00,		38.99,		42.00,				1.07709,				0.70000
329,		36.00,		38.98,		44.00,				1.12867,				0.73333
330,		36.00,		38.67,		44.00,				1.13795,				0.73333
331,		34.00,		38.82,		44.00,				1.13349,				0.73333
332,		28.00,		38.91,		42.00,				1.07936,				0.70000
333,		31.00,		37.51,		44.00,				1.17308,				0.73333
334,		34.00,		36.82,		43.00,				1.16791,				0.71667
335,		33.00,		37.74,		43.00,				1.13925,				0.71667
336,		28.00,		36.88,		41.00,				1.11165,				0.68333
337,		33.00,		36.55,		41.00,				1.12187,				0.68333
338,		33.00,		36.30,		41.00,				1.12941,				0.68333
339,		31.00,		36.13,		41.00,				1.13467,				0.68333
340,		31.00,		36.07,		41.00,				1.13668,				0.68333
341,		31.00,		35.56,		39.00,				1.09661,				0.65000
342,		34.00,		35.80,		39.00,				1.08939,				0.65000
343,		31.00,		35.89,		39.00,				1.08659,				0.65000
344,		32.00,		35.63,		40.00,				1.12265,				0.66667
345,		31.00,		35.82,		41.00,				1.14474,				0.68333
346,		31.00,		35.90,		41.00,				1.14219,				0.68333
347,		31.00,		35.91,		38.00,				1.05826,				0.63333
348,		33.00,		35.51,		38.00,				1.07006,				0.63333
349,		32.00,		35.26,		40.00,				1.13443,				0.66667
350,		32.00,		35.12,		40.00,				1.13889,				0.66667
351,		31.00,		35.52,		40.00,				1.12606,				0.66667
352,		31.00,		35.25,		40.00,				1.13475,				0.66667
353,		31.00,		35.65,		38.00,				1.06598,				0.63333
354,		32.00,		35.33,		38.00,				1.07563,				0.63333
355,		31.00,		35.62,		40.00,				1.12284,				0.66667
356,		30.00,		35.27,		40.00,				1.13404,				0.66667
357,		30.00,		35.47,		41.00,				1.15604,				0.68333
358,		32.00,		35.29,		41.00,				1.16187,				0.68333
359,		33.00,		35.18,		40.00,				1.13701,				0.66667
360,		30.00,		35.10,		41.00,				1.16796,				0.68333
361,		32.00,		35.03,		41.00,				1.17036,				0.68333
362,		32.00,		35.02,		41.00,				1.17069,				0.68333
363,		32.00,		35.02,		41.00,				1.17076,				0.68333
364,		32.00,		35.00,		41.00,				1.17136,				0.68333
365,		32.00,		35.01,		40.00,				1.14266,				0.66667
366,		32.00,		35.01,		40.00,				1.14253,				0.66667
367,		32.00,		34.98,		40.00,				1.14345,				0.66667
368,		30.00,		34.99,		40.00,				1.14325,				0.66667
369,		30.00,		34.94,		40.00,				1.14469,				0.66667
370,		30.00,		33.35,		40.00,				1.19954,				0.66667
371,		30.00,		34.38,		40.00,				1.16340,				0.66667
372,		30.00,		34.72,		40.00,				1.15201,				0.66667
373,		30.00,		34.04,		40.00,				1.17509,				0.66667
374,		30.00,		32.57,		38.00,				1.16657,				0.63333
375,		28.00,		33.46,		38.00,				1.13582,				0.63333
376,		28.00,		32.23,		38.00,				1.17903,				0.63333
377,		28.00,		32.13,		39.00,				1.21374,				0.65000
378,		29.00,		31.80,		36.00,				1.13208,				0.60000
379,		28.00,		31.48,		37.00,				1.17550,				0.61667
380,		28.00,		31.69,		36.00,				1.13601,				0.60000
381,		29.00,		31.82,		36.00,				1.13122,				0.60000
382,		28.00,		31.86,		35.00,				1.09863,				0.58333
383,		29.00,		31.93,		35.00,				1.09615,				0.58333
384,		29.00,		31.95,		35.00,				1.09546,				0.58333
385,		28.00,		30.99,		35.00,				1.12947,				0.58333
386,		28.00,		31.54,		35.00,				1.10977,				0.58333
387,		28.00,		31.77,		35.00,				1.10160,				0.58333
388,		28.00,		31.88,		34.00,				1.06663,				0.56667
389,		29.00,		31.93,		35.00,				1.09601,				0.58333
390,		29.00,		31.96,		35.00,				1.09519,				0.58333
391,		29.00,		31.97,		34.00,				1.06356,				0.56667
392,		29.00,		31.89,		35.00,				1.09745,				0.58333
393,		29.00,		32.45,		35.00,				1.07858,				0.58333
394,		28.00,		32.25,		37.00,				1.14743,				0.61667
395,		28.00,		32.12,		35.00,				1.08966,				0.58333
396,		30.00,		32.06,		36.00,				1.12275,				0.60000
397,		31.00,		33.53,		36.00,				1.07373,				0.60000
398,		29.00,		32.79,		36.00,				1.09783,				0.60000
399,		29.00,		32.42,		35.00,				1.07951,				0.58333
400,		29.00,		33.71,		38.00,				1.12733,				0.63333
401,		29.00,		33.40,		38.00,				1.13759,				0.63333
402,		29.00,		34.00,		38.00,				1.11765,				0.63333
403,		29.00,		33.91,		38.00,				1.12048,				0.63333
404,		28.00,		32.43,		37.00,				1.14099,				0.61667
405,		29.00,		33.77,		38.00,				1.12539,				0.63333
406,		29.00,		33.69,		37.00,				1.09831,				0.61667
407,		29.00,		33.22,		38.00,				1.14403,				0.63333
408,		29.00,		32.65,		38.00,				1.16400,				0.63333
409,		29.00,		33.81,		37.00,				1.09448,				0.61667
410,		29.00,		34.41,		38.00,				1.10439,				0.63333
411,		30.00,		34.72,		38.00,				1.09447,				0.63333
412,		32.00,		34.86,		38.00,				1.08995,				0.63333
413,		32.00,		34.94,		38.00,				1.08758,				0.63333
414,		32.00,		34.98,		38.00,				1.08627,				0.63333
415,		32.00,		34.99,		38.00,				1.08615,				0.63333
416,		32.00,		35.00,		38.00,				1.08571,				0.63333
417,		32.00,		34.98,		38.00,				1.08640,				0.63333
418,		32.00,		34.97,		38.00,				1.08652,				0.63333
419,		29.00,		33.50,		38.00,				1.13426,				0.63333
420,		29.00,		33.84,		38.00,				1.12306,				0.63333
421,		30.00,		34.47,		38.00,				1.10254,				0.63333
422,		30.00,		34.70,		37.00,				1.06622,				0.61667
423,		30.00,		34.86,		38.00,				1.09007,				0.63333
424,		29.00,		34.93,		38.00,				1.08795,				0.63333
425,		32.00,		34.93,		37.00,				1.05932,				0.61667
426,		32.00,		34.97,		37.00,				1.05799,				0.61667
427,		32.00,		34.99,		37.00,				1.05738,				0.61667
428,		32.00,		35.01,		38.00,				1.08540,				0.63333
429,		32.00,		35.00,		38.00,				1.08559,				0.63333
430,		32.00,		35.01,		38.00,				1.08553,				0.63333
431,		32.00,		35.64,		39.00,				1.09428,				0.65000
432,		32.00,		36.37,		41.00,				1.12736,				0.68333
433,		32.00,		35.74,		41.00,				1.14724,				0.68333
434,		32.00,		35.36,		40.00,				1.13129,				0.66667
435,		32.00,		35.22,		40.00,				1.13578,				0.66667
436,		32.00,		35.09,		39.00,				1.11149,				0.65000
437,		32.00,		35.05,		38.00,				1.08423,				0.63333
438,		32.00,		35.02,		38.00,				1.08509,				0.63333
439,		32.00,		34.98,		38.00,				1.08640,				0.63333
440,		32.00,		35.03,		38.00,				1.08472,				0.63333
441,		32.00,		35.03,		38.00,				1.08485,				0.63333
442,		32.00,		35.03,		38.00,				1.08472,				0.63333
443,		32.00,		35.02,		38.00,				1.08522,				0.63333
444,		32.00,		34.99,		38.00,				1.08596,				0.63333
445,		32.00,		35.02,		38.00,				1.08522,				0.63333
446,		32.00,		35.01,		38.00,				1.08553,				0.63333
447,		32.00,		35.01,		38.00,				1.08540,				0.63333
448,		32.00,		35.00,		38.00,				1.08571,				0.63333
449,		32.00,		34.98,		37.00,				1.05769,				0.61667
450,		32.00,		34.97,		38.00,				1.08665,				0.63333
451,		32.00,		34.97,		38.00,				1.08671,				0.63333
452,		32.00,		34.97,		36.00,				1.02951,				0.60000
453,		32.00,		34.98,		38.00,				1.08627,				0.63333
454,		32.00,		34.96,		38.00,				1.08702,				0.63333
455,		32.00,		34.96,		38.00,				1.08708,				0.63333
456,		32.00,		34.96,		38.00,				1.08683,				0.63333
457,		32.00,		34.96,		38.00,				1.08689,				0.63333
458,		32.00,		34.99,		38.00,				1.08615,				0.63333
459,		32.00,		35.01,		38.00,				1.08528,				0.63333
460,		32.00,		35.00,		38.00,				1.08584,				0.63333
461,		32.00,		34.98,		38.00,				1.08621,				0.63333
462,		32.00,		34.99,		37.00,				1.05738,				0.61667
463,		32.00,		35.00,		38.00,				1.08559,				0.63333
464,		32.00,		35.00,		38.00,				1.08571,				0.63333
465,		32.00,		35.00,		38.00,				1.08559,				0.63333
466,		32.00,		35.02,		38.00,				1.08509,				0.63333
467,		32.00,		35.01,		38.00,				1.08534,				0.63333
468,		32.00,		35.01,		38.00,				1.08528,				0.63333
469,		32.00,		35.02,		38.00,				1.08516,				0.63333
470,		32.00,		34.99,		38.00,				1.08596,				0.63333
471,		32.00,		34.97,		38.00,				1.08671,				0.63333
472,		32.00,		34.97,		37.00,				1.05793,				0.61667
473,		32.00,		34.98,		38.00,				1.08640,				0.63333
474,		32.00,		34.99,		38.00,				1.08615,				0.63333
475,		32.00,		34.99,		38.00,				1.08596,				0.63333
476,		32.00,		35.00,		38.00,				1.08559,				0.63333
477,		32.00,		35.03,		38.00,				1.08466,				0.63333
478,		32.00,		35.00,		38.00,				1.08571,				0.63333
479,		32.00,		34.99,		37.00,				1.05738,				0.61667
480,		32.00,		34.96,		37.00,				1.05835,				0.61667
481,		32.00,		34.96,		38.00,				1.08689,				0.63333
482,		32.00,		34.97,		38.00,				1.08658,				0.63333
483,		32.00,		35.01,		38.00,				1.08547,				0.63333
484,		32.00,		34.98,		38.00,				1.08634,				0.63333
485,		32.00,		34.98,		38.00,				1.08627,				0.63333
486,		32.00,		35.00,		38.00,				1.08584,				0.63333
487,		32.00,		35.01,		38.00,				1.08528,				0.63333
488,		32.00,		35.01,		38.00,				1.08528,				0.63333
489,		32.00,		35.03,		38.00,				1.08485,				0.63333
490,		32.00,		35.03,		38.00,				1.08478,				0.63333
491,		32.00,		35.04,		38.00,				1.08441,				0.63333
492,		33.00,		34.58,		38.00,				1.09884,				0.63333
493,		31.00,		34.30,		38.00,				1.10781,				0.63333
494,		32.00,		34.67,		38.00,				1.09592,				0.63333
495,		32.00,		34.85,		38.00,				1.09045,				0.63333
496,		32.00,		34.95,		38.00,				1.08739,				0.63333
497,		32.00,		34.97,		38.00,				1.08671,				0.63333
498,		31.00,		34.99,		38.00,				1.08615,				0.63333
499,		32.00,		35.01,		38.00,				1.08540,				0.63333
500,		32.00,		34.99,		38.00,				1.08602,				0.63333
501,		32.00,		34.98,		38.00,				1.08634,				0.63333
502,		32.00,		35.01,		38.00,				1.08553,				0.63333
503,		32.00,		34.98,		38.00,				1.08640,				0.63333
504,		32.00,		35.03,		39.00,				1.11339,				0.65000
505,		32.00,		34.99,		39.00,				1.11473,				0.65000
506,		32.00,		35.00,		39.00,				1.11441,				0.65000
507,		32.00,		34.98,		38.00,				1.08621,				0.63333
508,		32.00,		34.99,		38.00,				1.08596,				0.63333
509,		32.00,		34.97,		38.00,				1.08658,				0.63333
510,		32.00,		34.96,		36.00,				1.02969,				0.60000
511,		32.00,		34.99,		36.00,				1.02881,				0.60000
512,		32.00,		34.99,		38.00,				1.08615,				0.63333
513,		32.00,		35.03,		38.00,				1.08491,				0.63333
514,		32.00,		34.98,		38.00,				1.08634,				0.63333
515,		32.00,		34.99,		38.00,				1.08602,				0.63333
516,		32.00,		35.00,		38.00,				1.08584,				0.63333
517,		32.00,		35.02,		38.00,				1.08497,				0.63333
518,		32.00,		34.98,		38.00,				1.08627,				0.63333
519,		32.00,		34.98,		38.00,				1.08627,				0.63333
520,		32.00,		34.98,		38.00,				1.08640,				0.63333
521,		32.00,		34.97,		38.00,				1.08665,				0.63333
522,		32.00,		35.00,		38.00,				1.08578,				0.63333
523,		32.00,		35.01,		38.00,				1.08547,				0.63333
524,		31.00,		35.04,		38.00,				1.08441,				0.63333
525,		32.00,		35.06,		38.00,				1.08373,				0.63333
526,		32.00,		35.01,		38.00,				1.08540,				0.63333
527,		30.00,		35.97,		40.00,				1.11204,				0.66667
528,		30.00,		35.45,		40.00,				1.12829,				0.66667
529,		32.00,		35.20,		40.00,				1.13643,				0.66667
530,		32.00,		35.11,		38.00,				1.08237,				0.63333
531,		32.00,		35.08,		38.00,				1.08311,				0.63333
532,		32.00,		35.04,		38.00,				1.08447,				0.63333
533,		32.00,		35.03,		38.00,				1.08466,				0.63333
534,		32.00,		34.51,		38.00,				1.10119,				0.63333
535,		31.00,		34.26,		38.00,				1.10910,				0.63333
536,		31.00,		34.16,		37.00,				1.08327,				0.61667
537,		31.00,		34.09,		37.00,				1.08536,				0.61667
538,		31.00,		34.54,		38.00,				1.10011,				0.63333
539,		31.00,		34.31,		38.00,				1.10755,				0.63333
540,		32.00,		34.37,		38.00,				1.10549,				0.63333
541,		31.00,		34.16,		38.00,				1.11228,				0.63333
542,		31.00,		34.08,		37.00,				1.08574,				0.61667
543,		31.00,		34.03,		37.00,				1.08728,				0.61667
544,		31.00,		34.01,		37.00,				1.08792,				0.61667
545,		31.00,		34.01,		37.00,				1.08798,				0.61667
546,		31.00,		34.01,		37.00,				1.08792,				0.61667
547,		31.00,		34.02,		37.00,				1.08766,				0.61667
548,		31.00,		34.02,		37.00,				1.08766,				0.61667
549,		31.00,		34.01,		37.00,				1.08779,				0.61667
550,		31.00,		34.00,		36.00,				1.05889,				0.60000
551,		31.00,		34.02,		37.00,				1.08766,				0.61667
552,		31.00,		34.01,		37.00,				1.08779,				0.61667
553,		31.00,		34.02,		37.00,				1.08766,				0.61667
554,		31.00,		34.01,		37.00,				1.08804,				0.61667
555,		31.00,		33.97,		35.00,				1.03044,				0.58333
556,		31.00,		34.00,		37.00,				1.08836,				0.61667
557,		31.00,		34.03,		38.00,				1.11660,				0.63333
558,		31.00,		34.01,		37.00,				1.08785,				0.61667
559,		30.00,		34.02,		37.00,				1.08772,				0.61667
560,		30.00,		34.02,		37.00,				1.08766,				0.61667
561,		31.00,		34.04,		37.00,				1.08689,				0.61667
562,		31.00,		34.00,		37.00,				1.08811,				0.61667
563,		31.00,		34.02,		37.00,				1.08766,				0.61667
564,		31.00,		34.00,		37.00,				1.08817,				0.61667
565,		30.00,		33.99,		37.00,				1.08868,				0.61667
566,		31.00,		34.02,		37.00,				1.08747,				0.61667
567,		31.00,		33.99,		37.00,				1.08856,				0.61667
568,		31.00,		33.98,		37.00,				1.08888,				0.61667
569,		31.00,		34.00,		37.00,				1.08830,				0.61667
570,		31.00,		34.03,		37.00,				1.08734,				0.61667
571,		31.00,		33.99,		38.00,				1.11791,				0.63333
572,		31.00,		34.00,		41.00,				1.20588,				0.68333
573,		31.00,		34.02,		41.00,				1.20510,				0.68333
574,		31.00,		34.04,		40.00,				1.17509,				0.66667
575,		31.00,		34.06,		40.00,				1.17433,				0.66667
576,		31.00,		34.04,		38.00,				1.11640,				0.63333
577,		31.00,		34.02,		37.00,				1.08772,				0.61667
578,		31.00,		34.03,		37.00,				1.08721,				0.61667
579,		31.00,		34.06,		37.00,				1.08619,				0.61667
580,		31.00,		34.04,		37.00,				1.08696,				0.61667
581,		31.00,		34.04,		37.00,				1.08708,				0.61667
582,		31.00,		34.01,		37.00,				1.08785,				0.61667
583,		31.00,		34.00,		37.00,				1.08836,				0.61667
584,		31.00,		34.03,		37.00,				1.08740,				0.61667
585,		31.00,		34.02,		37.00,				1.08772,				0.61667
586,		30.00,		33.98,		36.00,				1.05945,				0.60000
587,		31.00,		33.99,		37.00,				1.08868,				0.61667
588,		31.00,		33.99,		37.00,				1.08868,				0.61667
589,		31.00,		33.98,		37.00,				1.08888,				0.61667
590,		30.00,		33.99,		37.00,				1.08849,				0.61667
591,		31.00,		34.00,		37.00,				1.08817,				0.61667
592,		31.00,		33.98,		37.00,				1.08881,				0.61667
593,		31.00,		33.99,		37.00,				1.08849,				0.61667
594,		31.00,		34.01,		37.00,				1.08785,				0.61667
595,		31.00,		33.99,		37.00,				1.08843,				0.61667
596,		31.00,		34.00,		37.00,				1.08824,				0.61667
597,		31.00,		33.99,		37.00,				1.08856,				0.61667
598,		31.00,		34.02,		37.00,				1.08753,				0.61667
599,		30.00,		34.00,		37.00,				1.08836,				0.61667
600,		31.00,		34.02,		37.00,				1.08772,				0.61667
601,		31.00,		34.01,		37.00,				1.08785,				0.61667
602,		31.00,		34.03,		38.00,				1.11666,				0.63333
603,		31.00,		34.01,		38.00,				1.11732,				0.63333
604,		31.00,		34.53,		40.00,				1.15841,				0.66667
605,		28.00,		34.23,		38.00,				1.11020,				0.63333
606,		31.00,		34.16,		38.00,				1.11228,				0.63333
607,		31.00,		34.45,		38.00,				1.10318,				0.63333
608,		31.00,		34.25,		37.00,				1.08036,				0.61667
609,		31.00,		34.18,		37.00,				1.08257,				0.61667
610,		31.00,		34.59,		38.00,				1.09846,				0.63333
611,		31.00,		34.28,		38.00,				1.10839,				0.63333
612,		31.00,		34.26,		38.00,				1.10910,				0.63333
613,		31.00,		34.62,		38.00,				1.09769,				0.63333
614,		31.00,		34.29,		38.00,				1.10813,				0.63333
615,		31.00,		34.29,		38.00,				1.10819,				0.63333
616,		31.00,		34.16,		38.00,				1.11235,				0.63333
617,		31.00,		34.54,		38.00,				1.10017,				0.63333
618,		31.00,		34.30,		37.00,				1.07865,				0.61667
619,		31.00,		34.13,		37.00,				1.08396,				0.61667
620,		31.00,		34.07,		37.00,				1.08600,				0.61667
621,		31.00,		34.56,		38.00,				1.09966,				0.63333
622,		31.00,		34.29,		38.00,				1.10832,				0.63333
623,		31.00,		34.20,		37.00,				1.08181,				0.61667
624,		31.00,		34.58,		37.00,				1.07004,				0.61667
625,		32.00,		34.78,		37.00,				1.06389,				0.61667
626,		32.00,		34.87,		38.00,				1.08976,				0.63333
627,		31.00,		35.78,		40.00,				1.11782,				0.66667
628,		28.00,		35.00,		39.00,				1.11416,				0.65000
629,		31.00,		34.58,		38.00,				1.09877,				0.63333
630,		31.00,		34.42,		38.00,				1.10388,				0.63333
631,		31.00,		34.26,		38.00,				1.10929,				0.63333
632,		31.00,		34.15,		38.00,				1.11280,				0.63333
633,		31.00,		34.13,		38.00,				1.11352,				0.63333
634,		31.00,		34.06,		38.00,				1.11568,				0.63333
635,		31.00,		34.02,		40.00,				1.17564,				0.66667
636,		31.00,		34.02,		37.00,				1.08747,				0.61667
637,		31.00,		34.00,		37.00,				1.08836,				0.61667
638,		31.00,		33.49,		37.00,				1.10474,				0.61667
639,		31.00,		33.73,		37.00,				1.09682,				0.61667
640,		31.00,		33.39,		37.00,				1.10805,				0.61667
641,		30.00,		33.20,		38.00,				1.14465,				0.63333
642,		31.00,		33.57,		38.00,				1.13190,				0.63333
643,		30.00,		33.26,		38.00,				1.14238,				0.63333
644,		30.00,		33.04,		39.00,				1.18024,				0.65000
645,		31.00,		33.00,		36.00,				1.09098,				0.60000
646,		30.00,		32.71,		37.00,				1.13101,				0.61667
647,		31.00,		32.85,		36.00,				1.09576,				0.60000
648,		29.00,		32.48,		39.00,				1.20081,				0.65000
649,		28.00,		32.45,		34.00,				1.04764,				0.56667
650,		29.00,		32.35,		35.00,				1.08192,				0.58333
651,		28.00,		32.67,		36.00,				1.10193,				0.60000
652,		29.00,		32.32,		34.00,				1.05205,				0.56667
653,		29.00,		32.65,		36.00,				1.10254,				0.60000
654,		30.00,		32.82,		36.00,				1.09689,				0.60000
655,		28.00,		32.88,		36.00,				1.09502,				0.60000
656,		28.00,		32.73,		38.00,				1.16101,				0.63333
657,		28.00,		32.88,		36.00,				1.09489,				0.60000
658,		28.00,		32.94,		36.00,				1.09296,				0.60000
659,		28.00,		32.97,		36.00,				1.09177,				0.60000
660,		28.00,		32.98,		36.00,				1.09157,				0.60000
661,		28.00,		32.99,		36.00,				1.09124,				0.60000
662,		31.00,		33.32,		39.00,				1.17061,				0.65000
663,		30.00,		33.18,		38.00,				1.14513,				0.63333
664,		31.00,		33.34,		38.00,				1.13984,				0.63333
665,		29.00,		33.67,		38.00,				1.12874,				0.63333
666,		29.00,		33.83,		37.00,				1.09364,				0.61667
667,		31.00,		33.94,		37.00,				1.09009,				0.61667
668,		31.00,		33.99,		37.00,				1.08843,				0.61667
669,		31.00,		34.02,		37.00,				1.08772,				0.61667
670,		31.00,		34.03,		39.00,				1.14611,				0.65000
671,		33.00,		34.03,		39.00,				1.14618,				0.65000
672,		31.00,		34.00,		37.00,				1.08830,				0.61667
673,		29.00,		34.00,		37.00,				1.08836,				0.61667
674,		29.00,		33.98,		39.00,				1.14773,				0.65000
675,		31.00,		34.00,		36.00,				1.05889,				0.60000
676,		31.00,		34.01,		39.00,				1.14686,				0.65000
677,		29.00,		34.02,		39.00,				1.14638,				0.65000
678,		33.00,		34.01,		39.00,				1.14679,				0.65000
679,		29.00,		34.00,		39.00,				1.14713,				0.65000
680,		29.00,		33.99,		39.00,				1.14726,				0.65000
681,		33.00,		34.02,		39.00,				1.14652,				0.65000
682,		31.00,		34.01,		39.00,				1.14665,				0.65000
683,		31.00,		34.03,		39.00,				1.14618,				0.65000
684,		31.00,		34.03,		39.00,				1.14605,				0.65000
685,		32.00,		34.01,		37.00,				1.08779,				0.61667
686,		31.00,		34.01,		39.00,				1.14686,				0.65000
687,		31.00,		34.04,		39.00,				1.14585,				0.65000
688,		31.00,		34.05,		39.00,				1.14551,				0.65000
689,		29.00,		34.01,		39.00,				1.14679,				0.65000
690,		31.00,		34.00,		39.00,				1.14719,				0.65000
691,		31.00,		33.98,		35.00,				1.02996,				0.58333
692,		31.00,		34.01,		39.00,				1.14672,				0.65000
693,		29.00,		33.99,		39.00,				1.14746,				0.65000
694,		31.00,		33.96,		37.00,				1.08939,				0.61667
695,		29.00,		33.98,		37.00,				1.08900,				0.61667
696,		31.00,		33.98,		36.00,				1.05957,				0.60000
697,		29.00,		33.98,		36.00,				1.05951,				0.60000
698,		29.00,		34.00,		37.00,				1.08824,				0.61667
699,		29.00,		33.98,		39.00,				1.14767,				0.65000
700,		29.00,		33.99,		39.00,				1.14746,				0.65000
701,		29.00,		33.93,		37.00,				1.09061,				0.61667
702,		29.00,		33.94,		37.00,				1.09003,				0.61667
703,		31.00,		33.99,		39.00,				1.14726,				0.65000
704,		31.00,		34.00,		39.00,				1.14713,				0.65000
705,		31.00,		34.57,		39.00,				1.12802,				0.65000
706,		29.00,		34.27,		39.00,				1.13809,				0.65000
707,		29.00,		35.18,		41.00,				1.16543,				0.68333
708,		29.00,		35.65,		41.00,				1.15001,				0.68333
709,		29.00,		35.86,		41.00,				1.14327,				0.68333
710,		29.00,		35.46,		41.00,				1.15623,				0.68333
711,		29.00,		34.74,		41.00,				1.18026,				0.68333
712,		29.00,		34.38,		37.00,				1.07621,				0.61667
713,		30.00,		34.20,		37.00,				1.08181,				0.61667
714,		31.00,		34.40,		39.00,				1.13366,				0.65000
715,		31.00,		34.22,		39.00,				1.13962,				0.65000
716,		31.00,		34.12,		36.00,				1.05504,				0.60000
717,		31.00,		34.06,		36.00,				1.05708,				0.60000
718,		29.00,		34.03,		39.00,				1.14598,				0.65000
719,		29.00,		34.02,		39.00,				1.14645,				0.65000
720,		29.00,		34.02,		39.00,				1.14652,				0.65000
721,		29.00,		33.51,		38.00,				1.13392,				0.63333
722,		28.00,		33.75,		39.00,				1.15542,				0.65000
723,		29.00,		33.89,		39.00,				1.15078,				0.65000
724,		29.00,		33.39,		39.00,				1.16808,				0.65000
725,		28.00,		33.21,		38.00,				1.14423,				0.63333
726,		30.00,		33.11,		38.00,				1.14762,				0.63333
727,		30.00,		33.05,		35.00,				1.05900,				0.58333
728,		30.00,		33.03,		35.00,				1.05951,				0.58333
729,		28.00,		33.02,		38.00,				1.15096,				0.63333
730,		28.00,		33.00,		38.00,				1.15165,				0.63333
731,		28.00,		32.98,		35.00,				1.06125,				0.58333
732,		28.00,		32.97,		38.00,				1.15256,				0.63333
733,		28.00,		33.02,		38.00,				1.15068,				0.63333
734,		28.00,		33.00,		36.00,				1.09104,				0.60000
735,		28.00,		32.96,		35.00,				1.06189,				0.58333
736,		28.00,		32.92,		35.00,				1.06331,				0.58333
737,		28.00,		32.98,		35.00,				1.06112,				0.58333
738,		28.00,		32.98,		35.00,				1.06131,				0.58333
739,		31.00,		32.99,		35.00,				1.06086,				0.58333
740,		30.00,		33.02,		38.00,				1.15075,				0.63333
741,		30.00,		33.03,		38.00,				1.15054,				0.63333
742,		28.00,		33.02,		38.00,				1.15096,				0.63333
743,		28.00,		33.04,		38.00,				1.15026,				0.63333
744,		30.00,		33.01,		38.00,				1.15117,				0.63333
745,		28.00,		32.99,		38.00,				1.15179,				0.63333
746,		30.00,		33.47,		35.00,				1.04584,				0.58333
747,		32.00,		33.24,		37.00,				1.11318,				0.61667
748,		30.00,		33.11,		35.00,				1.05708,				0.58333
749,		28.00,		33.03,		38.00,				1.15061,				0.63333
750,		28.00,		33.01,		35.00,				1.06041,				0.58333
751,		28.00,		33.01,		35.00,				1.06035,				0.58333
752,		31.00,		33.01,		38.00,				1.15124,				0.63333
753,		31.00,		33.00,		35.00,				1.06054,				0.58333
754,		31.00,		33.00,		38.00,				1.15138,				0.63333
755,		30.00,		32.98,		35.00,				1.06138,				0.58333
756,		30.00,		32.74,		34.00,				1.03849,				0.56667
757,		28.00,		32.85,		34.00,				1.03488,				0.56667
758,		28.00,		32.91,		35.00,				1.06338,				0.58333
759,		28.00,		32.93,		35.00,				1.06293,				0.58333
760,		28.00,		32.93,		35.00,				1.06273,				0.58333
761,		29.00,		32.97,		35.00,				1.06164,				0.58333
762,		29.00,		32.99,		35.00,				1.06106,				0.58333
763,		28.00,		32.96,		35.00,				1.06196,				0.58333
764,		30.00,		32.98,		38.00,				1.15235,				0.63333
765,		28.00,		32.97,		38.00,				1.15249,				0.63333
766,		30.00,		32.97,		38.00,				1.15270,				0.63333
767,		30.00,		32.96,		35.00,				1.06196,				0.58333
768,		30.00,		32.98,		38.00,				1.15207,				0.63333
769,		30.00,		32.99,		38.00,				1.15200,				0.63333
770,		31.00,		33.00,		38.00,				1.15158,				0.63333
771,		30.00,		32.99,		34.00,				1.03055,				0.56667
772,		31.00,		33.00,		35.00,				1.06073,				0.58333
773,		30.00,		33.00,		35.00,				1.06054,				0.58333
774,		30.00,		32.98,		35.00,				1.06138,				0.58333
775,		30.00,		32.96,		35.00,				1.06183,				0.58333
776,		28.00,		32.98,		38.00,				1.15214,				0.63333
777,		30.00,		32.98,		35.00,				1.06112,				0.58333
778,		30.00,		33.80,		36.00,				1.06509,				0.60000
779,		30.00,		34.35,		37.00,				1.07708,				0.61667
780,		28.00,		34.34,		40.00,				1.16482,				0.66667
781,		28.00,		34.65,		40.00,				1.15447,				0.66667
782,		28.00,		34.87,		40.00,				1.14705,				0.66667
783,		32.00,		34.96,		37.00,				1.05823,				0.61667
784,		28.00,		34.96,		40.00,				1.14430,				0.66667
785,		33.00,		35.00,		40.00,				1.14286,				0.66667
786,		32.00,		35.03,		40.00,				1.14181,				0.66667
787,		30.00,		34.98,		37.00,				1.05769,				0.61667
788,		28.00,		34.96,		37.00,				1.05823,				0.61667
789,		28.00,		34.98,		40.00,				1.14358,				0.66667
790,		28.00,		35.01,		40.00,				1.14247,				0.66667
791,		28.00,		34.97,		40.00,				1.14371,				0.66667
792,		30.00,		34.98,		40.00,				1.14345,				0.66667
793,		30.00,		34.99,		40.00,				1.14331,				0.66667
794,		32.00,		35.01,		40.00,				1.14240,				0.66667
795,		33.00,		35.51,		37.00,				1.04208,				0.61667
796,		28.00,		35.23,		38.00,				1.07875,				0.63333
797,		30.00,		36.09,		39.00,				1.08069,				0.65000
798,		30.00,		36.31,		42.00,				1.15664,				0.70000
799,		28.00,		35.64,		39.00,				1.09415,				0.65000
800,		28.00,		36.31,		40.00,				1.10162,				0.66667
801,		35.00,		36.66,		38.00,				1.03650,				0.63333
802,		28.00,		36.82,		42.00,				1.14075,				0.70000
803,		30.00,		36.91,		39.00,				1.05651,				0.65000
804,		28.00,		36.30,		40.00,				1.10181,				0.66667
805,		28.00,		36.63,		38.00,				1.03746,				0.63333
806,		30.00,		36.83,		42.00,				1.14025,				0.70000
807,		28.00,		36.89,		42.00,				1.13846,				0.70000
808,		28.00,		36.85,		38.00,				1.03126,				0.63333
809,		28.00,		36.92,		39.00,				1.05640,				0.65000
810,		28.00,		36.93,		39.00,				1.05599,				0.65000
811,		28.00,		36.90,		39.00,				1.05680,				0.65000
812,		28.00,		36.94,		39.00,				1.05582,				0.65000
813,		30.00,		36.97,		39.00,				1.05480,				0.65000
814,		30.00,		36.97,		42.00,				1.13593,				0.70000
815,		34.00,		36.97,		38.00,				1.02775,				0.63333
816,		30.00,		36.95,		38.00,				1.02842,				0.63333
817,		34.00,		36.99,		42.00,				1.13556,				0.70000
818,		34.00,		36.99,		42.00,				1.13556,				0.70000
819,		34.00,		36.98,		39.00,				1.05451,				0.65000
820,		30.00,		36.95,		38.00,				1.02831,				0.63333
821,		34.00,		36.97,		42.00,				1.13606,				0.70000
822,		34.00,		36.99,		42.00,				1.13538,				0.70000
823,		34.00,		36.98,		41.00,				1.10865,				0.68333
824,		28.00,		36.19,		42.00,				1.16067,				0.70000
825,		34.00,		36.66,		42.00,				1.14579,				0.70000
826,		34.00,		36.48,		39.00,				1.06896,				0.65000
827,		32.00,		35.70,		39.00,				1.09238,				0.65000
828,		32.00,		35.28,		37.00,				1.04869,				0.61667
829,		30.00,		35.44,		39.00,				1.10051,				0.65000
830,		28.00,		35.26,		44.00,				1.24780,				0.73333
831,		26.00,		35.11,		44.00,				1.25320,				0.73333
832,		26.00,		35.11,		44.00,				1.25328,				0.73333
833,		26.00,		35.05,		44.00,				1.25542,				0.73333
834,		32.00,		35.03,		44.00,				1.25592,				0.73333
835,		32.00,		34.99,		37.00,				1.05732,				0.61667
836,		26.00,		34.96,		37.00,				1.05835,				0.61667
837,		26.00,		34.95,		44.00,				1.25887,				0.73333
838,		26.00,		34.93,		37.00,				1.05938,				0.61667
839,		26.00,		34.97,		37.00,				1.05811,				0.61667
840,		28.00,		34.99,		44.00,				1.25743,				0.73333
841,		26.00,		34.98,		44.00,				1.25801,				0.73333
842,		26.00,		35.00,		44.00,				1.25707,				0.73333
843,		26.00,		34.99,		44.00,				1.25765,				0.73333
844,		28.00,		35.02,		44.00,				1.25628,				0.73333
845,		26.00,		34.95,		37.00,				1.05859,				0.61667
846,		28.00,		34.99,		44.00,				1.25750,				0.73333
847,		32.00,		34.98,		36.00,				1.02916,				0.60000
848,		28.00,		35.00,		44.00,				1.25714,				0.73333
849,		26.00,		34.99,		44.00,				1.25743,				0.73333
850,		26.00,		34.94,		44.00,				1.25937,				0.73333
851,		26.00,		34.99,		44.00,				1.25757,				0.73333
852,		26.00,		34.93,		44.00,				1.25952,				0.73333
853,		26.00,		34.92,		44.00,				1.25988,				0.73333
854,		28.00,		34.99,		44.00,				1.25765,				0.73333
855,		28.00,		34.99,		44.00,				1.25743,				0.73333
856,		28.00,		34.99,		38.00,				1.08609,				0.63333
857,		28.00,		34.99,		38.00,				1.08596,				0.63333
858,		26.00,		35.01,		44.00,				1.25693,				0.73333
859,		26.00,		34.96,		44.00,				1.25858,				0.73333
860,		28.00,		34.95,		44.00,				1.25887,				0.73333
861,		28.00,		35.02,		44.00,				1.25657,				0.73333
862,		26.00,		34.94,		38.00,				1.08764,				0.63333
863,		27.00,		34.94,		36.00,				1.03022,				0.60000
864,		26.00,		34.93,		44.00,				1.25966,				0.73333
865,		28.00,		34.98,		44.00,				1.25772,				0.73333
866,		28.00,		34.99,		44.00,				1.25736,				0.73333
867,		28.00,		35.00,		44.00,				1.25729,				0.73333
868,		28.00,		34.96,		36.00,				1.02981,				0.60000
869,		28.00,		34.72,		44.00,				1.26743,				0.73333
870,		23.00,		33.34,		44.00,				1.31982,				0.73333
871,		30.00,		34.17,		44.00,				1.28768,				0.73333
872,		28.00,		34.63,		39.00,				1.12606,				0.65000
873,		32.00,		34.90,		44.00,				1.26082,				0.73333
874,		32.00,		34.96,		44.00,				1.25844,				0.73333
875,		32.00,		35.01,		44.00,				1.25664,				0.73333
876,		26.00,		35.04,		44.00,				1.25578,				0.73333
877,		26.00,		34.97,		44.00,				1.25822,				0.73333
878,		26.00,		34.94,		44.00,				1.25923,				0.73333
879,		26.00,		34.99,		38.00,				1.08596,				0.63333
880,		26.00,		34.96,		38.00,				1.08683,				0.63333
881,		26.00,		35.00,		44.00,				1.25707,				0.73333
882,		26.00,		34.97,		44.00,				1.25829,				0.73333
883,		26.00,		34.96,		44.00,				1.25865,				0.73333
884,		26.00,		34.95,		44.00,				1.25880,				0.73333
885,		26.00,		35.01,		44.00,				1.25664,				0.73333
886,		32.00,		35.02,		44.00,				1.25628,				0.73333
887,		33.00,		35.05,		44.00,				1.25535,				0.73333
888,		28.00,		35.00,		44.00,				1.25707,				0.73333
889,		26.00,		34.96,		44.00,				1.25865,				0.73333
890,		26.00,		35.01,		44.00,				1.25686,				0.73333
891,		26.00,		35.04,		44.00,				1.25571,				0.73333
892,		28.00,		35.02,		44.00,				1.25642,				0.73333
893,		28.00,		35.06,		44.00,				1.25499,				0.73333
894,		28.00,		35.04,		44.00,				1.25556,				0.73333
895,		26.00,		35.05,		44.00,				1.25549,				0.73333
896,		26.00,		34.99,		44.00,				1.25750,				0.73333
897,		26.00,		34.96,		44.00,				1.25851,				0.73333
898,		28.00,		35.00,		44.00,				1.25721,				0.73333
899,		26.00,		35.00,		44.00,				1.25700,				0.73333
900,		28.00,		34.99,		38.00,				1.08590,				0.63333
901,		26.00,		35.00,		38.00,				1.08559,				0.63333
902,		26.00,		35.59,		44.00,				1.23616,				0.73333
903,		26.00,		36.82,		44.00,				1.19513,				0.73333
904,		29.00,		35.94,		39.00,				1.08508,				0.65000
905,		26.00,		37.01,		39.00,				1.05383,				0.65000
906,		26.00,		36.33,		44.00,				1.21125,				0.73333
907,		29.00,		36.57,		44.00,				1.20330,				0.73333
908,		31.00,		37.06,		41.00,				1.10625,				0.68333
909,		31.00,		37.45,		41.00,				1.09479,				0.68333
910,		31.00,		36.78,		41.00,				1.11486,				0.68333
911,		28.00,		37.40,		44.00,				1.17647,				0.73333
912,		29.00,		37.69,		41.00,				1.08776,				0.68333
913,		29.00,		37.83,		39.00,				1.03098,				0.65000
914,		29.00,		37.89,		41.00,				1.08214,				0.68333
915,		29.00,		37.87,		41.00,				1.08271,				0.68333
916,		29.00,		37.93,		41.00,				1.08094,				0.68333
917,		29.00,		37.96,		41.00,				1.08014,				0.68333
918,		31.00,		37.92,		41.00,				1.08122,				0.68333
919,		29.00,		37.95,		41.00,				1.08026,				0.68333
920,		31.00,		37.92,		41.00,				1.08117,				0.68333
921,		29.00,		37.93,		41.00,				1.08088,				0.68333
922,		29.00,		37.46,		41.00,				1.09456,				0.68333
923,		31.00,		37.75,		41.00,				1.08615,				0.68333
924,		35.00,		37.89,		41.00,				1.08197,				0.68333
925,		34.00,		37.80,		41.00,				1.08454,				0.68333
926,		29.00,		37.86,		41.00,				1.08294,				0.68333
927,		29.00,		37.77,		41.00,				1.08540,				0.68333
928,		34.00,		37.92,		41.00,				1.08117,				0.68333
929,		29.00,		37.59,		39.00,				1.03762,				0.65000
930,		30.00,		37.30,		39.00,				1.04563,				0.65000
931,		30.00,		37.66,		40.00,				1.06202,				0.66667
932,		31.00,		37.82,		39.00,				1.03125,				0.65000
933,		35.00,		37.90,		41.00,				1.08168,				0.68333
934,		35.00,		37.43,		41.00,				1.09526,				0.68333
935,		30.00,		37.38,		40.00,				1.07003,				0.66667
936,		30.00,		37.22,		38.00,				1.02101,				0.63333
937,		30.00,		37.33,		39.00,				1.04468,				0.65000
938,		30.00,		37.18,		39.00,				1.04889,				0.65000
939,		33.00,		36.14,		40.00,				1.10675,				0.66667
940,		32.00,		35.57,		40.00,				1.12467,				0.66667
941,		29.00,		35.27,		38.00,				1.07740,				0.63333
942,		33.00,		35.15,		38.00,				1.08102,				0.63333
943,		28.00,		35.01,		37.00,				1.05696,				0.61667
944,		28.00,		34.98,		37.00,				1.05781,				0.61667
945,		32.00,		34.98,		38.00,				1.08634,				0.63333
946,		33.00,		35.01,		37.00,				1.05678,				0.61667
947,		33.00,		35.01,		40.00,				1.14260,				0.66667
948,		28.00,		34.98,		38.00,				1.08646,				0.63333
949,		28.00,		35.00,		40.00,				1.14279,				0.66667
950,		28.00,		35.00,		40.00,				1.14286,				0.66667
951,		28.00,		34.99,		40.00,				1.14312,				0.66667
952,		28.00,		34.98,		40.00,				1.14351,				0.66667
953,		32.00,		34.98,		40.00,				1.14338,				0.66667
954,		30.00,		34.98,		40.00,				1.14364,				0.66667
955,		32.00,		34.99,		40.00,				1.14305,				0.66667
956,		32.00,		34.96,		39.00,				1.11569,				0.65000
957,		33.00,		35.00,		39.00,				1.11435,				0.65000
958,		28.00,		34.97,		36.00,				1.02945,				0.60000
959,		28.00,		34.95,		36.00,				1.02998,				0.60000
960,		28.00,		34.97,		38.00,				1.08665,				0.63333
961,		28.00,		34.95,		37.00,				1.05853,				0.61667
962,		28.00,		34.64,		40.00,				1.15467,				0.66667
963,		26.00,		34.81,		40.00,				1.14896,				0.66667
964,		28.00,		34.86,		40.00,				1.14758,				0.66667
965,		28.00,		34.86,		40.00,				1.14751,				0.66667
966,		28.00,		34.99,		36.00,				1.02892,				0.60000
967,		28.00,		34.98,		40.00,				1.14358,				0.66667
968,		32.00,		35.04,		40.00,				1.14168,				0.66667
969,		28.00,		35.01,		39.00,				1.11403,				0.65000
970,		28.00,		35.01,		40.00,				1.14266,				0.66667
971,		28.00,		35.01,		40.00,				1.14240,				0.66667
972,		28.00,		35.02,		40.00,				1.14220,				0.66667
973,		32.00,		35.02,		40.00,				1.14227,				0.66667
974,		32.00,		35.00,		38.00,				1.08559,				0.63333
975,		28.00,		34.95,		38.00,				1.08739,				0.63333
976,		28.00,		34.96,		40.00,				1.14423,				0.66667
977,		28.00,		34.98,		38.00,				1.08646,				0.63333
978,		28.00,		34.98,		38.00,				1.08627,				0.63333
979,		28.00,		35.00,		40.00,				1.14299,				0.66667
980,		28.00,		35.00,		40.00,				1.14292,				0.66667
981,		28.00,		35.00,		40.00,				1.14279,				0.66667
982,		32.00,		34.99,		38.00,				1.08615,				0.63333
983,		28.00,		34.90,		38.00,				1.08876,				0.63333
984,		28.00,		34.92,		38.00,				1.08814,				0.63333
985,		28.00,		34.94,		40.00,				1.14495,				0.66667
986,		28.00,		34.96,		38.00,				1.08696,				0.63333
987,		32.00,		34.98,		40.00,				1.14338,				0.66667
988,		32.00,		35.00,		40.00,				1.14299,				0.66667
989,		28.00,		35.00,		40.00,				1.14292,				0.66667
990,		33.00,		35.01,		38.00,				1.08540,				0.63333
991,		28.00,		35.00,		38.00,				1.08584,				0.63333
992,		28.00,		34.96,		40.00,				1.14423,				0.66667
993,		28.00,		34.98,		37.00,				1.05781,				0.61667
994,		28.00,		35.00,		38.00,				1.08578,				0.63333
995,		28.00,		35.01,		40.00,				1.14260,				0.66667
996,		28.00,		34.95,		38.00,				1.08714,				0.63333
997,		28.00,		34.99,		40.00,				1.14318,				0.66667
998,		32.00,		35.84,		40.00,				1.11620,				0.66667
999,		30.00,		35.89,		40.00,				1.11452,				0.66667
