RANDOM_SEED, 1698986724
GEN,		MIN,			AVE,			MAX,
0,		-25.00,		-2.57,		13.00,
1,		-25.00,		-3.99,		11.00,
2,		-24.00,		-6.38,		8.00,
3,		-21.00,		-6.08,		8.00,
4,		-18.00,		-4.59,		6.00,
5,		-19.00,		-7.51,		3.00,
6,		-16.00,		-7.39,		2.00,
7,		-15.00,		-5.98,		2.00,
8,		-15.00,		-5.91,		3.00,
9,		-15.00,		-8.15,		4.00,
10,		-15.00,		-8.50,		2.00,
11,		-14.00,		-8.43,		1.00,
12,		-13.00,		-6.60,		2.00,
13,		-13.00,		-7.40,		5.00,
14,		-15.00,		-9.37,		-1.00,
15,		-15.00,		-10.76,		-2.00,
16,		-15.00,		-11.16,		-4.00,
17,		-15.00,		-11.52,		-3.00,
18,		-15.00,		-11.80,		-3.00,
19,		-15.00,		-11.94,		-5.00,
20,		-15.00,		-11.93,		-3.00,
21,		-15.00,		-12.42,		-4.00,
22,		-15.00,		-12.24,		-6.00,
23,		-15.00,		-12.56,		-4.00,
24,		-15.00,		-12.76,		-4.00,
25,		-18.00,		-13.87,		-6.00,
26,		-16.00,		-13.41,		-6.00,
27,		-16.00,		-13.67,		-6.00,
28,		-16.00,		-14.31,		-6.00,
29,		-18.00,		-14.50,		-6.00,
30,		-16.00,		-14.40,		-6.00,
31,		-16.00,		-14.21,		-6.00,
32,		-15.00,		-14.06,		-5.00,
33,		-15.00,		-14.05,		-6.00,
34,		-17.00,		-14.03,		-11.00,
35,		-17.00,		-14.23,		-11.00,
36,		-17.00,		-14.07,		-5.00,
37,		-15.00,		-14.04,		-5.00,
38,		-15.00,		-12.97,		-3.00,
39,		-18.00,		-13.26,		-7.00,
40,		-18.00,		-13.16,		-7.00,
41,		-18.00,		-13.60,		-5.00,
42,		-17.00,		-13.82,		-7.00,
43,		-17.00,		-13.89,		-7.00,
44,		-17.00,		-13.90,		-3.00,
45,		-17.00,		-13.97,		-7.00,
46,		-17.00,		-13.96,		-7.00,
47,		-17.00,		-13.95,		-5.00,
48,		-15.00,		-13.90,		-3.00,
49,		-15.00,		-13.93,		-3.00,
50,		-17.00,		-13.95,		-4.00,
51,		-17.00,		-13.96,		-7.00,
52,		-17.00,		-13.99,		-7.00,
53,		-17.00,		-13.91,		-4.00,
54,		-17.00,		-13.97,		-5.00,
55,		-17.00,		-13.95,		-5.00,
56,		-17.00,		-13.96,		-5.00,
57,		-17.00,		-14.00,		-7.00,
58,		-17.00,		-14.48,		-4.00,
59,		-17.00,		-14.47,		-6.00,
60,		-18.00,		-14.20,		-5.00,
61,		-18.00,		-14.56,		-5.00,
62,		-17.00,		-14.25,		-5.00,
63,		-17.00,		-14.32,		-5.00,
64,		-18.00,		-14.59,		-5.00,
65,		-16.00,		-14.39,		-5.00,
66,		-16.00,		-14.46,		-7.00,
67,		-18.00,		-14.33,		-7.00,
68,		-17.00,		-14.64,		-6.00,
69,		-18.00,		-14.33,		-7.00,
70,		-17.00,		-14.16,		-7.00,
71,		-16.00,		-14.27,		-7.00,
72,		-16.00,		-14.10,		-5.00,
73,		-15.00,		-14.02,		-5.00,
74,		-15.00,		-14.01,		-5.00,
75,		-17.00,		-13.97,		-7.00,
76,		-17.00,		-14.45,		-6.00,
77,		-17.00,		-14.23,		-6.00,
78,		-18.00,		-14.59,		-8.00,
79,		-18.00,		-14.76,		-7.00,
80,		-18.00,		-14.41,		-7.00,
81,		-18.00,		-14.66,		-7.00,
82,		-18.00,		-14.83,		-8.00,
83,		-18.00,		-14.86,		-8.00,
84,		-16.00,		-13.91,		-6.00,
85,		-16.00,		-14.27,		-8.00,
86,		-16.00,		-12.12,		-4.00,
87,		-16.00,		-11.88,		-8.00,
88,		-16.00,		-12.96,		-8.00,
89,		-16.00,		-14.05,		-8.00,
90,		-15.00,		-13.69,		-8.00,
91,		-18.00,		-14.30,		-2.00,
92,		-16.00,		-13.63,		-2.00,
93,		-16.00,		-13.32,		-2.00,
94,		-16.00,		-13.12,		-6.00,
95,		-15.00,		-12.92,		-10.00,
96,		-15.00,		-12.97,		-10.00,
97,		-15.00,		-12.99,		-2.00,
98,		-15.00,		-13.00,		-10.00,
99,		-16.00,		-13.54,		-4.00,
100,		-16.00,		-12.79,		-6.00,
101,		-16.00,		-13.76,		-4.00,
102,		-16.00,		-13.42,		-1.00,
103,		-16.00,		-14.14,		-1.00,
104,		-16.00,		-13.58,		-2.00,
105,		-19.00,		-14.74,		-7.00,
106,		-19.00,		-15.32,		-7.00,
107,		-17.00,		-14.18,		-9.00,
108,		-17.00,		-14.66,		-9.00,
109,		-17.00,		-13.88,		-2.00,
110,		-19.00,		-14.93,		-2.00,
111,		-17.00,		-14.26,		-6.00,
112,		-16.00,		-13.55,		-2.00,
113,		-18.00,		-13.25,		-10.00,
114,		-18.00,		-13.15,		-2.00,
115,		-16.00,		-13.03,		-10.00,
116,		-16.00,		-12.97,		-2.00,
117,		-16.00,		-12.99,		-6.00,
118,		-17.00,		-14.03,		-5.00,
119,		-17.00,		-13.47,		-2.00,
120,		-17.00,		-13.27,		-10.00,
121,		-17.00,		-13.09,		-2.00,
122,		-16.00,		-12.95,		-2.00,
123,		-16.00,		-12.95,		-2.00,
124,		-16.00,		-12.92,		-2.00,
125,		-16.00,		-12.95,		-2.00,
126,		-16.00,		-12.97,		-6.00,
127,		-14.00,		-12.82,		-6.00,
128,		-14.00,		-12.89,		-6.00,
129,		-16.00,		-12.93,		-2.00,
130,		-16.00,		-12.93,		-2.00,
131,		-15.00,		-11.96,		-2.00,
132,		-15.00,		-12.45,		-2.00,
133,		-15.00,		-11.68,		-8.00,
134,		-14.00,		-11.37,		-8.00,
135,		-14.00,		-11.15,		0.00,
136,		-14.00,		-11.09,		-8.00,
137,		-14.00,		-11.06,		-8.00,
138,		-14.00,		-11.64,		-10.00,
139,		-16.00,		-11.83,		0.00,
140,		-14.00,		-11.36,		0.00,
141,		-15.00,		-11.80,		-8.00,
142,		-14.00,		-11.42,		0.00,
143,		-15.00,		-12.19,		-8.00,
144,		-14.00,		-11.70,		-6.00,
145,		-14.00,		-11.32,		0.00,
146,		-16.00,		-11.16,		-8.00,
147,		-14.00,		-11.20,		0.00,
148,		-14.00,		-11.08,		0.00,
149,		-14.00,		-11.08,		-8.00,
150,		-13.00,		-11.01,		0.00,
151,		-13.00,		-10.98,		-8.00,
152,		-13.00,		-10.97,		0.00,
153,		-13.00,		-10.99,		-8.00,
154,		-14.00,		-11.31,		-8.00,
155,		-13.00,		-11.13,		-8.00,
156,		-13.00,		-11.04,		-8.00,
157,		-13.00,		-11.00,		0.00,
158,		-13.00,		-10.97,		0.00,
159,		-13.00,		-10.98,		0.00,
160,		-14.00,		-10.26,		0.00,
161,		-14.00,		-10.64,		-7.00,
162,		-14.00,		-10.83,		-7.00,
163,		-14.00,		-10.93,		-8.00,
164,		-14.00,		-10.96,		0.00,
165,		-14.00,		-10.99,		0.00,
166,		-14.00,		-10.99,		-8.00,
167,		-14.00,		-11.00,		-8.00,
168,		-14.00,		-10.99,		0.00,
169,		-13.00,		-11.00,		-9.00,
170,		-13.00,		-10.93,		0.00,
171,		-13.00,		-10.97,		-8.00,
172,		-13.00,		-10.89,		0.00,
173,		-13.00,		-10.96,		0.00,
174,		-13.00,		-11.00,		-8.00,
175,		-14.00,		-11.01,		-8.00,
176,		-14.00,		-11.02,		-10.00,
177,		-14.00,		-10.99,		-8.00,
178,		-14.00,		-10.99,		-8.00,
179,		-14.00,		-10.99,		-8.00,
180,		-13.00,		-10.95,		0.00,
181,		-13.00,		-10.94,		0.00,
182,		-13.00,		-10.97,		0.00,
183,		-12.00,		-10.95,		0.00,
184,		-13.00,		-10.94,		0.00,
185,		-11.00,		-10.38,		1.00,
186,		-11.00,		-10.66,		1.00,
187,		-11.00,		-10.32,		1.00,
188,		-11.00,		-10.21,		-9.00,
189,		-11.00,		-10.05,		1.00,
190,		-12.00,		-10.03,		-7.00,
191,		-11.00,		-9.97,		1.00,
192,		-11.00,		-9.99,		-7.00,
193,		-12.00,		-9.96,		1.00,
194,		-12.00,		-9.96,		-7.00,
195,		-12.00,		-9.98,		-7.00,
196,		-11.00,		-9.96,		-7.00,
197,		-11.00,		-9.95,		1.00,
198,		-11.00,		-9.97,		-7.00,
199,		-12.00,		-9.97,		-7.00,
200,		-10.00,		-9.95,		-7.00,
201,		-11.00,		-9.46,		-7.00,
202,		-11.00,		-9.46,		0.00,
203,		-13.00,		-10.22,		0.00,
204,		-12.00,		-10.58,		0.00,
205,		-13.00,		-10.78,		0.00,
206,		-13.00,		-10.47,		-7.00,
207,		-13.00,		-10.73,		-7.00,
208,		-13.00,		-10.82,		0.00,
209,		-13.00,		-10.88,		-6.00,
210,		-13.00,		-10.90,		-6.00,
211,		-13.00,		-10.94,		0.00,
212,		-13.00,		-10.92,		0.00,
213,		-13.00,		-10.94,		0.00,
214,		-13.00,		-10.95,		0.00,
215,		-13.00,		-10.94,		0.00,
216,		-13.00,		-10.91,		0.00,
217,		-13.00,		-10.90,		0.00,
218,		-13.00,		-10.18,		0.00,
219,		-13.00,		-9.56,		0.00,
220,		-13.00,		-10.29,		-3.00,
221,		-13.00,		-10.54,		-3.00,
222,		-13.00,		-10.82,		0.00,
223,		-13.00,		-10.86,		0.00,
224,		-14.00,		-10.90,		0.00,
225,		-13.00,		-10.59,		-5.00,
226,		-13.00,		-10.82,		-5.00,
227,		-13.00,		-10.84,		0.00,
228,		-13.00,		-10.89,		0.00,
229,		-13.00,		-10.93,		-3.00,
230,		-13.00,		-10.94,		-3.00,
231,		-13.00,		-10.95,		-6.00,
232,		-13.00,		-10.95,		0.00,
233,		-13.00,		-10.92,		0.00,
234,		-12.00,		-10.91,		0.00,
235,		-12.00,		-10.94,		-6.00,
236,		-13.00,		-10.96,		-6.00,
237,		-13.00,		-10.96,		-8.00,
238,		-13.00,		-10.95,		-6.00,
239,		-13.00,		-10.94,		-6.00,
240,		-13.00,		-10.45,		0.00,
241,		-13.00,		-9.70,		-5.00,
242,		-13.00,		-9.85,		0.00,
243,		-13.00,		-9.71,		1.00,
244,		-13.00,		-9.89,		-5.00,
245,		-13.00,		-9.90,		1.00,
246,		-13.00,		-9.95,		1.00,
247,		-12.00,		-9.94,		1.00,
248,		-13.00,		-9.96,		1.00,
249,		-13.00,		-9.03,		3.00,
250,		-13.00,		-9.64,		1.00,
251,		-13.00,		-9.86,		1.00,
252,		-11.00,		-9.87,		1.00,
253,		-12.00,		-9.90,		1.00,
254,		-13.00,		-9.95,		1.00,
255,		-13.00,		-9.96,		1.00,
256,		-13.00,		-9.94,		1.00,
257,		-13.00,		-9.97,		1.00,
258,		-13.00,		-9.96,		1.00,
259,		-13.00,		-9.97,		-7.00,
260,		-12.00,		-9.97,		-8.00,
261,		-13.00,		-10.39,		1.00,
262,		-12.00,		-10.64,		-7.00,
263,		-13.00,		-10.33,		-5.00,
264,		-11.00,		-10.11,		-5.00,
265,		-13.00,		-10.02,		-5.00,
266,		-12.00,		-10.15,		1.00,
267,		-13.00,		-10.06,		1.00,
268,		-13.00,		-9.94,		1.00,
269,		-13.00,		-9.97,		1.00,
270,		-13.00,		-9.96,		1.00,
271,		-13.00,		-9.93,		1.00,
272,		-13.00,		-9.96,		1.00,
273,		-12.00,		-9.94,		1.00,
274,		-12.00,		-9.96,		-7.00,
275,		-13.00,		-10.00,		-7.00,
276,		-13.00,		-9.98,		1.00,
277,		-13.00,		-9.99,		-7.00,
278,		-12.00,		-9.96,		-5.00,
279,		-13.00,		-9.98,		-7.00,
280,		-12.00,		-9.96,		-7.00,
281,		-13.00,		-9.99,		-7.00,
282,		-13.00,		-9.96,		1.00,
283,		-12.00,		-9.99,		-8.00,
284,		-12.00,		-10.00,		-9.00,
285,		-13.00,		-10.00,		-7.00,
286,		-13.00,		-9.93,		1.00,
287,		-12.00,		-9.94,		-5.00,
288,		-12.00,		-9.93,		-7.00,
289,		-13.00,		-9.96,		-7.00,
290,		-13.00,		-9.93,		-5.00,
291,		-13.00,		-9.93,		1.00,
292,		-13.00,		-9.95,		1.00,
293,		-13.00,		-9.97,		1.00,
294,		-12.00,		-9.96,		1.00,
295,		-13.00,		-9.96,		1.00,
296,		-13.00,		-9.96,		1.00,
297,		-13.00,		-9.93,		1.00,
298,		-13.00,		-9.92,		1.00,
299,		-13.00,		-9.95,		1.00,
300,		-13.00,		-9.97,		-7.00,
301,		-13.00,		-9.99,		-8.00,
302,		-13.00,		-10.00,		-5.00,
303,		-14.00,		-10.76,		-7.00,
304,		-16.00,		-10.38,		1.00,
305,		-15.00,		-11.67,		-2.00,
306,		-14.00,		-10.59,		2.00,
307,		-14.00,		-9.87,		-2.00,
308,		-14.00,		-9.45,		2.00,
309,		-14.00,		-9.20,		2.00,
310,		-13.00,		-9.21,		1.00,
311,		-13.00,		-9.08,		2.00,
312,		-14.00,		-9.06,		2.00,
313,		-14.00,		-9.05,		-4.00,
314,		-14.00,		-9.06,		-4.00,
315,		-14.00,		-9.02,		-4.00,
316,		-14.00,		-8.97,		-4.00,
317,		-14.00,		-8.90,		2.00,
318,		-14.00,		-8.99,		-4.00,
319,		-14.00,		-8.99,		2.00,
320,		-14.00,		-8.98,		2.00,
321,		-14.00,		-8.97,		2.00,
322,		-14.00,		-8.93,		2.00,
323,		-14.00,		-9.02,		-6.00,
324,		-14.00,		-8.95,		2.00,
325,		-14.00,		-9.01,		-4.00,
326,		-14.00,		-8.97,		2.00,
327,		-11.00,		-8.97,		2.00,
328,		-12.00,		-8.99,		-6.00,
329,		-14.00,		-8.98,		-6.00,
330,		-14.00,		-8.67,		-6.00,
331,		-14.00,		-8.82,		-4.00,
332,		-12.00,		-8.91,		2.00,
333,		-14.00,		-7.51,		-1.00,
334,		-13.00,		-6.82,		-4.00,
335,		-13.00,		-7.74,		-3.00,
336,		-11.00,		-6.88,		2.00,
337,		-11.00,		-6.55,		-3.00,
338,		-11.00,		-6.30,		-3.00,
339,		-11.00,		-6.13,		-1.00,
340,		-11.00,		-6.07,		-1.00,
341,		-9.00,		-5.56,		-1.00,
342,		-9.00,		-5.80,		-4.00,
343,		-9.00,		-5.89,		-1.00,
344,		-10.00,		-5.63,		-2.00,
345,		-11.00,		-5.82,		-1.00,
346,		-11.00,		-5.90,		-1.00,
347,		-8.00,		-5.91,		-1.00,
348,		-8.00,		-5.51,		-3.00,
349,		-10.00,		-5.26,		-2.00,
350,		-10.00,		-5.12,		-2.00,
351,		-10.00,		-5.52,		-1.00,
352,		-10.00,		-5.25,		-1.00,
353,		-8.00,		-5.65,		-1.00,
354,		-8.00,		-5.33,		-2.00,
355,		-10.00,		-5.62,		-1.00,
356,		-10.00,		-5.27,		0.00,
357,		-11.00,		-5.47,		0.00,
358,		-11.00,		-5.29,		-2.00,
359,		-10.00,		-5.18,		-3.00,
360,		-11.00,		-5.10,		0.00,
361,		-11.00,		-5.03,		-2.00,
362,		-11.00,		-5.02,		-2.00,
363,		-11.00,		-5.02,		-2.00,
364,		-11.00,		-5.00,		-2.00,
365,		-10.00,		-5.01,		-2.00,
366,		-10.00,		-5.01,		-2.00,
367,		-10.00,		-4.98,		-2.00,
368,		-10.00,		-4.99,		0.00,
369,		-10.00,		-4.94,		0.00,
370,		-10.00,		-3.35,		0.00,
371,		-10.00,		-4.38,		0.00,
372,		-10.00,		-4.72,		0.00,
373,		-10.00,		-4.04,		0.00,
374,		-8.00,		-2.57,		0.00,
375,		-8.00,		-3.46,		2.00,
376,		-8.00,		-2.23,		2.00,
377,		-9.00,		-2.13,		2.00,
378,		-6.00,		-1.80,		1.00,
379,		-7.00,		-1.48,		2.00,
380,		-6.00,		-1.69,		2.00,
381,		-6.00,		-1.82,		1.00,
382,		-5.00,		-1.86,		2.00,
383,		-5.00,		-1.93,		1.00,
384,		-5.00,		-1.95,		1.00,
385,		-5.00,		-0.99,		2.00,
386,		-5.00,		-1.54,		2.00,
387,		-5.00,		-1.77,		2.00,
388,		-4.00,		-1.88,		2.00,
389,		-5.00,		-1.93,		1.00,
390,		-5.00,		-1.96,		1.00,
391,		-4.00,		-1.97,		1.00,
392,		-5.00,		-1.89,		1.00,
393,		-5.00,		-2.45,		1.00,
394,		-7.00,		-2.25,		2.00,
395,		-5.00,		-2.12,		2.00,
396,		-6.00,		-2.06,		0.00,
397,		-6.00,		-3.53,		-1.00,
398,		-6.00,		-2.79,		1.00,
399,		-5.00,		-2.42,		1.00,
400,		-8.00,		-3.71,		1.00,
401,		-8.00,		-3.40,		1.00,
402,		-8.00,		-4.00,		1.00,
403,		-8.00,		-3.91,		1.00,
404,		-7.00,		-2.43,		2.00,
405,		-8.00,		-3.77,		1.00,
406,		-7.00,		-3.69,		1.00,
407,		-8.00,		-3.22,		1.00,
408,		-8.00,		-2.65,		1.00,
409,		-7.00,		-3.81,		1.00,
410,		-8.00,		-4.41,		1.00,
411,		-8.00,		-4.72,		0.00,
412,		-8.00,		-4.86,		-2.00,
413,		-8.00,		-4.94,		-2.00,
414,		-8.00,		-4.98,		-2.00,
415,		-8.00,		-4.99,		-2.00,
416,		-8.00,		-5.00,		-2.00,
417,		-8.00,		-4.98,		-2.00,
418,		-8.00,		-4.97,		-2.00,
419,		-8.00,		-3.50,		1.00,
420,		-8.00,		-3.84,		1.00,
421,		-8.00,		-4.47,		0.00,
422,		-7.00,		-4.70,		0.00,
423,		-8.00,		-4.86,		0.00,
424,		-8.00,		-4.93,		1.00,
425,		-7.00,		-4.93,		-2.00,
426,		-7.00,		-4.97,		-2.00,
427,		-7.00,		-4.99,		-2.00,
428,		-8.00,		-5.01,		-2.00,
429,		-8.00,		-5.00,		-2.00,
430,		-8.00,		-5.01,		-2.00,
431,		-9.00,		-5.64,		-2.00,
432,		-11.00,		-6.37,		-2.00,
433,		-11.00,		-5.74,		-2.00,
434,		-10.00,		-5.36,		-2.00,
435,		-10.00,		-5.22,		-2.00,
436,		-9.00,		-5.09,		-2.00,
437,		-8.00,		-5.05,		-2.00,
438,		-8.00,		-5.02,		-2.00,
439,		-8.00,		-4.98,		-2.00,
440,		-8.00,		-5.03,		-2.00,
441,		-8.00,		-5.03,		-2.00,
442,		-8.00,		-5.03,		-2.00,
443,		-8.00,		-5.02,		-2.00,
444,		-8.00,		-4.99,		-2.00,
445,		-8.00,		-5.02,		-2.00,
446,		-8.00,		-5.01,		-2.00,
447,		-8.00,		-5.01,		-2.00,
448,		-8.00,		-5.00,		-2.00,
449,		-7.00,		-4.98,		-2.00,
450,		-8.00,		-4.97,		-2.00,
451,		-8.00,		-4.97,		-2.00,
452,		-6.00,		-4.97,		-2.00,
453,		-8.00,		-4.98,		-2.00,
454,		-8.00,		-4.96,		-2.00,
455,		-8.00,		-4.96,		-2.00,
456,		-8.00,		-4.96,		-2.00,
457,		-8.00,		-4.96,		-2.00,
458,		-8.00,		-4.99,		-2.00,
459,		-8.00,		-5.01,		-2.00,
460,		-8.00,		-5.00,		-2.00,
461,		-8.00,		-4.98,		-2.00,
462,		-7.00,		-4.99,		-2.00,
463,		-8.00,		-5.00,		-2.00,
464,		-8.00,		-5.00,		-2.00,
465,		-8.00,		-5.00,		-2.00,
466,		-8.00,		-5.02,		-2.00,
467,		-8.00,		-5.01,		-2.00,
468,		-8.00,		-5.01,		-2.00,
469,		-8.00,		-5.02,		-2.00,
470,		-8.00,		-4.99,		-2.00,
471,		-8.00,		-4.97,		-2.00,
472,		-7.00,		-4.97,		-2.00,
473,		-8.00,		-4.98,		-2.00,
474,		-8.00,		-4.99,		-2.00,
475,		-8.00,		-4.99,		-2.00,
476,		-8.00,		-5.00,		-2.00,
477,		-8.00,		-5.03,		-2.00,
478,		-8.00,		-5.00,		-2.00,
479,		-7.00,		-4.99,		-2.00,
480,		-7.00,		-4.96,		-2.00,
481,		-8.00,		-4.96,		-2.00,
482,		-8.00,		-4.97,		-2.00,
483,		-8.00,		-5.01,		-2.00,
484,		-8.00,		-4.98,		-2.00,
485,		-8.00,		-4.98,		-2.00,
486,		-8.00,		-5.00,		-2.00,
487,		-8.00,		-5.01,		-2.00,
488,		-8.00,		-5.01,		-2.00,
489,		-8.00,		-5.03,		-2.00,
490,		-8.00,		-5.03,		-2.00,
491,		-8.00,		-5.04,		-2.00,
492,		-8.00,		-4.58,		-3.00,
493,		-8.00,		-4.30,		-1.00,
494,		-8.00,		-4.67,		-2.00,
495,		-8.00,		-4.85,		-2.00,
496,		-8.00,		-4.95,		-2.00,
497,		-8.00,		-4.97,		-2.00,
498,		-8.00,		-4.99,		-1.00,
499,		-8.00,		-5.01,		-2.00,
500,		-8.00,		-4.99,		-2.00,
501,		-8.00,		-4.98,		-2.00,
502,		-8.00,		-5.01,		-2.00,
503,		-8.00,		-4.98,		-2.00,
504,		-9.00,		-5.03,		-2.00,
505,		-9.00,		-4.99,		-2.00,
506,		-9.00,		-5.00,		-2.00,
507,		-8.00,		-4.98,		-2.00,
508,		-8.00,		-4.99,		-2.00,
509,		-8.00,		-4.97,		-2.00,
510,		-6.00,		-4.96,		-2.00,
511,		-6.00,		-4.99,		-2.00,
512,		-8.00,		-4.99,		-2.00,
513,		-8.00,		-5.03,		-2.00,
514,		-8.00,		-4.98,		-2.00,
515,		-8.00,		-4.99,		-2.00,
516,		-8.00,		-5.00,		-2.00,
517,		-8.00,		-5.02,		-2.00,
518,		-8.00,		-4.98,		-2.00,
519,		-8.00,		-4.98,		-2.00,
520,		-8.00,		-4.98,		-2.00,
521,		-8.00,		-4.97,		-2.00,
522,		-8.00,		-5.00,		-2.00,
523,		-8.00,		-5.01,		-2.00,
524,		-8.00,		-5.04,		-1.00,
525,		-8.00,		-5.06,		-2.00,
526,		-8.00,		-5.01,		-2.00,
527,		-10.00,		-5.97,		0.00,
528,		-10.00,		-5.45,		0.00,
529,		-10.00,		-5.20,		-2.00,
530,		-8.00,		-5.11,		-2.00,
531,		-8.00,		-5.08,		-2.00,
532,		-8.00,		-5.04,		-2.00,
533,		-8.00,		-5.03,		-2.00,
534,		-8.00,		-4.51,		-2.00,
535,		-8.00,		-4.26,		-1.00,
536,		-7.00,		-4.16,		-1.00,
537,		-7.00,		-4.09,		-1.00,
538,		-8.00,		-4.54,		-1.00,
539,		-8.00,		-4.31,		-1.00,
540,		-8.00,		-4.37,		-2.00,
541,		-8.00,		-4.16,		-1.00,
542,		-7.00,		-4.08,		-1.00,
543,		-7.00,		-4.03,		-1.00,
544,		-7.00,		-4.01,		-1.00,
545,		-7.00,		-4.01,		-1.00,
546,		-7.00,		-4.01,		-1.00,
547,		-7.00,		-4.02,		-1.00,
548,		-7.00,		-4.02,		-1.00,
549,		-7.00,		-4.01,		-1.00,
550,		-6.00,		-4.00,		-1.00,
551,		-7.00,		-4.02,		-1.00,
552,		-7.00,		-4.01,		-1.00,
553,		-7.00,		-4.02,		-1.00,
554,		-7.00,		-4.01,		-1.00,
555,		-5.00,		-3.97,		-1.00,
556,		-7.00,		-4.00,		-1.00,
557,		-8.00,		-4.03,		-1.00,
558,		-7.00,		-4.01,		-1.00,
559,		-7.00,		-4.02,		0.00,
560,		-7.00,		-4.02,		0.00,
561,		-7.00,		-4.04,		-1.00,
562,		-7.00,		-4.00,		-1.00,
563,		-7.00,		-4.02,		-1.00,
564,		-7.00,		-4.00,		-1.00,
565,		-7.00,		-3.99,		0.00,
566,		-7.00,		-4.02,		-1.00,
567,		-7.00,		-3.99,		-1.00,
568,		-7.00,		-3.98,		-1.00,
569,		-7.00,		-4.00,		-1.00,
570,		-7.00,		-4.03,		-1.00,
571,		-8.00,		-3.99,		-1.00,
572,		-11.00,		-4.00,		-1.00,
573,		-11.00,		-4.02,		-1.00,
574,		-10.00,		-4.04,		-1.00,
575,		-10.00,		-4.06,		-1.00,
576,		-8.00,		-4.04,		-1.00,
577,		-7.00,		-4.02,		-1.00,
578,		-7.00,		-4.03,		-1.00,
579,		-7.00,		-4.06,		-1.00,
580,		-7.00,		-4.04,		-1.00,
581,		-7.00,		-4.04,		-1.00,
582,		-7.00,		-4.01,		-1.00,
583,		-7.00,		-4.00,		-1.00,
584,		-7.00,		-4.03,		-1.00,
585,		-7.00,		-4.02,		-1.00,
586,		-6.00,		-3.98,		0.00,
587,		-7.00,		-3.99,		-1.00,
588,		-7.00,		-3.99,		-1.00,
589,		-7.00,		-3.98,		-1.00,
590,		-7.00,		-3.99,		0.00,
591,		-7.00,		-4.00,		-1.00,
592,		-7.00,		-3.98,		-1.00,
593,		-7.00,		-3.99,		-1.00,
594,		-7.00,		-4.01,		-1.00,
595,		-7.00,		-3.99,		-1.00,
596,		-7.00,		-4.00,		-1.00,
597,		-7.00,		-3.99,		-1.00,
598,		-7.00,		-4.02,		-1.00,
599,		-7.00,		-4.00,		0.00,
600,		-7.00,		-4.02,		-1.00,
601,		-7.00,		-4.01,		-1.00,
602,		-8.00,		-4.03,		-1.00,
603,		-8.00,		-4.01,		-1.00,
604,		-10.00,		-4.53,		-1.00,
605,		-8.00,		-4.23,		2.00,
606,		-8.00,		-4.16,		-1.00,
607,		-8.00,		-4.45,		-1.00,
608,		-7.00,		-4.25,		-1.00,
609,		-7.00,		-4.18,		-1.00,
610,		-8.00,		-4.59,		-1.00,
611,		-8.00,		-4.28,		-1.00,
612,		-8.00,		-4.26,		-1.00,
613,		-8.00,		-4.62,		-1.00,
614,		-8.00,		-4.29,		-1.00,
615,		-8.00,		-4.29,		-1.00,
616,		-8.00,		-4.16,		-1.00,
617,		-8.00,		-4.54,		-1.00,
618,		-7.00,		-4.30,		-1.00,
619,		-7.00,		-4.13,		-1.00,
620,		-7.00,		-4.07,		-1.00,
621,		-8.00,		-4.56,		-1.00,
622,		-8.00,		-4.29,		-1.00,
623,		-7.00,		-4.20,		-1.00,
624,		-7.00,		-4.58,		-1.00,
625,		-7.00,		-4.78,		-2.00,
626,		-8.00,		-4.87,		-2.00,
627,		-10.00,		-5.78,		-1.00,
628,		-9.00,		-5.00,		2.00,
629,		-8.00,		-4.58,		-1.00,
630,		-8.00,		-4.42,		-1.00,
631,		-8.00,		-4.26,		-1.00,
632,		-8.00,		-4.15,		-1.00,
633,		-8.00,		-4.13,		-1.00,
634,		-8.00,		-4.06,		-1.00,
635,		-10.00,		-4.02,		-1.00,
636,		-7.00,		-4.02,		-1.00,
637,		-7.00,		-4.00,		-1.00,
638,		-7.00,		-3.49,		-1.00,
639,		-7.00,		-3.73,		-1.00,
640,		-7.00,		-3.39,		-1.00,
641,		-8.00,		-3.20,		0.00,
642,		-8.00,		-3.57,		-1.00,
643,		-8.00,		-3.26,		0.00,
644,		-9.00,		-3.04,		0.00,
645,		-6.00,		-3.00,		-1.00,
646,		-7.00,		-2.71,		0.00,
647,		-6.00,		-2.85,		-1.00,
648,		-9.00,		-2.48,		1.00,
649,		-4.00,		-2.45,		2.00,
650,		-5.00,		-2.35,		1.00,
651,		-6.00,		-2.67,		2.00,
652,		-4.00,		-2.32,		1.00,
653,		-6.00,		-2.65,		1.00,
654,		-6.00,		-2.82,		0.00,
655,		-6.00,		-2.88,		2.00,
656,		-8.00,		-2.73,		2.00,
657,		-6.00,		-2.88,		2.00,
658,		-6.00,		-2.94,		2.00,
659,		-6.00,		-2.97,		2.00,
660,		-6.00,		-2.98,		2.00,
661,		-6.00,		-2.99,		2.00,
662,		-9.00,		-3.32,		-1.00,
663,		-8.00,		-3.18,		0.00,
664,		-8.00,		-3.34,		-1.00,
665,		-8.00,		-3.67,		1.00,
666,		-7.00,		-3.83,		1.00,
667,		-7.00,		-3.94,		-1.00,
668,		-7.00,		-3.99,		-1.00,
669,		-7.00,		-4.02,		-1.00,
670,		-9.00,		-4.03,		-1.00,
671,		-9.00,		-4.03,		-3.00,
672,		-7.00,		-4.00,		-1.00,
673,		-7.00,		-4.00,		1.00,
674,		-9.00,		-3.98,		1.00,
675,		-6.00,		-4.00,		-1.00,
676,		-9.00,		-4.01,		-1.00,
677,		-9.00,		-4.02,		1.00,
678,		-9.00,		-4.01,		-3.00,
679,		-9.00,		-4.00,		1.00,
680,		-9.00,		-3.99,		1.00,
681,		-9.00,		-4.02,		-3.00,
682,		-9.00,		-4.01,		-1.00,
683,		-9.00,		-4.03,		-1.00,
684,		-9.00,		-4.03,		-1.00,
685,		-7.00,		-4.01,		-2.00,
686,		-9.00,		-4.01,		-1.00,
687,		-9.00,		-4.04,		-1.00,
688,		-9.00,		-4.05,		-1.00,
689,		-9.00,		-4.01,		1.00,
690,		-9.00,		-4.00,		-1.00,
691,		-5.00,		-3.98,		-1.00,
692,		-9.00,		-4.01,		-1.00,
693,		-9.00,		-3.99,		1.00,
694,		-7.00,		-3.96,		-1.00,
695,		-7.00,		-3.98,		1.00,
696,		-6.00,		-3.98,		-1.00,
697,		-6.00,		-3.98,		1.00,
698,		-7.00,		-4.00,		1.00,
699,		-9.00,		-3.98,		1.00,
700,		-9.00,		-3.99,		1.00,
701,		-7.00,		-3.93,		1.00,
702,		-7.00,		-3.94,		1.00,
703,		-9.00,		-3.99,		-1.00,
704,		-9.00,		-4.00,		-1.00,
705,		-9.00,		-4.57,		-1.00,
706,		-9.00,		-4.27,		1.00,
707,		-11.00,		-5.18,		1.00,
708,		-11.00,		-5.65,		1.00,
709,		-11.00,		-5.86,		1.00,
710,		-11.00,		-5.46,		1.00,
711,		-11.00,		-4.74,		1.00,
712,		-7.00,		-4.38,		1.00,
713,		-7.00,		-4.20,		0.00,
714,		-9.00,		-4.40,		-1.00,
715,		-9.00,		-4.22,		-1.00,
716,		-6.00,		-4.12,		-1.00,
717,		-6.00,		-4.06,		-1.00,
718,		-9.00,		-4.03,		1.00,
719,		-9.00,		-4.02,		1.00,
720,		-9.00,		-4.02,		1.00,
721,		-8.00,		-3.51,		1.00,
722,		-9.00,		-3.75,		2.00,
723,		-9.00,		-3.89,		1.00,
724,		-9.00,		-3.39,		1.00,
725,		-8.00,		-3.21,		2.00,
726,		-8.00,		-3.11,		0.00,
727,		-5.00,		-3.05,		0.00,
728,		-5.00,		-3.03,		0.00,
729,		-8.00,		-3.02,		2.00,
730,		-8.00,		-3.00,		2.00,
731,		-5.00,		-2.98,		2.00,
732,		-8.00,		-2.97,		2.00,
733,		-8.00,		-3.02,		2.00,
734,		-6.00,		-3.00,		2.00,
735,		-5.00,		-2.96,		2.00,
736,		-5.00,		-2.92,		2.00,
737,		-5.00,		-2.98,		2.00,
738,		-5.00,		-2.98,		2.00,
739,		-5.00,		-2.99,		-1.00,
740,		-8.00,		-3.02,		0.00,
741,		-8.00,		-3.03,		0.00,
742,		-8.00,		-3.02,		2.00,
743,		-8.00,		-3.04,		2.00,
744,		-8.00,		-3.01,		0.00,
745,		-8.00,		-2.99,		2.00,
746,		-5.00,		-3.47,		0.00,
747,		-7.00,		-3.24,		-2.00,
748,		-5.00,		-3.11,		0.00,
749,		-8.00,		-3.03,		2.00,
750,		-5.00,		-3.01,		2.00,
751,		-5.00,		-3.01,		2.00,
752,		-8.00,		-3.01,		-1.00,
753,		-5.00,		-3.00,		-1.00,
754,		-8.00,		-3.00,		-1.00,
755,		-5.00,		-2.98,		0.00,
756,		-4.00,		-2.74,		0.00,
757,		-4.00,		-2.85,		2.00,
758,		-5.00,		-2.91,		2.00,
759,		-5.00,		-2.93,		2.00,
760,		-5.00,		-2.93,		2.00,
761,		-5.00,		-2.97,		1.00,
762,		-5.00,		-2.99,		1.00,
763,		-5.00,		-2.96,		2.00,
764,		-8.00,		-2.98,		0.00,
765,		-8.00,		-2.97,		2.00,
766,		-8.00,		-2.97,		0.00,
767,		-5.00,		-2.96,		0.00,
768,		-8.00,		-2.98,		0.00,
769,		-8.00,		-2.99,		0.00,
770,		-8.00,		-3.00,		-1.00,
771,		-4.00,		-2.99,		0.00,
772,		-5.00,		-3.00,		-1.00,
773,		-5.00,		-3.00,		0.00,
774,		-5.00,		-2.98,		0.00,
775,		-5.00,		-2.96,		0.00,
776,		-8.00,		-2.98,		2.00,
777,		-5.00,		-2.98,		0.00,
778,		-6.00,		-3.80,		0.00,
779,		-7.00,		-4.35,		0.00,
780,		-10.00,		-4.34,		2.00,
781,		-10.00,		-4.65,		2.00,
782,		-10.00,		-4.87,		2.00,
783,		-7.00,		-4.96,		-2.00,
784,		-10.00,		-4.96,		2.00,
785,		-10.00,		-5.00,		-3.00,
786,		-10.00,		-5.03,		-2.00,
787,		-7.00,		-4.98,		0.00,
788,		-7.00,		-4.96,		2.00,
789,		-10.00,		-4.98,		2.00,
790,		-10.00,		-5.01,		2.00,
791,		-10.00,		-4.97,		2.00,
792,		-10.00,		-4.98,		0.00,
793,		-10.00,		-4.99,		0.00,
794,		-10.00,		-5.01,		-2.00,
795,		-7.00,		-5.51,		-3.00,
796,		-8.00,		-5.23,		2.00,
797,		-9.00,		-6.09,		0.00,
798,		-12.00,		-6.31,		0.00,
799,		-9.00,		-5.64,		2.00,
800,		-10.00,		-6.31,		2.00,
801,		-8.00,		-6.66,		-5.00,
802,		-12.00,		-6.82,		2.00,
803,		-9.00,		-6.91,		0.00,
804,		-10.00,		-6.30,		2.00,
805,		-8.00,		-6.63,		2.00,
806,		-12.00,		-6.83,		0.00,
807,		-12.00,		-6.89,		2.00,
808,		-8.00,		-6.85,		2.00,
809,		-9.00,		-6.92,		2.00,
810,		-9.00,		-6.93,		2.00,
811,		-9.00,		-6.90,		2.00,
812,		-9.00,		-6.94,		2.00,
813,		-9.00,		-6.97,		0.00,
814,		-12.00,		-6.97,		0.00,
815,		-8.00,		-6.97,		-4.00,
816,		-8.00,		-6.95,		0.00,
817,		-12.00,		-6.99,		-4.00,
818,		-12.00,		-6.99,		-4.00,
819,		-9.00,		-6.98,		-4.00,
820,		-8.00,		-6.95,		0.00,
821,		-12.00,		-6.97,		-4.00,
822,		-12.00,		-6.99,		-4.00,
823,		-11.00,		-6.98,		-4.00,
824,		-12.00,		-6.19,		2.00,
825,		-12.00,		-6.66,		-4.00,
826,		-9.00,		-6.48,		-4.00,
827,		-9.00,		-5.70,		-2.00,
828,		-7.00,		-5.28,		-2.00,
829,		-9.00,		-5.44,		0.00,
830,		-14.00,		-5.26,		2.00,
831,		-14.00,		-5.11,		4.00,
832,		-14.00,		-5.11,		4.00,
833,		-14.00,		-5.05,		4.00,
834,		-14.00,		-5.03,		-2.00,
835,		-7.00,		-4.99,		-2.00,
836,		-7.00,		-4.96,		4.00,
837,		-14.00,		-4.95,		4.00,
838,		-7.00,		-4.93,		4.00,
839,		-7.00,		-4.97,		4.00,
840,		-14.00,		-4.99,		2.00,
841,		-14.00,		-4.98,		4.00,
842,		-14.00,		-5.00,		4.00,
843,		-14.00,		-4.99,		4.00,
844,		-14.00,		-5.02,		2.00,
845,		-7.00,		-4.95,		4.00,
846,		-14.00,		-4.99,		2.00,
847,		-6.00,		-4.98,		-2.00,
848,		-14.00,		-5.00,		2.00,
849,		-14.00,		-4.99,		4.00,
850,		-14.00,		-4.94,		4.00,
851,		-14.00,		-4.99,		4.00,
852,		-14.00,		-4.93,		4.00,
853,		-14.00,		-4.92,		4.00,
854,		-14.00,		-4.99,		2.00,
855,		-14.00,		-4.99,		2.00,
856,		-8.00,		-4.99,		2.00,
857,		-8.00,		-4.99,		2.00,
858,		-14.00,		-5.01,		4.00,
859,		-14.00,		-4.96,		4.00,
860,		-14.00,		-4.95,		2.00,
861,		-14.00,		-5.02,		2.00,
862,		-8.00,		-4.94,		4.00,
863,		-6.00,		-4.94,		3.00,
864,		-14.00,		-4.93,		4.00,
865,		-14.00,		-4.98,		2.00,
866,		-14.00,		-4.99,		2.00,
867,		-14.00,		-5.00,		2.00,
868,		-6.00,		-4.96,		2.00,
869,		-14.00,		-4.72,		2.00,
870,		-14.00,		-3.34,		7.00,
871,		-14.00,		-4.17,		0.00,
872,		-9.00,		-4.63,		2.00,
873,		-14.00,		-4.90,		-2.00,
874,		-14.00,		-4.96,		-2.00,
875,		-14.00,		-5.01,		-2.00,
876,		-14.00,		-5.04,		4.00,
877,		-14.00,		-4.97,		4.00,
878,		-14.00,		-4.94,		4.00,
879,		-8.00,		-4.99,		4.00,
880,		-8.00,		-4.96,		4.00,
881,		-14.00,		-5.00,		4.00,
882,		-14.00,		-4.97,		4.00,
883,		-14.00,		-4.96,		4.00,
884,		-14.00,		-4.95,		4.00,
885,		-14.00,		-5.01,		4.00,
886,		-14.00,		-5.02,		-2.00,
887,		-14.00,		-5.05,		-3.00,
888,		-14.00,		-5.00,		2.00,
889,		-14.00,		-4.96,		4.00,
890,		-14.00,		-5.01,		4.00,
891,		-14.00,		-5.04,		4.00,
892,		-14.00,		-5.02,		2.00,
893,		-14.00,		-5.06,		2.00,
894,		-14.00,		-5.04,		2.00,
895,		-14.00,		-5.05,		4.00,
896,		-14.00,		-4.99,		4.00,
897,		-14.00,		-4.96,		4.00,
898,		-14.00,		-5.00,		2.00,
899,		-14.00,		-5.00,		4.00,
900,		-8.00,		-4.99,		2.00,
901,		-8.00,		-5.00,		4.00,
902,		-14.00,		-5.59,		4.00,
903,		-14.00,		-6.82,		4.00,
904,		-9.00,		-5.94,		1.00,
905,		-9.00,		-7.01,		4.00,
906,		-14.00,		-6.33,		4.00,
907,		-14.00,		-6.57,		1.00,
908,		-11.00,		-7.06,		-1.00,
909,		-11.00,		-7.45,		-1.00,
910,		-11.00,		-6.78,		-1.00,
911,		-14.00,		-7.40,		2.00,
912,		-11.00,		-7.69,		1.00,
913,		-9.00,		-7.83,		1.00,
914,		-11.00,		-7.89,		1.00,
915,		-11.00,		-7.87,		1.00,
916,		-11.00,		-7.93,		1.00,
917,		-11.00,		-7.96,		1.00,
918,		-11.00,		-7.92,		-1.00,
919,		-11.00,		-7.95,		1.00,
920,		-11.00,		-7.92,		-1.00,
921,		-11.00,		-7.93,		1.00,
922,		-11.00,		-7.46,		1.00,
923,		-11.00,		-7.75,		-1.00,
924,		-11.00,		-7.89,		-5.00,
925,		-11.00,		-7.80,		-4.00,
926,		-11.00,		-7.86,		1.00,
927,		-11.00,		-7.77,		1.00,
928,		-11.00,		-7.92,		-4.00,
929,		-9.00,		-7.59,		1.00,
930,		-9.00,		-7.30,		0.00,
931,		-10.00,		-7.66,		0.00,
932,		-9.00,		-7.82,		-1.00,
933,		-11.00,		-7.90,		-5.00,
934,		-11.00,		-7.43,		-5.00,
935,		-10.00,		-7.38,		0.00,
936,		-8.00,		-7.22,		0.00,
937,		-9.00,		-7.33,		0.00,
938,		-9.00,		-7.18,		0.00,
939,		-10.00,		-6.14,		-3.00,
940,		-10.00,		-5.57,		-2.00,
941,		-8.00,		-5.27,		1.00,
942,		-8.00,		-5.15,		-3.00,
943,		-7.00,		-5.01,		2.00,
944,		-7.00,		-4.98,		2.00,
945,		-8.00,		-4.98,		-2.00,
946,		-7.00,		-5.01,		-3.00,
947,		-10.00,		-5.01,		-3.00,
948,		-8.00,		-4.98,		2.00,
949,		-10.00,		-5.00,		2.00,
950,		-10.00,		-5.00,		2.00,
951,		-10.00,		-4.99,		2.00,
952,		-10.00,		-4.98,		2.00,
953,		-10.00,		-4.98,		-2.00,
954,		-10.00,		-4.98,		0.00,
955,		-10.00,		-4.99,		-2.00,
956,		-9.00,		-4.96,		-2.00,
957,		-9.00,		-5.00,		-3.00,
958,		-6.00,		-4.97,		2.00,
959,		-6.00,		-4.95,		2.00,
960,		-8.00,		-4.97,		2.00,
961,		-7.00,		-4.95,		2.00,
962,		-10.00,		-4.64,		2.00,
963,		-10.00,		-4.81,		4.00,
964,		-10.00,		-4.86,		2.00,
965,		-10.00,		-4.86,		2.00,
966,		-6.00,		-4.99,		2.00,
967,		-10.00,		-4.98,		2.00,
968,		-10.00,		-5.04,		-2.00,
969,		-9.00,		-5.01,		2.00,
970,		-10.00,		-5.01,		2.00,
971,		-10.00,		-5.01,		2.00,
972,		-10.00,		-5.02,		2.00,
973,		-10.00,		-5.02,		-2.00,
974,		-8.00,		-5.00,		-2.00,
975,		-8.00,		-4.95,		2.00,
976,		-10.00,		-4.96,		2.00,
977,		-8.00,		-4.98,		2.00,
978,		-8.00,		-4.98,		2.00,
979,		-10.00,		-5.00,		2.00,
980,		-10.00,		-5.00,		2.00,
981,		-10.00,		-5.00,		2.00,
982,		-8.00,		-4.99,		-2.00,
983,		-8.00,		-4.90,		2.00,
984,		-8.00,		-4.92,		2.00,
985,		-10.00,		-4.94,		2.00,
986,		-8.00,		-4.96,		2.00,
987,		-10.00,		-4.98,		-2.00,
988,		-10.00,		-5.00,		-2.00,
989,		-10.00,		-5.00,		2.00,
990,		-8.00,		-5.01,		-3.00,
991,		-8.00,		-5.00,		2.00,
992,		-10.00,		-4.96,		2.00,
993,		-7.00,		-4.98,		2.00,
994,		-8.00,		-5.00,		2.00,
995,		-10.00,		-5.01,		2.00,
996,		-8.00,		-4.95,		2.00,
997,		-10.00,		-4.99,		2.00,
998,		-10.00,		-5.84,		-2.00,
999,		-10.00,		-5.89,		0.00,
