RANDOM_SEED, 1698987213
GEN,		MIN,				AVE,				MAX,			CONV,					CONV_ACT,
  0,		16.00,		32.65,		52.00,				1.59255,				0.86667
  1,		22.00,		38.37,		52.00,				1.35530,				0.86667
  2,		25.00,		40.69,		52.00,				1.27808,				0.86667
  3,		27.00,		38.25,		48.00,				1.25503,				0.80000
  4,		26.00,		38.83,		47.00,				1.21047,				0.78333
  5,		26.00,		39.44,		49.00,				1.24246,				0.81667
  6,		25.00,		37.90,		48.00,				1.26656,				0.80000
  7,		30.00,		39.13,		48.00,				1.22668,				0.80000
  8,		32.00,		37.62,		48.00,				1.27585,				0.80000
  9,		33.00,		36.81,		48.00,				1.30392,				0.80000
 10,		33.00,		36.86,		46.00,				1.24803,				0.76667
 11,		27.00,		35.03,		46.00,				1.31301,				0.76667
 12,		27.00,		34.60,		43.00,				1.24263,				0.71667
 13,		29.00,		34.40,		43.00,				1.24985,				0.71667
 14,		29.00,		34.25,		41.00,				1.19708,				0.68333
 15,		29.00,		34.12,		41.00,				1.20171,				0.68333
 16,		29.00,		34.04,		41.00,				1.20461,				0.68333
 17,		29.00,		34.02,		41.00,				1.20524,				0.68333
 18,		29.00,		33.92,		36.00,				1.06126,				0.60000
 19,		31.00,		33.62,		36.00,				1.07066,				0.60000
 20,		29.00,		32.84,		36.00,				1.09616,				0.60000
 21,		29.00,		33.46,		41.00,				1.22527,				0.68333
 22,		31.00,		33.70,		41.00,				1.21662,				0.68333
 23,		31.00,		33.89,		36.00,				1.06232,				0.60000
 24,		31.00,		33.95,		37.00,				1.08990,				0.61667
 25,		29.00,		33.98,		41.00,				1.20645,				0.68333
 26,		29.00,		33.99,		41.00,				1.20638,				0.68333
 27,		31.00,		34.00,		43.00,				1.26485,				0.71667
 28,		29.00,		33.98,		43.00,				1.26560,				0.71667
 29,		29.00,		33.98,		37.00,				1.08888,				0.61667
 30,		29.00,		33.93,		35.00,				1.03141,				0.58333
 31,		29.00,		33.95,		41.00,				1.20759,				0.68333
 32,		29.00,		34.03,		44.00,				1.29298,				0.73333
 33,		29.00,		34.23,		45.00,				1.31464,				0.75000
 34,		29.00,		34.30,		37.00,				1.07859,				0.61667
 35,		29.00,		34.60,		42.00,				1.21387,				0.70000
 36,		30.00,		34.82,		42.00,				1.20613,				0.70000
 37,		30.00,		34.90,		42.00,				1.20330,				0.70000
 38,		29.00,		34.92,		42.00,				1.20289,				0.70000
 39,		30.00,		34.95,		42.00,				1.20165,				0.70000
 40,		30.00,		35.48,		40.00,				1.12733,				0.66667
 41,		30.00,		35.21,		40.00,				1.13591,				0.66667
 42,		30.00,		36.09,		44.00,				1.21904,				0.73333
 43,		30.00,		36.63,		44.00,				1.20120,				0.73333
 44,		28.00,		35.85,		44.00,				1.22747,				0.73333
 45,		28.00,		35.26,		44.00,				1.24794,				0.73333
 46,		28.00,		36.35,		44.00,				1.21032,				0.73333
 47,		28.00,		36.75,		44.00,				1.19715,				0.73333
 48,		28.00,		36.87,		44.00,				1.19338,				0.73333
 49,		28.00,		37.35,		44.00,				1.17792,				0.73333
 50,		28.00,		37.16,		42.00,				1.13031,				0.70000
 51,		32.00,		37.14,		44.00,				1.18477,				0.73333
 52,		32.00,		37.07,		44.00,				1.18688,				0.73333
 53,		28.00,		37.02,		44.00,				1.18868,				0.73333
 54,		32.00,		37.08,		44.00,				1.18650,				0.73333
 55,		32.00,		37.05,		44.00,				1.18752,				0.73333
 56,		35.00,		37.06,		44.00,				1.18739,				0.73333
 57,		28.00,		36.94,		44.00,				1.19125,				0.73333
 58,		28.00,		36.86,		39.00,				1.05806,				0.65000
 59,		28.00,		36.87,		40.00,				1.08478,				0.66667
 60,		28.00,		36.98,		44.00,				1.18996,				0.73333
 61,		32.00,		37.01,		44.00,				1.18874,				0.73333
 62,		28.00,		37.05,		44.00,				1.18765,				0.73333
 63,		36.00,		37.08,		44.00,				1.18650,				0.73333
 64,		32.00,		37.02,		44.00,				1.18861,				0.73333
 65,		28.00,		36.94,		44.00,				1.19099,				0.73333
 66,		32.00,		36.96,		37.00,				1.00103,				0.61667
 67,		32.00,		36.99,		44.00,				1.18938,				0.73333
 68,		35.00,		36.98,		44.00,				1.18983,				0.73333
 69,		32.00,		36.96,		40.00,				1.08231,				0.66667
 70,		32.00,		36.98,		44.00,				1.18996,				0.73333
 71,		32.00,		36.98,		44.00,				1.18977,				0.73333
 72,		28.00,		37.00,		44.00,				1.18925,				0.73333
 73,		28.00,		37.00,		44.00,				1.18932,				0.73333
 74,		28.00,		36.98,		44.00,				1.18990,				0.73333
 75,		28.00,		37.02,		44.00,				1.18855,				0.73333
 76,		32.00,		37.04,		44.00,				1.18778,				0.73333
 77,		35.00,		36.10,		44.00,				1.21870,				0.73333
 78,		28.00,		36.51,		44.00,				1.20522,				0.73333
 79,		28.00,		36.76,		44.00,				1.19682,				0.73333
 80,		30.00,		35.99,		44.00,				1.22270,				0.73333
 81,		28.00,		36.56,		44.00,				1.20337,				0.73333
 82,		32.00,		36.80,		44.00,				1.19578,				0.73333
 83,		32.00,		36.87,		44.00,				1.19332,				0.73333
 84,		28.00,		36.90,		44.00,				1.19228,				0.73333
 85,		28.00,		36.94,		44.00,				1.19119,				0.73333
 86,		28.00,		36.98,		44.00,				1.18983,				0.73333
 87,		28.00,		36.95,		40.00,				1.08266,				0.66667
 88,		28.00,		37.01,		44.00,				1.18887,				0.73333
 89,		27.00,		37.49,		45.00,				1.20038,				0.75000
 90,		33.00,		37.28,		45.00,				1.20702,				0.75000
 91,		32.00,		37.53,		45.00,				1.19917,				0.75000
 92,		33.00,		37.72,		41.00,				1.08696,				0.68333
 93,		27.00,		37.34,		41.00,				1.09814,				0.68333
 94,		27.00,		37.49,		41.00,				1.09368,				0.68333
 95,		32.00,		37.25,		44.00,				1.18121,				0.73333
 96,		32.00,		37.11,		44.00,				1.18566,				0.73333
 97,		32.00,		37.24,		41.00,				1.10108,				0.68333
 98,		34.00,		36.70,		43.00,				1.17153,				0.71667
 99,		28.00,		36.82,		40.00,				1.08625,				0.66667
100,		28.00,		36.66,		41.00,				1.11832,				0.68333
101,		32.00,		36.83,		44.00,				1.19461,				0.73333
102,		32.00,		36.46,		44.00,				1.20680,				0.73333
103,		28.00,		36.71,		40.00,				1.08956,				0.66667
104,		28.00,		36.74,		40.00,				1.08861,				0.66667
105,		33.00,		36.92,		40.00,				1.08336,				0.66667
106,		32.00,		36.98,		43.00,				1.16292,				0.71667
107,		32.00,		36.98,		44.00,				1.18990,				0.73333
108,		32.00,		36.99,		44.00,				1.18957,				0.73333
109,		32.00,		37.01,		44.00,				1.18874,				0.73333
110,		32.00,		37.01,		44.00,				1.18887,				0.73333
111,		35.00,		37.01,		40.00,				1.08091,				0.66667
112,		32.00,		36.98,		40.00,				1.08161,				0.66667
113,		32.00,		36.96,		40.00,				1.08225,				0.66667
114,		32.00,		36.97,		39.00,				1.05491,				0.65000
115,		32.00,		37.04,		44.00,				1.18778,				0.73333
116,		28.00,		37.00,		40.00,				1.08096,				0.66667
117,		32.00,		36.99,		40.00,				1.08149,				0.66667
118,		32.00,		36.99,		44.00,				1.18957,				0.73333
119,		35.00,		37.01,		44.00,				1.18900,				0.73333
120,		32.00,		36.99,		44.00,				1.18957,				0.73333
121,		32.00,		37.00,		43.00,				1.16216,				0.71667
122,		32.00,		37.00,		44.00,				1.18919,				0.73333
123,		35.00,		36.99,		40.00,				1.08137,				0.66667
124,		28.00,		36.96,		40.00,				1.08213,				0.66667
125,		28.00,		36.93,		39.00,				1.05599,				0.65000
126,		28.00,		36.99,		44.00,				1.18938,				0.73333
127,		32.00,		37.02,		44.00,				1.18868,				0.73333
128,		32.00,		36.98,		44.00,				1.18983,				0.73333
129,		28.00,		37.01,		44.00,				1.18900,				0.73333
130,		32.00,		36.99,		44.00,				1.18945,				0.73333
131,		28.00,		36.97,		40.00,				1.08202,				0.66667
132,		32.00,		36.97,		39.00,				1.05491,				0.65000
133,		28.00,		36.96,		40.00,				1.08231,				0.66667
134,		35.00,		37.01,		40.00,				1.08073,				0.66667
135,		28.00,		37.00,		40.00,				1.08102,				0.66667
136,		28.00,		36.96,		44.00,				1.19041,				0.73333
137,		28.00,		37.47,		45.00,				1.20083,				0.75000
138,		28.00,		37.24,		45.00,				1.20825,				0.75000
139,		28.00,		37.09,		41.00,				1.10542,				0.68333
140,		28.00,		37.07,		44.00,				1.18688,				0.73333
141,		28.00,		37.02,		44.00,				1.18868,				0.73333
142,		32.00,		37.06,		44.00,				1.18733,				0.73333
143,		32.00,		37.04,		44.00,				1.18784,				0.73333
144,		28.00,		37.00,		40.00,				1.08096,				0.66667
145,		35.00,		37.02,		40.00,				1.08044,				0.66667
146,		28.00,		36.97,		40.00,				1.08184,				0.66667
147,		28.00,		36.95,		44.00,				1.19093,				0.73333
148,		28.00,		36.95,		44.00,				1.19067,				0.73333
149,		28.00,		36.97,		44.00,				1.19022,				0.73333
150,		28.00,		36.94,		40.00,				1.08278,				0.66667
151,		28.00,		36.95,		40.00,				1.08243,				0.66667
152,		32.00,		36.99,		40.00,				1.08137,				0.66667
153,		32.00,		37.00,		44.00,				1.18912,				0.73333
154,		28.00,		37.00,		44.00,				1.18925,				0.73333
155,		28.00,		36.96,		44.00,				1.19041,				0.73333
156,		28.00,		36.97,		44.00,				1.19009,				0.73333
157,		28.00,		37.03,		44.00,				1.18816,				0.73333
158,		32.00,		37.07,		44.00,				1.18707,				0.73333
159,		32.00,		37.00,		44.00,				1.18906,				0.73333
160,		32.00,		37.02,		44.00,				1.18848,				0.73333
161,		35.00,		37.28,		44.00,				1.18038,				0.73333
162,		29.00,		37.45,		45.00,				1.20154,				0.75000
163,		33.00,		37.25,		44.00,				1.18121,				0.73333
164,		28.00,		37.11,		44.00,				1.18579,				0.73333
165,		35.00,		37.08,		40.00,				1.07869,				0.66667
166,		32.00,		37.06,		44.00,				1.18720,				0.73333
167,		28.00,		37.16,		44.00,				1.18401,				0.73333
168,		28.00,		37.04,		44.00,				1.18790,				0.73333
169,		28.00,		37.09,		40.00,				1.07846,				0.66667
170,		32.00,		37.07,		40.00,				1.07904,				0.66667
171,		32.00,		37.04,		40.00,				1.07986,				0.66667
172,		32.00,		37.17,		39.00,				1.04923,				0.65000
173,		28.00,		37.13,		41.00,				1.10411,				0.68333
174,		35.00,		37.07,		44.00,				1.18694,				0.73333
175,		28.00,		37.02,		44.00,				1.18842,				0.73333
176,		28.00,		37.02,		44.00,				1.18848,				0.73333
177,		28.00,		36.95,		40.00,				1.08254,				0.66667
178,		28.00,		36.97,		39.00,				1.05485,				0.65000
179,		32.00,		37.32,		41.00,				1.09867,				0.68333
180,		28.00,		37.17,		44.00,				1.18375,				0.73333
181,		34.00,		37.13,		44.00,				1.18490,				0.73333
182,		34.00,		37.03,		44.00,				1.18816,				0.73333
183,		32.00,		37.03,		44.00,				1.18835,				0.73333
184,		28.00,		37.03,		44.00,				1.18835,				0.73333
185,		32.00,		36.99,		44.00,				1.18938,				0.73333
186,		32.00,		40.46,		46.00,				1.13687,				0.76667
187,		32.00,		38.93,		47.00,				1.20723,				0.78333
188,		32.00,		41.70,		47.00,				1.12710,				0.78333
189,		35.00,		39.59,		47.00,				1.18723,				0.78333
190,		35.00,		41.81,		47.00,				1.12408,				0.78333
191,		32.00,		43.02,		47.00,				1.09257,				0.78333
192,		28.00,		41.69,		46.00,				1.10328,				0.76667
193,		35.00,		42.92,		46.00,				1.07166,				0.76667
194,		32.00,		39.91,		46.00,				1.15254,				0.76667
195,		28.00,		39.65,		47.00,				1.18537,				0.78333
196,		23.00,		34.13,		47.00,				1.37725,				0.78333
197,		26.00,		39.67,		47.00,				1.18483,				0.78333
198,		23.00,		34.61,		47.00,				1.35807,				0.78333
199,		23.00,		40.16,		44.00,				1.09562,				0.73333
200,		28.00,		42.40,		44.00,				1.03783,				0.73333
201,		27.00,		35.51,		47.00,				1.32357,				0.78333
202,		27.00,		40.45,		47.00,				1.16187,				0.78333
203,		23.00,		34.52,		46.00,				1.33264,				0.76667
204,		23.00,		35.15,		46.00,				1.30868,				0.76667
205,		27.00,		36.92,		46.00,				1.24600,				0.76667
206,		23.00,		32.80,		46.00,				1.40244,				0.76667
207,		23.00,		30.58,		46.00,				1.50435,				0.76667
208,		23.00,		31.17,		46.00,				1.47597,				0.76667
209,		23.00,		29.98,		46.00,				1.53446,				0.76667
210,		26.00,		34.88,		48.00,				1.37607,				0.80000
211,		26.00,		32.14,		46.00,				1.43124,				0.76667
212,		23.00,		30.85,		46.00,				1.49099,				0.76667
213,		23.00,		31.76,		46.00,				1.44855,				0.76667
214,		23.00,		30.34,		46.00,				1.51615,				0.76667
215,		26.00,		29.40,		46.00,				1.56463,				0.76667
216,		26.00,		29.03,		46.00,				1.58457,				0.76667
217,		26.00,		28.97,		46.00,				1.58796,				0.76667
218,		23.00,		28.63,		46.00,				1.60659,				0.76667
219,		23.00,		29.57,		46.00,				1.55574,				0.76667
220,		23.00,		28.80,		46.00,				1.59711,				0.76667
221,		23.00,		28.46,		37.00,				1.29998,				0.61667
222,		26.00,		28.28,		37.00,				1.30825,				0.61667
223,		23.00,		28.18,		37.00,				1.31299,				0.61667
224,		23.00,		28.05,		37.00,				1.31889,				0.61667
225,		23.00,		28.09,		37.00,				1.31738,				0.61667
226,		23.00,		27.98,		31.00,				1.10809,				0.51667
227,		23.00,		28.04,		37.00,				1.31954,				0.61667
228,		23.00,		28.06,		37.00,				1.31842,				0.61667
229,		27.00,		28.04,		37.00,				1.31954,				0.61667
230,		27.00,		28.08,		37.00,				1.31766,				0.61667
231,		26.00,		28.08,		37.00,				1.31766,				0.61667
232,		23.00,		28.03,		35.00,				1.24875,				0.58333
233,		26.00,		28.05,		37.00,				1.31917,				0.61667
234,		23.00,		28.03,		37.00,				1.31983,				0.61667
235,		26.00,		28.06,		37.00,				1.31851,				0.61667
236,		23.00,		28.05,		37.00,				1.31889,				0.61667
237,		26.00,		28.03,		37.00,				1.31992,				0.61667
238,		26.00,		27.99,		30.00,				1.07173,				0.50000
239,		26.00,		28.05,		37.00,				1.31926,				0.61667
240,		23.00,		28.04,		35.00,				1.24813,				0.58333
241,		23.00,		28.05,		35.00,				1.24759,				0.58333
242,		23.00,		28.02,		35.00,				1.24902,				0.58333
243,		21.00,		27.10,		37.00,				1.36531,				0.61667
244,		24.00,		26.61,		35.00,				1.31520,				0.58333
245,		24.00,		26.33,		35.00,				1.32938,				0.58333
246,		24.00,		26.61,		35.00,				1.31549,				0.58333
247,		21.00,		26.30,		35.00,				1.33080,				0.58333
248,		21.00,		26.16,		29.00,				1.10839,				0.48333
249,		21.00,		26.65,		35.00,				1.31342,				0.58333
250,		21.00,		26.38,		35.00,				1.32676,				0.58333
251,		24.00,		26.22,		35.00,				1.33506,				0.58333
252,		24.00,		26.18,		35.00,				1.33710,				0.58333
253,		25.00,		26.15,		36.00,				1.37646,				0.60000
254,		24.00,		26.10,		33.00,				1.26417,				0.55000
255,		21.00,		26.08,		35.00,				1.34213,				0.58333
256,		21.00,		26.06,		33.00,				1.26650,				0.55000
257,		21.00,		27.07,		37.00,				1.36693,				0.61667
258,		25.00,		27.60,		37.00,				1.34068,				0.61667
259,		26.00,		27.85,		37.00,				1.32845,				0.61667
260,		19.00,		27.90,		30.00,				1.07511,				0.50000
261,		19.00,		27.96,		37.00,				1.32332,				0.61667
262,		19.00,		28.03,		37.00,				1.32001,				0.61667
263,		19.00,		28.02,		37.00,				1.32067,				0.61667
264,		19.00,		28.09,		37.00,				1.31710,				0.61667
265,		27.00,		28.16,		37.00,				1.31401,				0.61667
266,		27.00,		28.14,		37.00,				1.31504,				0.61667
267,		26.00,		28.10,		37.00,				1.31691,				0.61667
268,		19.00,		28.08,		35.00,				1.24635,				0.58333
269,		19.00,		28.06,		35.00,				1.24724,				0.58333
270,		26.00,		28.08,		35.00,				1.24662,				0.58333
271,		19.00,		28.03,		31.00,				1.10580,				0.51667
272,		26.00,		28.05,		35.00,				1.24777,				0.58333
273,		19.00,		27.98,		32.00,				1.14384,				0.53333
274,		26.00,		28.04,		32.00,				1.14131,				0.53333
275,		26.00,		28.06,		35.00,				1.24750,				0.58333
276,		19.00,		28.02,		35.00,				1.24893,				0.58333
277,		26.00,		28.06,		37.00,				1.31851,				0.61667
278,		26.00,		28.08,		37.00,				1.31757,				0.61667
279,		27.00,		28.09,		37.00,				1.31710,				0.61667
280,		27.00,		28.05,		37.00,				1.31926,				0.61667
281,		27.00,		28.08,		37.00,				1.31766,				0.61667
282,		26.00,		28.03,		33.00,				1.17723,				0.55000
283,		26.00,		28.03,		35.00,				1.24866,				0.58333
284,		26.00,		28.03,		35.00,				1.24857,				0.58333
285,		26.00,		28.07,		35.00,				1.24679,				0.58333
286,		26.00,		28.10,		35.00,				1.24573,				0.58333
287,		27.00,		28.10,		37.00,				1.31663,				0.61667
288,		26.00,		28.02,		35.00,				1.24893,				0.58333
289,		19.00,		28.05,		37.00,				1.31917,				0.61667
290,		19.00,		28.04,		37.00,				1.31945,				0.61667
291,		19.00,		28.01,		37.00,				1.32077,				0.61667
292,		19.00,		28.05,		37.00,				1.31889,				0.61667
293,		26.00,		28.07,		37.00,				1.31813,				0.61667
294,		25.00,		27.77,		37.00,				1.33247,				0.61667
295,		25.00,		27.38,		35.00,				1.27840,				0.58333
296,		24.00,		27.71,		35.00,				1.26290,				0.58333
297,		19.00,		27.86,		31.00,				1.11271,				0.51667
298,		24.00,		27.98,		37.00,				1.32228,				0.61667
299,		25.00,		28.08,		37.00,				1.31776,				0.61667
300,		25.00,		28.10,		37.00,				1.31691,				0.61667
301,		25.00,		28.10,		37.00,				1.31654,				0.61667
302,		26.00,		28.14,		37.00,				1.31504,				0.61667
303,		26.00,		28.14,		37.00,				1.31504,				0.61667
304,		26.00,		28.11,		37.00,				1.31644,				0.61667
305,		19.00,		28.03,		37.00,				1.32020,				0.61667
306,		19.00,		31.95,		44.00,				1.37698,				0.73333
307,		19.00,		29.77,		44.00,				1.47780,				0.73333
308,		26.00,		28.70,		37.00,				1.28938,				0.61667
309,		24.00,		28.30,		39.00,				1.37799,				0.65000
310,		24.00,		27.77,		37.00,				1.33257,				0.61667
311,		20.00,		27.51,		37.00,				1.34506,				0.61667
312,		20.00,		27.28,		37.00,				1.35650,				0.61667
313,		26.00,		27.57,		37.00,				1.34214,				0.61667
314,		25.00,		27.35,		37.00,				1.35273,				0.61667
315,		20.00,		27.14,		36.00,				1.32636,				0.60000
316,		25.00,		27.11,		34.00,				1.25415,				0.56667
317,		25.00,		27.54,		34.00,				1.23439,				0.56667
318,		19.00,		27.40,		36.00,				1.31387,				0.60000
319,		19.00,		27.20,		36.00,				1.32353,				0.60000
320,		19.00,		27.09,		31.00,				1.14450,				0.51667
321,		19.00,		27.06,		31.00,				1.14560,				0.51667
322,		26.00,		27.12,		34.00,				1.25359,				0.56667
323,		20.00,		27.06,		34.00,				1.25656,				0.56667
324,		24.00,		27.10,		36.00,				1.32851,				0.60000
325,		20.00,		27.10,		36.00,				1.32851,				0.60000
326,		25.00,		27.18,		36.00,				1.32450,				0.60000
327,		24.00,		27.14,		36.00,				1.32646,				0.60000
328,		20.00,		27.06,		36.00,				1.33048,				0.60000
329,		26.00,		27.13,		36.00,				1.32714,				0.60000
330,		24.00,		27.13,		36.00,				1.32694,				0.60000
331,		25.00,		27.11,		34.00,				1.25406,				0.56667
332,		20.00,		27.10,		34.00,				1.25452,				0.56667
333,		20.00,		27.12,		34.00,				1.25378,				0.56667
334,		25.00,		27.08,		34.00,				1.25535,				0.56667
335,		25.00,		27.07,		34.00,				1.25610,				0.56667
336,		24.00,		27.07,		36.00,				1.32969,				0.60000
337,		20.00,		27.02,		36.00,				1.33245,				0.60000
338,		25.00,		27.05,		36.00,				1.33067,				0.60000
339,		25.00,		27.00,		30.00,				1.11119,				0.50000
340,		20.00,		27.02,		36.00,				1.33225,				0.60000
341,		20.00,		27.02,		34.00,				1.25842,				0.56667
342,		20.00,		27.05,		36.00,				1.33107,				0.60000
343,		25.00,		27.12,		36.00,				1.32763,				0.60000
344,		20.00,		27.07,		36.00,				1.32969,				0.60000
345,		20.00,		27.04,		36.00,				1.33126,				0.60000
346,		20.00,		26.99,		30.00,				1.11161,				0.50000
347,		24.00,		26.98,		30.00,				1.11202,				0.50000
348,		20.00,		27.02,		36.00,				1.33235,				0.60000
349,		20.00,		27.00,		36.00,				1.33343,				0.60000
350,		24.00,		27.05,		36.00,				1.33097,				0.60000
351,		24.00,		27.04,		36.00,				1.33156,				0.60000
352,		25.00,		27.06,		36.00,				1.33018,				0.60000
353,		23.00,		26.78,		34.00,				1.26951,				0.56667
354,		23.00,		26.90,		34.00,				1.26375,				0.56667
355,		20.00,		26.97,		34.00,				1.26057,				0.56667
356,		20.00,		27.00,		36.00,				1.33333,				0.60000
357,		24.00,		27.03,		34.00,				1.25786,				0.56667
358,		26.00,		28.56,		37.00,				1.29534,				0.61667
359,		26.00,		29.40,		37.00,				1.25833,				0.61667
360,		24.00,		28.23,		34.00,				1.20422,				0.56667
361,		26.00,		29.18,		37.00,				1.26790,				0.61667
362,		23.00,		28.14,		34.00,				1.20833,				0.56667
363,		25.00,		27.70,		34.00,				1.22744,				0.56667
364,		20.00,		28.63,		34.00,				1.18757,				0.56667
365,		20.00,		27.91,		34.00,				1.21811,				0.56667
366,		20.00,		28.21,		37.00,				1.31168,				0.61667
367,		25.00,		27.66,		34.00,				1.22921,				0.56667
368,		20.00,		27.40,		34.00,				1.24106,				0.56667
369,		20.00,		27.17,		31.00,				1.14105,				0.51667
370,		20.00,		27.11,		34.00,				1.25433,				0.56667
371,		20.00,		27.12,		36.00,				1.32724,				0.60000
372,		20.00,		27.13,		36.00,				1.32714,				0.60000
373,		20.00,		27.07,		36.00,				1.32989,				0.60000
374,		20.00,		27.05,		36.00,				1.33097,				0.60000
375,		20.00,		27.07,		34.00,				1.25591,				0.56667
376,		20.00,		27.06,		36.00,				1.33048,				0.60000
377,		20.00,		27.09,		36.00,				1.32910,				0.60000
378,		20.00,		27.06,		36.00,				1.33057,				0.60000
379,		20.00,		27.08,		36.00,				1.32930,				0.60000
380,		24.00,		27.09,		36.00,				1.32881,				0.60000
381,		24.00,		27.01,		34.00,				1.25870,				0.56667
382,		24.00,		27.01,		34.00,				1.25898,				0.56667
383,		20.00,		26.99,		30.00,				1.11136,				0.50000
384,		20.00,		26.99,		30.00,				1.11136,				0.50000
385,		20.00,		27.00,		36.00,				1.33333,				0.60000
386,		20.00,		26.99,		36.00,				1.33363,				0.60000
387,		24.00,		27.04,		36.00,				1.33136,				0.60000
388,		24.00,		27.04,		36.00,				1.33126,				0.60000
389,		20.00,		27.05,		36.00,				1.33097,				0.60000
390,		20.00,		26.98,		30.00,				1.11193,				0.50000
391,		20.00,		26.99,		36.00,				1.33403,				0.60000
392,		20.00,		27.02,		36.00,				1.33235,				0.60000
393,		20.00,		26.99,		36.00,				1.33363,				0.60000
394,		24.00,		27.04,		36.00,				1.33116,				0.60000
395,		20.00,		26.95,		30.00,				1.11317,				0.50000
396,		20.00,		26.99,		36.00,				1.33373,				0.60000
397,		20.00,		27.04,		36.00,				1.33126,				0.60000
398,		24.00,		27.03,		34.00,				1.25805,				0.56667
399,		20.00,		27.01,		34.00,				1.25870,				0.56667
400,		20.00,		27.02,		34.00,				1.25814,				0.56667
401,		20.00,		27.03,		36.00,				1.33185,				0.60000
402,		20.00,		27.07,		36.00,				1.32998,				0.60000
403,		20.00,		27.07,		36.00,				1.32989,				0.60000
404,		20.00,		31.56,		39.00,				1.23566,				0.65000
405,		25.00,		29.42,		43.00,				1.46159,				0.71667
406,		27.00,		32.93,		43.00,				1.30588,				0.71667
407,		24.00,		30.85,		43.00,				1.39402,				0.71667
408,		24.00,		33.95,		42.00,				1.23719,				0.70000
409,		25.00,		30.71,		38.00,				1.23722,				0.63333
410,		25.00,		33.70,		43.00,				1.27589,				0.71667
411,		26.00,		35.07,		43.00,				1.22605,				0.71667
412,		27.00,		35.62,		39.00,				1.09489,				0.65000
413,		27.00,		35.87,		43.00,				1.19884,				0.71667
414,		29.00,		36.01,		43.00,				1.19398,				0.71667
415,		27.00,		36.06,		43.00,				1.19259,				0.71667
416,		27.00,		36.01,		43.00,				1.19418,				0.71667
417,		27.00,		36.00,		43.00,				1.19431,				0.71667
418,		27.00,		35.99,		43.00,				1.19464,				0.71667
419,		27.00,		35.95,		39.00,				1.08484,				0.65000
420,		34.00,		36.01,		39.00,				1.08303,				0.65000
421,		27.00,		36.01,		43.00,				1.19411,				0.71667
422,		33.00,		36.07,		43.00,				1.19213,				0.71667
423,		29.00,		36.03,		43.00,				1.19332,				0.71667
424,		27.00,		35.97,		39.00,				1.08424,				0.65000
425,		29.00,		35.99,		43.00,				1.19464,				0.71667
426,		27.00,		35.97,		43.00,				1.19531,				0.71667
427,		29.00,		35.99,		43.00,				1.19471,				0.71667
428,		27.00,		35.95,		43.00,				1.19617,				0.71667
429,		27.00,		35.98,		43.00,				1.19524,				0.71667
430,		27.00,		35.99,		38.00,				1.05585,				0.63333
431,		27.00,		35.98,		39.00,				1.08394,				0.65000
432,		27.00,		35.94,		39.00,				1.08502,				0.65000
433,		27.00,		35.96,		38.00,				1.05679,				0.63333
434,		27.00,		35.99,		43.00,				1.19471,				0.71667
435,		27.00,		36.01,		43.00,				1.19418,				0.71667
436,		33.00,		36.01,		43.00,				1.19418,				0.71667
437,		33.00,		36.01,		43.00,				1.19398,				0.71667
438,		27.00,		36.02,		43.00,				1.19391,				0.71667
439,		29.00,		35.97,		39.00,				1.08412,				0.65000
440,		27.00,		35.97,		39.00,				1.08412,				0.65000
441,		29.00,		35.97,		38.00,				1.05649,				0.63333
442,		27.00,		35.94,		43.00,				1.19657,				0.71667
443,		27.00,		36.02,		43.00,				1.19365,				0.71667
444,		27.00,		36.02,		43.00,				1.19385,				0.71667
445,		29.00,		36.00,		43.00,				1.19451,				0.71667
446,		29.00,		36.01,		43.00,				1.19411,				0.71667
447,		33.00,		36.03,		43.00,				1.19358,				0.71667
448,		27.00,		36.02,		43.00,				1.19371,				0.71667
449,		27.00,		36.04,		43.00,				1.19318,				0.71667
450,		27.00,		36.05,		46.00,				1.27615,				0.76667
451,		27.00,		36.01,		43.00,				1.19398,				0.71667
452,		27.00,		35.46,		43.00,				1.21263,				0.71667
453,		27.00,		35.70,		43.00,				1.20448,				0.71667
454,		32.00,		35.76,		39.00,				1.09073,				0.65000
455,		28.00,		34.84,		37.00,				1.06200,				0.61667
456,		27.00,		34.47,		38.00,				1.10254,				0.63333
457,		27.00,		34.31,		39.00,				1.13663,				0.65000
458,		29.00,		34.16,		41.00,				1.20023,				0.68333
459,		27.00,		34.12,		38.00,				1.11365,				0.63333
460,		27.00,		35.07,		43.00,				1.22598,				0.71667
461,		27.00,		35.54,		43.00,				1.20990,				0.71667
462,		29.00,		35.77,		43.00,				1.20219,				0.71667
463,		27.00,		35.94,		43.00,				1.19637,				0.71667
464,		31.00,		35.06,		46.00,				1.31204,				0.76667
465,		27.00,		35.55,		46.00,				1.29381,				0.76667
466,		27.00,		35.34,		46.00,				1.30157,				0.76667
467,		27.00,		37.16,		46.00,				1.23782,				0.76667
468,		29.00,		36.70,		46.00,				1.25354,				0.76667
469,		29.00,		36.31,		46.00,				1.26680,				0.76667
470,		34.00,		36.38,		46.00,				1.26457,				0.76667
471,		33.00,		37.74,		46.00,				1.21887,				0.76667
472,		29.00,		36.89,		46.00,				1.24688,				0.76667
473,		33.00,		36.56,		46.00,				1.25807,				0.76667
474,		29.00,		36.30,		43.00,				1.18444,				0.71667
475,		27.00,		36.11,		43.00,				1.19094,				0.71667
476,		27.00,		39.60,		46.00,				1.16162,				0.76667
477,		27.00,		38.17,		45.00,				1.17887,				0.75000
478,		35.00,		40.73,		46.00,				1.12944,				0.76667
479,		34.00,		38.42,		45.00,				1.17114,				0.75000
480,		34.00,		39.84,		46.00,				1.15473,				0.76667
481,		27.00,		41.59,		46.00,				1.10598,				0.76667
482,		27.00,		42.23,		46.00,				1.08917,				0.76667
483,		34.00,		42.74,		46.00,				1.07622,				0.76667
484,		36.00,		42.90,		45.00,				1.04890,				0.75000
485,		29.00,		39.42,		45.00,				1.14149,				0.75000
486,		34.00,		41.13,		44.00,				1.06978,				0.73333
487,		36.00,		39.33,		45.00,				1.14422,				0.75000
488,		34.00,		41.31,		45.00,				1.08932,				0.75000
489,		29.00,		39.40,		45.00,				1.14213,				0.75000
490,		29.00,		38.17,		44.00,				1.15274,				0.73333
491,		29.00,		40.59,		44.00,				1.08406,				0.73333
492,		28.00,		41.60,		45.00,				1.08173,				0.75000
493,		36.00,		42.63,		45.00,				1.05550,				0.75000
494,		36.00,		42.80,		46.00,				1.07477,				0.76667
495,		34.00,		42.88,		46.00,				1.07276,				0.76667
496,		34.00,		42.93,		45.00,				1.04827,				0.75000
497,		36.00,		42.96,		45.00,				1.04744,				0.75000
498,		36.00,		42.99,		45.00,				1.04680,				0.75000
499,		36.00,		43.00,		46.00,				1.06977,				0.76667
500,		36.00,		42.99,		46.00,				1.07002,				0.76667
501,		36.00,		43.00,		46.00,				1.06967,				0.76667
502,		40.00,		42.99,		45.00,				1.04671,				0.75000
503,		34.00,		42.97,		46.00,				1.07041,				0.76667
504,		34.00,		42.97,		45.00,				1.04729,				0.75000
505,		40.00,		42.99,		46.00,				1.06997,				0.76667
506,		36.00,		42.93,		46.00,				1.07146,				0.76667
507,		33.00,		42.90,		46.00,				1.07216,				0.76667
508,		33.00,		42.94,		46.00,				1.07116,				0.76667
509,		34.00,		42.97,		46.00,				1.07056,				0.76667
510,		34.00,		42.88,		45.00,				1.04949,				0.75000
511,		36.00,		42.97,		45.00,				1.04734,				0.75000
512,		40.00,		42.99,		45.00,				1.04671,				0.75000
513,		40.00,		42.99,		46.00,				1.06992,				0.76667
514,		36.00,		42.99,		45.00,				1.04685,				0.75000
515,		34.00,		42.98,		46.00,				1.07027,				0.76667
516,		34.00,		42.95,		46.00,				1.07111,				0.76667
517,		34.00,		42.97,		46.00,				1.07051,				0.76667
518,		34.00,		42.93,		46.00,				1.07146,				0.76667
519,		34.00,		42.95,		46.00,				1.07106,				0.76667
520,		36.00,		43.00,		46.00,				1.06977,				0.76667
521,		34.00,		42.97,		46.00,				1.07046,				0.76667
522,		34.00,		42.98,		46.00,				1.07027,				0.76667
523,		41.00,		43.01,		46.00,				1.06962,				0.76667
524,		36.00,		42.97,		45.00,				1.04729,				0.75000
525,		34.00,		42.97,		45.00,				1.04719,				0.75000
526,		34.00,		42.94,		45.00,				1.04802,				0.75000
527,		36.00,		43.00,		45.00,				1.04661,				0.75000
528,		40.00,		42.98,		46.00,				1.07032,				0.76667
529,		34.00,		42.95,		46.00,				1.07101,				0.76667
530,		34.00,		42.96,		46.00,				1.07076,				0.76667
531,		36.00,		42.96,		46.00,				1.07076,				0.76667
532,		36.00,		42.97,		46.00,				1.07061,				0.76667
533,		36.00,		42.54,		46.00,				1.08134,				0.76667
534,		29.00,		41.36,		45.00,				1.08806,				0.75000
535,		36.00,		42.22,		46.00,				1.08948,				0.76667
536,		36.00,		43.61,		47.00,				1.07764,				0.78333
537,		33.00,		43.84,		48.00,				1.09499,				0.80000
538,		36.00,		43.41,		48.00,				1.10569,				0.80000
539,		36.00,		44.18,		47.00,				1.06373,				0.78333
540,		36.00,		44.55,		48.00,				1.07744,				0.80000
541,		36.00,		44.73,		47.00,				1.05080,				0.78333
542,		36.00,		44.83,		47.00,				1.04841,				0.78333
543,		36.00,		44.07,		46.00,				1.04389,				0.76667
544,		40.00,		44.27,		46.00,				1.03917,				0.76667
545,		36.00,		44.58,		46.00,				1.03190,				0.76667
546,		36.00,		44.01,		46.00,				1.04517,				0.76667
547,		33.00,		43.47,		46.00,				1.05820,				0.76667
548,		36.00,		43.25,		46.00,				1.06358,				0.76667
549,		36.00,		43.10,		46.00,				1.06729,				0.76667
550,		34.00,		43.03,		46.00,				1.06892,				0.76667
551,		34.00,		43.02,		46.00,				1.06922,				0.76667
552,		39.00,		42.29,		46.00,				1.08783,				0.76667
553,		36.00,		42.64,		46.00,				1.07885,				0.76667
554,		33.00,		42.20,		45.00,				1.06630,				0.75000
555,		36.00,		42.62,		44.00,				1.03248,				0.73333
556,		36.00,		41.33,		44.00,				1.06465,				0.73333
557,		36.00,		42.11,		44.00,				1.04493,				0.73333
558,		34.00,		42.54,		46.00,				1.08123,				0.76667
559,		34.00,		42.76,		46.00,				1.07577,				0.76667
560,		36.00,		42.89,		46.00,				1.07256,				0.76667
561,		36.00,		43.41,		46.00,				1.05966,				0.76667
562,		36.00,		43.21,		46.00,				1.06462,				0.76667
563,		34.00,		43.07,		46.00,				1.06803,				0.76667
564,		34.00,		42.96,		45.00,				1.04744,				0.75000
565,		36.00,		43.05,		46.00,				1.06862,				0.76667
566,		36.00,		42.98,		46.00,				1.07032,				0.76667
567,		34.00,		42.94,		46.00,				1.07121,				0.76667
568,		33.00,		42.98,		46.00,				1.07022,				0.76667
569,		36.00,		43.00,		46.00,				1.06982,				0.76667
570,		34.00,		42.94,		46.00,				1.07116,				0.76667
571,		34.00,		42.94,		46.00,				1.07136,				0.76667
572,		34.00,		42.97,		46.00,				1.07056,				0.76667
573,		34.00,		42.98,		46.00,				1.07017,				0.76667
574,		34.00,		42.96,		46.00,				1.07066,				0.76667
575,		34.00,		42.96,		46.00,				1.07086,				0.76667
576,		34.00,		42.90,		46.00,				1.07226,				0.76667
577,		34.00,		42.98,		46.00,				1.07027,				0.76667
578,		34.00,		42.99,		46.00,				1.07007,				0.76667
579,		36.00,		42.99,		46.00,				1.07012,				0.76667
580,		36.00,		42.96,		46.00,				1.07071,				0.76667
581,		36.00,		42.96,		46.00,				1.07071,				0.76667
582,		36.00,		42.89,		46.00,				1.07241,				0.76667
583,		36.00,		42.99,		46.00,				1.07002,				0.76667
584,		34.00,		42.95,		46.00,				1.07111,				0.76667
585,		34.00,		42.95,		46.00,				1.07106,				0.76667
586,		36.00,		43.07,		46.00,				1.06803,				0.76667
587,		40.00,		43.06,		46.00,				1.06833,				0.76667
588,		37.00,		43.03,		46.00,				1.06907,				0.76667
589,		36.00,		42.98,		46.00,				1.07032,				0.76667
590,		36.00,		42.96,		45.00,				1.04749,				0.75000
591,		36.00,		42.95,		46.00,				1.07096,				0.76667
592,		36.00,		42.92,		46.00,				1.07186,				0.76667
593,		36.00,		42.92,		46.00,				1.07171,				0.76667
594,		36.00,		42.94,		46.00,				1.07116,				0.76667
595,		34.00,		42.97,		46.00,				1.07056,				0.76667
596,		34.00,		42.96,		46.00,				1.07076,				0.76667
597,		36.00,		42.99,		46.00,				1.07012,				0.76667
598,		36.00,		42.95,		46.00,				1.07096,				0.76667
599,		34.00,		42.91,		44.00,				1.02535,				0.73333
600,		34.00,		42.91,		44.00,				1.02535,				0.73333
601,		36.00,		42.95,		46.00,				1.07111,				0.76667
602,		34.00,		42.95,		46.00,				1.07101,				0.76667
603,		34.00,		42.94,		46.00,				1.07116,				0.76667
604,		36.00,		42.98,		46.00,				1.07017,				0.76667
605,		34.00,		42.97,		46.00,				1.07051,				0.76667
606,		34.00,		42.99,		46.00,				1.07012,				0.76667
607,		34.00,		42.97,		46.00,				1.07051,				0.76667
608,		34.00,		42.98,		46.00,				1.07022,				0.76667
609,		40.00,		43.01,		46.00,				1.06957,				0.76667
610,		36.00,		42.98,		46.00,				1.07022,				0.76667
611,		34.00,		42.98,		46.00,				1.07017,				0.76667
612,		36.00,		42.99,		45.00,				1.04680,				0.75000
613,		35.00,		42.96,		45.00,				1.04758,				0.75000
614,		36.00,		42.98,		44.00,				1.02383,				0.73333
615,		36.00,		42.94,		45.00,				1.04788,				0.75000
616,		34.00,		42.93,		45.00,				1.04812,				0.75000
617,		34.00,		42.93,		46.00,				1.07156,				0.76667
618,		34.00,		42.89,		46.00,				1.07246,				0.76667
619,		34.00,		42.95,		46.00,				1.07091,				0.76667
620,		34.00,		42.91,		46.00,				1.07206,				0.76667
621,		34.00,		42.95,		46.00,				1.07111,				0.76667
622,		36.00,		42.99,		47.00,				1.09333,				0.78333
623,		36.00,		42.96,		47.00,				1.09414,				0.78333
624,		36.00,		43.00,		46.00,				1.06967,				0.76667
625,		36.00,		42.99,		46.00,				1.07007,				0.76667
626,		34.00,		42.97,		46.00,				1.07051,				0.76667
627,		36.00,		43.00,		46.00,				1.06982,				0.76667
628,		34.00,		44.43,		47.00,				1.05784,				0.78333
629,		36.00,		45.26,		48.00,				1.06049,				0.80000
630,		34.00,		44.11,		49.00,				1.11086,				0.81667
631,		34.00,		44.91,		49.00,				1.09102,				0.81667
632,		37.00,		45.55,		49.00,				1.07579,				0.81667
633,		37.00,		45.58,		49.00,				1.07508,				0.81667
634,		36.00,		45.73,		49.00,				1.07146,				0.81667
635,		39.00,		45.88,		49.00,				1.06810,				0.81667
636,		37.00,		45.88,		49.00,				1.06791,				0.81667
637,		37.00,		45.91,		49.00,				1.06721,				0.81667
638,		39.00,		44.44,		49.00,				1.10271,				0.81667
639,		39.00,		45.28,		49.00,				1.08206,				0.81667
640,		39.00,		45.64,		47.00,				1.02984,				0.78333
641,		37.00,		45.70,		47.00,				1.02836,				0.78333
642,		37.00,		45.81,		49.00,				1.06973,				0.81667
643,		37.00,		45.86,		49.00,				1.06852,				0.81667
644,		37.00,		45.80,		49.00,				1.06987,				0.81667
645,		37.00,		45.90,		49.00,				1.06749,				0.81667
646,		39.00,		45.95,		49.00,				1.06642,				0.81667
647,		39.00,		46.00,		49.00,				1.06512,				0.81667
648,		37.00,		45.93,		49.00,				1.06689,				0.81667
649,		37.00,		45.92,		48.00,				1.04530,				0.80000
650,		37.00,		45.87,		48.00,				1.04648,				0.80000
651,		37.00,		45.91,		48.00,				1.04561,				0.80000
652,		39.00,		45.87,		48.00,				1.04644,				0.80000
653,		39.00,		45.92,		48.00,				1.04525,				0.80000
654,		37.00,		45.92,		48.00,				1.04525,				0.80000
655,		37.00,		45.93,		49.00,				1.06689,				0.81667
656,		39.00,		45.97,		49.00,				1.06596,				0.81667
657,		37.00,		45.93,		48.00,				1.04507,				0.80000
658,		43.00,		45.99,		48.00,				1.04361,				0.80000
659,		37.00,		45.97,		49.00,				1.06596,				0.81667
660,		39.00,		45.95,		48.00,				1.04466,				0.80000
661,		38.00,		45.48,		47.00,				1.03333,				0.78333
662,		37.00,		45.76,		49.00,				1.07085,				0.81667
663,		38.00,		45.45,		49.00,				1.07801,				0.81667
664,		39.00,		45.69,		49.00,				1.07249,				0.81667
665,		42.00,		45.82,		47.00,				1.02566,				0.78333
666,		37.00,		45.88,		48.00,				1.04612,				0.80000
667,		37.00,		45.86,		49.00,				1.06838,				0.81667
668,		37.00,		45.96,		49.00,				1.06605,				0.81667
669,		37.00,		45.94,		49.00,				1.06661,				0.81667
670,		39.00,		45.93,		48.00,				1.04507,				0.80000
671,		39.00,		45.93,		47.00,				1.02339,				0.78333
672,		39.00,		45.93,		48.00,				1.04511,				0.80000
673,		37.00,		45.93,		48.00,				1.04498,				0.80000
674,		39.00,		45.89,		47.00,				1.02410,				0.78333
675,		39.00,		45.96,		49.00,				1.06605,				0.81667
676,		39.00,		45.94,		49.00,				1.06656,				0.81667
677,		39.00,		45.48,		49.00,				1.07749,				0.81667
678,		39.00,		45.76,		49.00,				1.07076,				0.81667
679,		43.00,		45.88,		49.00,				1.06791,				0.81667
680,		39.00,		45.83,		49.00,				1.06917,				0.81667
681,		38.00,		45.73,		48.00,				1.04969,				0.80000
682,		37.00,		45.83,		48.00,				1.04726,				0.80000
683,		36.00,		45.35,		49.00,				1.08053,				0.81667
684,		37.00,		46.12,		49.00,				1.06254,				0.81667
685,		37.00,		46.00,		49.00,				1.06531,				0.81667
686,		38.00,		46.44,		49.00,				1.05503,				0.81667
687,		38.00,		46.70,		48.00,				1.02775,				0.80000
688,		39.00,		46.87,		50.00,				1.06669,				0.83333
689,		39.00,		46.91,		50.00,				1.06583,				0.83333
690,		38.00,		46.88,		50.00,				1.06646,				0.83333
691,		38.00,		46.92,		50.00,				1.06569,				0.83333
692,		40.00,		47.46,		50.00,				1.05347,				0.83333
693,		38.00,		47.23,		50.00,				1.05865,				0.83333
694,		37.00,		47.05,		50.00,				1.06274,				0.83333
695,		38.00,		46.96,		50.00,				1.06474,				0.83333
696,		37.00,		47.40,		51.00,				1.07586,				0.85000
697,		37.00,		47.63,		51.00,				1.07066,				0.85000
698,		37.00,		47.78,		51.00,				1.06730,				0.85000
699,		37.00,		47.80,		51.00,				1.06699,				0.85000
700,		37.00,		47.86,		49.00,				1.02382,				0.81667
701,		37.00,		47.79,		49.00,				1.02528,				0.81667
702,		37.00,		47.85,		51.00,				1.06588,				0.85000
703,		37.00,		47.90,		50.00,				1.04393,				0.83333
704,		37.00,		47.90,		51.00,				1.06481,				0.85000
705,		39.00,		47.94,		50.00,				1.04301,				0.83333
706,		41.00,		47.95,		51.00,				1.06361,				0.85000
707,		37.00,		47.95,		51.00,				1.06365,				0.85000
708,		37.00,		47.96,		51.00,				1.06343,				0.85000
709,		39.00,		47.95,		51.00,				1.06365,				0.85000
710,		41.00,		47.97,		50.00,				1.04236,				0.83333
711,		41.00,		47.95,		50.00,				1.04280,				0.83333
712,		47.00,		48.01,		51.00,				1.06237,				0.85000
713,		39.00,		47.95,		51.00,				1.06356,				0.85000
714,		39.00,		47.95,		51.00,				1.06361,				0.85000
715,		37.00,		47.95,		51.00,				1.06356,				0.85000
716,		37.00,		47.88,		51.00,				1.06521,				0.85000
717,		41.00,		47.95,		51.00,				1.06370,				0.85000
718,		41.00,		47.95,		51.00,				1.06361,				0.85000
719,		41.00,		47.97,		51.00,				1.06316,				0.85000
720,		37.00,		47.87,		51.00,				1.06530,				0.85000
721,		37.00,		47.93,		51.00,				1.06401,				0.85000
722,		39.00,		47.94,		49.00,				1.02211,				0.81667
723,		41.00,		47.96,		51.00,				1.06343,				0.85000
724,		39.00,		47.92,		49.00,				1.02245,				0.81667
725,		39.00,		47.94,		51.00,				1.06392,				0.85000
726,		37.00,		47.92,		51.00,				1.06423,				0.85000
727,		37.00,		47.93,		51.00,				1.06405,				0.85000
728,		37.00,		47.93,		51.00,				1.06401,				0.85000
729,		39.00,		47.93,		51.00,				1.06410,				0.85000
730,		41.00,		47.95,		51.00,				1.06370,				0.85000
731,		39.00,		47.92,		51.00,				1.06427,				0.85000
732,		37.00,		47.88,		51.00,				1.06521,				0.85000
733,		37.00,		47.93,		51.00,				1.06414,				0.85000
734,		37.00,		47.94,		51.00,				1.06387,				0.85000
735,		37.00,		47.92,		51.00,				1.06423,				0.85000
736,		37.00,		47.89,		51.00,				1.06485,				0.85000
737,		37.00,		47.95,		51.00,				1.06361,				0.85000
738,		45.00,		47.97,		49.00,				1.02147,				0.81667
739,		39.00,		47.94,		49.00,				1.02220,				0.81667
740,		46.00,		47.98,		49.00,				1.02117,				0.81667
741,		46.00,		47.99,		51.00,				1.06281,				0.85000
742,		41.00,		47.96,		49.00,				1.02160,				0.81667
743,		41.00,		47.98,		49.00,				1.02117,				0.81667
744,		41.00,		47.98,		51.00,				1.06294,				0.85000
745,		41.00,		47.94,		51.00,				1.06379,				0.85000
746,		37.00,		47.91,		49.00,				1.02284,				0.81667
747,		41.00,		47.96,		49.00,				1.02177,				0.81667
748,		39.00,		47.93,		49.00,				1.02232,				0.81667
749,		41.00,		47.93,		49.00,				1.02228,				0.81667
750,		37.00,		47.92,		49.00,				1.02249,				0.81667
751,		37.00,		47.86,		49.00,				1.02378,				0.81667
752,		37.00,		47.89,		49.00,				1.02314,				0.81667
753,		45.00,		47.98,		49.00,				1.02134,				0.81667
754,		39.00,		47.94,		49.00,				1.02207,				0.81667
755,		41.00,		47.94,		49.00,				1.02207,				0.81667
756,		39.00,		47.89,		49.00,				1.02314,				0.81667
757,		41.00,		47.95,		49.00,				1.02181,				0.81667
758,		41.00,		47.93,		49.00,				1.02228,				0.81667
759,		37.00,		47.91,		51.00,				1.06445,				0.85000
760,		41.00,		47.93,		49.00,				1.02224,				0.81667
761,		39.00,		47.90,		48.00,				1.00205,				0.80000
762,		37.00,		47.93,		51.00,				1.06410,				0.85000
763,		37.00,		47.92,		49.00,				1.02262,				0.81667
764,		39.00,		47.92,		49.00,				1.02258,				0.81667
765,		37.00,		47.85,		49.00,				1.02395,				0.81667
766,		37.00,		47.92,		51.00,				1.06418,				0.85000
767,		37.00,		47.87,		51.00,				1.06539,				0.85000
768,		37.00,		47.91,		51.00,				1.06450,				0.85000
769,		41.00,		47.95,		51.00,				1.06352,				0.85000
770,		41.00,		47.93,		51.00,				1.06405,				0.85000
771,		37.00,		47.91,		51.00,				1.06458,				0.85000
772,		37.00,		47.86,		49.00,				1.02391,				0.81667
773,		37.00,		47.80,		48.00,				1.00410,				0.80000
774,		37.00,		47.82,		49.00,				1.02459,				0.81667
775,		39.00,		47.87,		49.00,				1.02365,				0.81667
776,		41.00,		47.92,		49.00,				1.02262,				0.81667
777,		41.00,		47.91,		49.00,				1.02284,				0.81667
778,		37.00,		47.88,		49.00,				1.02343,				0.81667
779,		37.00,		47.94,		51.00,				1.06383,				0.85000
780,		37.00,		47.95,		51.00,				1.06365,				0.85000
781,		37.00,		47.96,		51.00,				1.06334,				0.85000
782,		37.00,		47.95,		51.00,				1.06370,				0.85000
783,		39.00,		47.97,		51.00,				1.06325,				0.85000
784,		37.00,		47.91,		51.00,				1.06441,				0.85000
785,		37.00,		47.88,		49.00,				1.02343,				0.81667
786,		39.00,		47.82,		49.00,				1.02472,				0.81667
787,		37.00,		47.88,		49.00,				1.02343,				0.81667
788,		37.00,		47.91,		49.00,				1.02279,				0.81667
789,		39.00,		47.93,		50.00,				1.04323,				0.83333
790,		37.00,		47.89,		51.00,				1.06503,				0.85000
791,		37.00,		47.92,		51.00,				1.06432,				0.85000
792,		37.00,		47.88,		49.00,				1.02339,				0.81667
793,		37.00,		47.80,		50.00,				1.04598,				0.83333
794,		37.00,		47.88,		51.00,				1.06516,				0.85000
795,		39.00,		47.92,		51.00,				1.06432,				0.85000
796,		41.00,		47.93,		50.00,				1.04310,				0.83333
797,		39.00,		47.91,		51.00,				1.06445,				0.85000
798,		37.00,		47.89,		49.00,				1.02309,				0.81667
799,		37.00,		47.86,		51.00,				1.06552,				0.85000
800,		37.00,		47.80,		51.00,				1.06690,				0.85000
801,		37.00,		47.87,		51.00,				1.06539,				0.85000
802,		39.00,		47.93,		51.00,				1.06401,				0.85000
803,		41.00,		47.94,		51.00,				1.06383,				0.85000
804,		41.00,		47.97,		51.00,				1.06325,				0.85000
805,		37.00,		47.93,		51.00,				1.06410,				0.85000
806,		37.00,		47.88,		51.00,				1.06525,				0.85000
807,		36.00,		47.91,		48.00,				1.00184,				0.80000
808,		39.00,		47.95,		48.00,				1.00104,				0.80000
809,		37.00,		47.92,		48.00,				1.00163,				0.80000
810,		37.00,		47.94,		51.00,				1.06383,				0.85000
811,		37.00,		47.88,		51.00,				1.06521,				0.85000
812,		37.00,		47.90,		49.00,				1.02301,				0.81667
813,		41.00,		47.95,		49.00,				1.02194,				0.81667
814,		37.00,		47.96,		49.00,				1.02168,				0.81667
815,		37.00,		47.88,		49.00,				1.02339,				0.81667
816,		37.00,		47.79,		49.00,				1.02540,				0.81667
817,		37.00,		47.85,		51.00,				1.06588,				0.85000
818,		37.00,		47.89,		51.00,				1.06490,				0.85000
819,		39.00,		47.91,		51.00,				1.06445,				0.85000
820,		41.00,		47.95,		51.00,				1.06370,				0.85000
821,		37.00,		47.91,		51.00,				1.06454,				0.85000
822,		37.00,		47.89,		49.00,				1.02318,				0.81667
823,		37.00,		47.85,		49.00,				1.02399,				0.81667
824,		37.00,		47.88,		51.00,				1.06512,				0.85000
825,		37.00,		47.88,		51.00,				1.06507,				0.85000
826,		37.00,		47.88,		51.00,				1.06521,				0.85000
827,		39.00,		47.89,		51.00,				1.06490,				0.85000
828,		37.00,		47.94,		51.00,				1.06387,				0.85000
829,		37.00,		47.84,		51.00,				1.06614,				0.85000
830,		37.00,		47.94,		51.00,				1.06379,				0.85000
831,		37.00,		47.94,		49.00,				1.02220,				0.81667
832,		41.00,		47.91,		51.00,				1.06441,				0.85000
833,		37.00,		47.92,		51.00,				1.06427,				0.85000
834,		37.00,		47.89,		51.00,				1.06498,				0.85000
835,		37.00,		47.92,		51.00,				1.06432,				0.85000
836,		37.00,		47.93,		51.00,				1.06414,				0.85000
837,		39.00,		47.92,		51.00,				1.06432,				0.85000
838,		39.00,		47.92,		51.00,				1.06436,				0.85000
839,		37.00,		47.88,		48.00,				1.00259,				0.80000
840,		39.00,		46.90,		48.00,				1.02354,				0.80000
841,		35.00,		47.32,		48.00,				1.01433,				0.80000
842,		39.00,		47.64,		51.00,				1.07048,				0.85000
843,		41.00,		47.81,		51.00,				1.06681,				0.85000
844,		39.00,		47.44,		51.00,				1.07504,				0.85000
845,		41.00,		47.71,		51.00,				1.06900,				0.85000
846,		39.00,		47.85,		51.00,				1.06579,				0.85000
847,		39.00,		47.91,		49.00,				1.02271,				0.81667
848,		39.00,		47.91,		49.00,				1.02267,				0.81667
849,		39.00,		47.89,		49.00,				1.02326,				0.81667
850,		37.00,		47.86,		51.00,				1.06556,				0.85000
851,		37.00,		47.89,		51.00,				1.06485,				0.85000
852,		39.00,		47.91,		51.00,				1.06454,				0.85000
853,		39.00,		47.47,		51.00,				1.07445,				0.85000
854,		41.00,		47.71,		51.00,				1.06896,				0.85000
855,		39.00,		47.55,		51.00,				1.07260,				0.85000
856,		39.00,		47.77,		51.00,				1.06766,				0.85000
857,		37.00,		47.81,		49.00,				1.02480,				0.81667
858,		39.00,		47.87,		51.00,				1.06530,				0.85000
859,		40.00,		47.87,		51.00,				1.06534,				0.85000
860,		39.00,		47.91,		51.00,				1.06454,				0.85000
861,		39.00,		47.92,		49.00,				1.02254,				0.81667
862,		39.00,		47.91,		49.00,				1.02267,				0.81667
863,		37.00,		47.93,		51.00,				1.06405,				0.85000
864,		37.00,		47.90,		49.00,				1.02292,				0.81667
865,		37.00,		47.87,		51.00,				1.06530,				0.85000
866,		39.00,		47.91,		51.00,				1.06441,				0.85000
867,		39.00,		47.96,		51.00,				1.06347,				0.85000
868,		41.00,		47.96,		51.00,				1.06330,				0.85000
869,		41.00,		47.89,		49.00,				1.02322,				0.81667
870,		35.00,		47.53,		49.00,				1.03097,				0.81667
871,		37.00,		47.77,		49.00,				1.02571,				0.81667
872,		41.00,		47.85,		49.00,				1.02399,				0.81667
873,		37.00,		48.35,		49.00,				1.01349,				0.81667
874,		41.00,		48.62,		50.00,				1.02834,				0.83333
875,		38.00,		48.32,		49.00,				1.01411,				0.81667
876,		38.00,		48.05,		49.00,				1.01973,				0.81667
877,		37.00,		47.99,		51.00,				1.06281,				0.85000
878,		37.00,		47.78,		51.00,				1.06730,				0.85000
879,		37.00,		47.77,		49.00,				1.02575,				0.81667
880,		37.00,		47.74,		49.00,				1.02644,				0.81667
881,		41.00,		47.87,		49.00,				1.02361,				0.81667
882,		37.00,		47.86,		51.00,				1.06556,				0.85000
883,		39.00,		47.88,		51.00,				1.06516,				0.85000
884,		39.00,		47.89,		51.00,				1.06490,				0.85000
885,		39.00,		47.94,		51.00,				1.06374,				0.85000
886,		39.00,		47.47,		51.00,				1.07432,				0.85000
887,		40.00,		47.72,		51.00,				1.06873,				0.85000
888,		40.00,		47.34,		51.00,				1.07736,				0.85000
889,		40.00,		47.15,		50.00,				1.06036,				0.83333
890,		36.00,		47.01,		50.00,				1.06360,				0.83333
891,		36.00,		46.92,		48.00,				1.02293,				0.80000
892,		37.00,		46.93,		48.00,				1.02280,				0.80000
893,		37.00,		46.92,		48.00,				1.02306,				0.80000
894,		37.00,		46.94,		50.00,				1.06514,				0.83333
895,		36.00,		46.92,		50.00,				1.06555,				0.83333
896,		36.00,		46.92,		50.00,				1.06555,				0.83333
897,		40.00,		46.93,		50.00,				1.06546,				0.83333
898,		40.00,		46.94,		50.00,				1.06510,				0.83333
899,		40.00,		46.92,		50.00,				1.06560,				0.83333
900,		40.00,		46.60,		48.00,				1.02995,				0.80000
901,		40.00,		46.79,		48.00,				1.02595,				0.80000
902,		36.00,		46.83,		49.00,				1.04625,				0.81667
903,		39.00,		46.92,		50.00,				1.06560,				0.83333
904,		40.00,		46.92,		50.00,				1.06560,				0.83333
905,		40.00,		46.94,		50.00,				1.06528,				0.83333
906,		40.00,		46.92,		50.00,				1.06555,				0.83333
907,		40.00,		46.94,		50.00,				1.06510,				0.83333
908,		36.00,		46.84,		50.00,				1.06755,				0.83333
909,		36.00,		46.36,		50.00,				1.07861,				0.83333
910,		36.00,		47.63,		50.00,				1.04971,				0.83333
911,		36.00,		47.80,		51.00,				1.06703,				0.85000
912,		37.00,		47.25,		50.00,				1.05820,				0.83333
913,		40.00,		47.59,		51.00,				1.07174,				0.85000
914,		37.00,		47.23,		50.00,				1.05856,				0.83333
915,		37.00,		47.10,		50.00,				1.06153,				0.83333
916,		37.00,		46.99,		51.00,				1.08534,				0.85000
917,		36.00,		47.02,		51.00,				1.08469,				0.85000
918,		36.00,		46.89,		51.00,				1.08756,				0.85000
919,		36.00,		46.51,		50.00,				1.07504,				0.83333
920,		36.00,		46.72,		50.00,				1.07025,				0.83333
921,		36.00,		46.82,		48.00,				1.02520,				0.80000
922,		38.00,		46.87,		48.00,				1.02415,				0.80000
923,		40.00,		46.93,		50.00,				1.06546,				0.83333
924,		38.00,		46.92,		50.00,				1.06555,				0.83333
925,		38.00,		46.93,		50.00,				1.06533,				0.83333
926,		38.00,		46.93,		50.00,				1.06537,				0.83333
927,		38.00,		46.92,		48.00,				1.02306,				0.80000
928,		38.00,		46.94,		48.00,				1.02267,				0.80000
929,		40.00,		46.99,		50.00,				1.06401,				0.83333
930,		36.00,		46.88,		50.00,				1.06651,				0.83333
931,		30.00,		46.95,		48.00,				1.02245,				0.80000
932,		38.00,		46.96,		48.00,				1.02223,				0.80000
933,		38.00,		46.95,		50.00,				1.06501,				0.83333
934,		38.00,		46.97,		50.00,				1.06451,				0.83333
935,		38.00,		46.96,		50.00,				1.06483,				0.83333
936,		38.00,		46.98,		50.00,				1.06424,				0.83333
937,		38.00,		46.99,		50.00,				1.06401,				0.83333
938,		38.00,		46.94,		50.00,				1.06523,				0.83333
939,		38.00,		46.93,		48.00,				1.02289,				0.80000
940,		38.00,		46.95,		50.00,				1.06496,				0.83333
941,		38.00,		46.90,		48.00,				1.02337,				0.80000
942,		38.00,		46.94,		50.00,				1.06514,				0.83333
943,		38.00,		46.96,		50.00,				1.06483,				0.83333
944,		38.00,		46.94,		50.00,				1.06523,				0.83333
945,		38.00,		46.93,		50.00,				1.06546,				0.83333
946,		38.00,		46.89,		50.00,				1.06642,				0.83333
947,		38.00,		46.97,		48.00,				1.02202,				0.80000
948,		38.00,		46.93,		48.00,				1.02284,				0.80000
949,		38.00,		46.94,		50.00,				1.06519,				0.83333
950,		38.00,		46.88,		50.00,				1.06646,				0.83333
951,		38.00,		46.88,		48.00,				1.02389,				0.80000
952,		38.00,		46.93,		50.00,				1.06533,				0.83333
953,		38.00,		46.91,		50.00,				1.06583,				0.83333
954,		38.00,		46.90,		50.00,				1.06601,				0.83333
955,		38.00,		46.96,		50.00,				1.06465,				0.83333
956,		45.00,		47.00,		50.00,				1.06383,				0.83333
957,		38.00,		46.95,		50.00,				1.06487,				0.83333
958,		38.00,		46.94,		50.00,				1.06510,				0.83333
959,		38.00,		46.97,		50.00,				1.06442,				0.83333
960,		38.00,		46.97,		50.00,				1.06451,				0.83333
961,		38.00,		46.99,		50.00,				1.06406,				0.83333
962,		38.00,		47.00,		50.00,				1.06383,				0.83333
963,		38.00,		46.91,		50.00,				1.06596,				0.83333
964,		38.00,		46.93,		50.00,				1.06537,				0.83333
965,		38.00,		46.96,		50.00,				1.06478,				0.83333
966,		38.00,		46.94,		50.00,				1.06528,				0.83333
967,		38.00,		46.95,		50.00,				1.06492,				0.83333
968,		38.00,		46.91,		48.00,				1.02332,				0.80000
969,		38.00,		46.90,		50.00,				1.06614,				0.83333
970,		31.00,		43.43,		50.00,				1.15117,				0.83333
971,		31.00,		45.14,		50.00,				1.10776,				0.83333
972,		38.00,		46.17,		50.00,				1.08295,				0.83333
973,		38.00,		46.62,		48.00,				1.02965,				0.80000
974,		38.00,		46.79,		49.00,				1.04732,				0.81667
975,		40.00,		46.94,		50.00,				1.06510,				0.83333
976,		38.00,		46.95,		50.00,				1.06487,				0.83333
977,		40.00,		46.99,		50.00,				1.06410,				0.83333
978,		40.00,		46.98,		50.00,				1.06424,				0.83333
979,		38.00,		47.00,		50.00,				1.06392,				0.83333
980,		38.00,		46.93,		50.00,				1.06533,				0.83333
981,		45.00,		47.02,		50.00,				1.06329,				0.83333
982,		38.00,		46.97,		50.00,				1.06455,				0.83333
983,		38.00,		46.93,		49.00,				1.04406,				0.81667
984,		40.00,		46.97,		49.00,				1.04331,				0.81667
985,		38.00,		46.99,		50.00,				1.06415,				0.83333
986,		40.00,		47.64,		50.00,				1.04949,				0.83333
987,		38.00,		47.30,		50.00,				1.05717,				0.83333
988,		38.00,		48.60,		51.00,				1.04930,				0.85000
989,		40.00,		47.78,		51.00,				1.06735,				0.85000
990,		38.00,		47.36,		51.00,				1.07690,				0.85000
991,		38.00,		47.13,		50.00,				1.06090,				0.83333
992,		38.00,		47.53,		50.00,				1.05197,				0.83333
993,		43.00,		48.80,		50.00,				1.02463,				0.83333
994,		38.00,		47.89,		50.00,				1.04415,				0.83333
995,		38.00,		48.86,		51.00,				1.04371,				0.85000
996,		38.00,		48.03,		51.00,				1.06184,				0.85000
997,		38.00,		48.98,		52.00,				1.06161,				0.86667
998,		38.00,		48.04,		52.00,				1.08243,				0.86667
999,		38.00,		47.45,		51.00,				1.07472,				0.85000
