GEN,	MIN,			AVE,			MAX,
  0,		-21.43,		-2.48,		15.83
  1,		-20.77,		-2.38,		14.33
  2,		-20.63,		-3.78,		12.53
  3,		-19.03,		-2.82,		10.70
  4,		-18.37,		-3.74,		9.33
  5,		-17.50,		-4.50,		8.07
  6,		-17.43,		-5.08,		7.60
  7,		-17.10,		-5.23,		6.23
  8,		-15.80,		-5.00,		5.27
  9,		-14.50,		-5.15,		5.03
 10,		-14.17,		-5.15,		3.93
 11,		-13.97,		-4.83,		3.13
 12,		-13.67,		-5.45,		2.83
 13,		-13.03,		-5.17,		2.33
 14,		-13.10,		-5.39,		2.30
 15,		-12.83,		-5.54,		1.40
 16,		-12.70,		-5.40,		1.20
 17,		-12.43,		-5.80,		1.00
 18,		-11.90,		-6.02,		0.87
 19,		-11.83,		-6.03,		1.30
 20,		-11.90,		-6.23,		1.43
 21,		-12.33,		-6.31,		0.53
 22,		-12.10,		-6.16,		0.97
 23,		-11.77,		-6.23,		0.03
 24,		-11.53,		-6.12,		0.77
 25,		-12.27,		-6.54,		0.53
 26,		-12.27,		-6.73,		0.30
 27,		-12.57,		-6.84,		0.00
 28,		-12.80,		-6.91,		0.00
 29,		-12.93,		-6.87,		-0.03
 30,		-12.30,		-6.93,		-0.30
 31,		-12.77,		-6.77,		0.43
 32,		-13.00,		-6.83,		1.07
 33,		-13.03,		-6.75,		0.07
 34,		-12.50,		-6.85,		-0.67
 35,		-12.17,		-6.73,		-0.10
 36,		-12.37,		-6.95,		-0.47
 37,		-12.23,		-6.82,		-0.03
 38,		-12.33,		-6.77,		0.17
 39,		-12.53,		-6.88,		-0.20
 40,		-12.80,		-6.96,		-0.20
 41,		-12.73,		-6.86,		-0.20
 42,		-12.90,		-6.99,		0.50
 43,		-13.27,		-7.17,		-0.50
 44,		-12.97,		-7.12,		0.20
 45,		-13.07,		-7.00,		-0.73
 46,		-12.40,		-7.10,		0.33
 47,		-12.93,		-6.89,		0.53
 48,		-12.90,		-6.92,		0.37
 49,		-12.40,		-6.88,		0.30
 50,		-12.60,		-7.07,		0.07
 51,		-12.23,		-7.10,		-0.07
 52,		-12.60,		-7.18,		-1.03
 53,		-12.53,		-7.22,		-0.47
 54,		-12.07,		-7.17,		0.27
 55,		-12.13,		-7.21,		-0.80
 56,		-12.50,		-7.23,		-0.13
 57,		-12.87,		-7.07,		0.03
 58,		-12.20,		-7.04,		-0.20
 59,		-12.47,		-7.09,		-0.27
 60,		-12.73,		-7.13,		0.17
 61,		-12.90,		-7.14,		-0.23
 62,		-12.97,		-7.11,		0.37
 63,		-13.00,		-7.18,		-0.23
 64,		-12.57,		-7.20,		0.27
 65,		-12.40,		-7.17,		-1.60
 66,		-12.07,		-6.98,		-0.67
 67,		-12.70,		-7.12,		-0.40
 68,		-12.83,		-7.10,		-0.80
 69,		-12.13,		-7.16,		-0.50
 70,		-11.47,		-7.23,		-0.03
 71,		-12.77,		-7.37,		-0.33
 72,		-12.30,		-7.39,		0.13
 73,		-12.67,		-7.35,		-0.60
 74,		-11.90,		-7.39,		-0.97
 75,		-12.37,		-7.22,		-0.27
 76,		-12.83,		-7.25,		-0.77
 77,		-12.43,		-7.18,		-1.03
 78,		-12.57,		-7.23,		-0.17
 79,		-12.03,		-7.04,		0.00
 80,		-12.23,		-7.08,		0.40
 81,		-12.07,		-7.16,		-0.57
 82,		-11.77,		-7.34,		-0.20
 83,		-11.50,		-7.36,		-0.87
 84,		-11.93,		-7.16,		-0.80
 85,		-12.30,		-7.12,		-0.97
 86,		-12.20,		-7.00,		-0.10
 87,		-11.63,		-6.98,		-0.20
 88,		-12.40,		-6.86,		-0.23
 89,		-12.73,		-7.18,		-0.07
 90,		-12.33,		-7.14,		-1.13
 91,		-12.43,		-7.34,		0.03
 92,		-11.80,		-7.43,		0.23
 93,		-11.93,		-7.47,		-0.67
 94,		-11.97,		-7.46,		-0.47
 95,		-12.13,		-7.53,		-0.43
 96,		-12.30,		-7.48,		-1.23
 97,		-12.20,		-7.51,		-0.50
 98,		-11.87,		-7.61,		-0.93
 99,		-12.60,		-7.69,		0.00
100,		-12.67,		-7.66,		-0.57
101,		-12.57,		-7.65,		-1.13
102,		-12.13,		-7.66,		-0.43
103,		-12.27,		-7.60,		-0.83
104,		-12.83,		-7.72,		-0.83
105,		-12.90,		-7.75,		-1.27
106,		-12.23,		-7.76,		-0.97
107,		-12.20,		-7.76,		-0.70
108,		-12.43,		-7.91,		-0.90
109,		-12.80,		-7.94,		-1.40
110,		-12.37,		-7.94,		-1.57
111,		-12.27,		-7.95,		-1.17
112,		-12.10,		-8.03,		-1.33
113,		-13.10,		-8.08,		-1.77
114,		-12.63,		-8.09,		-1.40
115,		-13.07,		-8.00,		-2.20
116,		-12.43,		-7.88,		-1.33
117,		-12.10,		-7.97,		-1.10
118,		-12.00,		-8.01,		-0.83
119,		-12.60,		-8.00,		-0.30
120,		-12.87,		-8.06,		-0.67
121,		-13.03,		-8.18,		-0.93
122,		-12.90,		-8.22,		-1.40
123,		-12.67,		-8.21,		-1.17
124,		-12.63,		-8.25,		-1.43
125,		-12.43,		-8.03,		-1.40
126,		-12.70,		-8.15,		-1.57
127,		-13.00,		-8.08,		-1.67
128,		-12.03,		-8.02,		-1.53
129,		-12.70,		-8.00,		-0.47
130,		-12.93,		-7.98,		-1.00
131,		-12.73,		-7.96,		-0.93
132,		-12.43,		-7.82,		-0.53
133,		-12.37,		-7.94,		-0.93
134,		-12.83,		-7.86,		-1.23
135,		-12.10,		-7.96,		-0.70
136,		-12.67,		-7.78,		-1.27
137,		-12.60,		-8.08,		-1.07
138,		-12.63,		-8.14,		-1.53
139,		-12.57,		-7.99,		-0.27
140,		-12.17,		-7.98,		-0.07
141,		-12.70,		-8.02,		-0.57
142,		-12.40,		-8.00,		-1.17
143,		-12.73,		-8.13,		-1.13
144,		-12.73,		-8.25,		-1.53
145,		-12.50,		-8.18,		-1.83
146,		-12.60,		-8.24,		-1.50
147,		-12.90,		-8.20,		-1.67
148,		-12.87,		-8.16,		-1.03
149,		-12.53,		-8.17,		-1.30
150,		-12.53,		-8.23,		-1.17
151,		-12.67,		-8.25,		-2.37
152,		-12.63,		-8.29,		-2.13
153,		-13.03,		-8.28,		-1.37
154,		-12.73,		-8.28,		-1.27
155,		-12.60,		-8.30,		-2.37
156,		-12.77,		-8.29,		-1.93
157,		-12.33,		-8.26,		-1.37
158,		-12.40,		-8.00,		-1.20
159,		-12.80,		-8.06,		-1.90
160,		-12.93,		-8.13,		-1.17
161,		-12.70,		-8.12,		-1.97
162,		-12.60,		-8.24,		-1.77
163,		-12.10,		-8.30,		-1.83
164,		-12.83,		-8.27,		-1.47
165,		-12.33,		-8.39,		-1.43
166,		-12.97,		-8.43,		-1.93
167,		-13.23,		-8.49,		-1.00
168,		-13.07,		-8.53,		-1.60
169,		-12.93,		-8.63,		-2.77
170,		-12.93,		-8.71,		-1.97
171,		-12.93,		-8.77,		-2.47
172,		-13.03,		-8.81,		-2.23
173,		-13.20,		-8.81,		-1.97
174,		-13.33,		-8.83,		-2.53
175,		-13.30,		-8.81,		-1.90
176,		-13.77,		-8.69,		-2.27
177,		-13.43,		-8.73,		-0.60
178,		-13.30,		-8.72,		-1.17
179,		-12.87,		-8.86,		-1.87
180,		-13.03,		-8.80,		-1.33
181,		-12.97,		-8.77,		-2.00
182,		-13.47,		-8.72,		-1.63
183,		-13.37,		-8.76,		-1.03
184,		-13.40,		-8.79,		-1.17
185,		-13.60,		-8.80,		-1.77
186,		-13.40,		-8.92,		-1.67
187,		-13.33,		-9.07,		-1.50
188,		-13.30,		-9.09,		-2.17
189,		-13.63,		-9.00,		-1.90
190,		-13.70,		-9.06,		-2.63
191,		-13.47,		-9.10,		-1.80
192,		-13.57,		-8.89,		-1.70
193,		-13.47,		-9.01,		-0.97
194,		-13.53,		-8.84,		-1.87
195,		-13.90,		-8.84,		-2.03
196,		-13.43,		-8.63,		-1.13
197,		-13.17,		-8.85,		-1.57
198,		-13.60,		-8.72,		-1.20
199,		-13.20,		-8.71,		-0.73
200,		-12.87,		-8.66,		-1.33
201,		-13.57,		-8.54,		-1.53
202,		-13.30,		-8.66,		-1.70
203,		-13.40,		-8.59,		-1.87
204,		-13.17,		-8.59,		-0.93
205,		-12.70,		-8.63,		-1.40
206,		-12.97,		-8.33,		-1.53
207,		-13.37,		-8.31,		-1.27
208,		-12.77,		-8.22,		-0.77
209,		-13.07,		-7.95,		-0.40
210,		-12.90,		-8.28,		-1.23
211,		-13.03,		-7.99,		-1.20
212,		-12.77,		-8.19,		-1.30
213,		-13.07,		-7.95,		-0.27
214,		-13.37,		-8.15,		-0.80
215,		-13.43,		-8.13,		-0.83
216,		-13.10,		-8.38,		-1.20
217,		-13.10,		-8.25,		-1.27
218,		-12.87,		-8.50,		-1.80
219,		-13.07,		-8.46,		-2.53
220,		-13.20,		-8.43,		-2.00
221,		-12.70,		-8.31,		-1.53
222,		-12.57,		-8.13,		-1.33
223,		-12.80,		-8.22,		-1.13
224,		-12.33,		-8.28,		-1.57
225,		-12.73,		-8.15,		-2.47
226,		-12.23,		-8.07,		-2.10
227,		-12.73,		-8.09,		-1.17
228,		-12.73,		-8.15,		-1.67
229,		-12.47,		-8.10,		-0.80
230,		-12.80,		-8.06,		-0.73
231,		-12.60,		-8.17,		-1.33
232,		-12.57,		-8.30,		-2.07
233,		-12.70,		-8.21,		-1.07
234,		-12.93,		-8.31,		-1.00
235,		-12.97,		-8.24,		-1.67
236,		-12.70,		-8.25,		-1.43
237,		-12.83,		-8.17,		-1.03
238,		-12.53,		-8.20,		-1.17
239,		-12.87,		-8.12,		-0.93
240,		-12.73,		-8.19,		-0.87
241,		-12.80,		-8.23,		-1.13
242,		-12.77,		-8.29,		-1.53
243,		-13.03,		-8.48,		-1.43
244,		-13.23,		-8.52,		-2.00
245,		-13.20,		-8.47,		-1.93
246,		-12.43,		-8.49,		-1.40
247,		-12.37,		-8.51,		-2.10
248,		-12.23,		-8.48,		-2.10
249,		-12.67,		-8.57,		-1.40
250,		-13.00,		-8.71,		-1.80
251,		-12.53,		-8.66,		-2.17
252,		-13.33,		-8.60,		-1.37
253,		-13.17,		-8.68,		-1.67
254,		-12.93,		-8.72,		-1.27
255,		-12.93,		-8.64,		-1.77
256,		-12.87,		-8.72,		-1.60
257,		-12.97,		-8.64,		-1.80
258,		-12.77,		-8.65,		-1.13
259,		-12.77,		-8.79,		-2.30
260,		-12.97,		-8.77,		-2.23
261,		-13.10,		-8.73,		-1.10
262,		-12.83,		-8.62,		-1.40
263,		-13.50,		-8.74,		-1.80
264,		-13.37,		-8.63,		-2.33
265,		-13.43,		-8.65,		-1.83
266,		-13.23,		-8.62,		-1.43
267,		-13.47,		-8.57,		-1.47
268,		-13.47,		-8.61,		-1.67
269,		-13.00,		-8.60,		-1.77
270,		-13.47,		-8.55,		-1.90
271,		-12.80,		-8.59,		-2.57
272,		-12.67,		-8.53,		-2.50
273,		-12.87,		-8.48,		-1.50
274,		-12.97,		-8.57,		-2.50
275,		-12.83,		-8.55,		-2.30
276,		-13.10,		-8.36,		-1.87
277,		-13.10,		-8.39,		-2.67
278,		-13.03,		-8.55,		-1.47
279,		-12.90,		-8.29,		-1.70
280,		-12.67,		-8.16,		-1.10
281,		-12.47,		-8.08,		-1.33
282,		-12.80,		-8.11,		-0.87
283,		-13.07,		-8.35,		-1.77
284,		-12.93,		-8.19,		-2.23
285,		-12.80,		-8.16,		-2.03
286,		-13.27,		-8.37,		-1.27
287,		-13.13,		-8.45,		-0.43
288,		-13.33,		-8.36,		-1.33
289,		-12.80,		-8.36,		-1.27
290,		-12.53,		-8.35,		-0.97
291,		-12.83,		-8.49,		-1.20
292,		-12.37,		-8.52,		-1.27
293,		-13.07,		-8.63,		-1.63
294,		-13.20,		-8.77,		-2.07
295,		-12.83,		-8.75,		-2.13
296,		-12.73,		-8.81,		-2.23
297,		-12.83,		-8.53,		-1.23
298,		-13.17,		-8.55,		-2.03
299,		-13.00,		-8.49,		-2.07
300,		-12.87,		-8.45,		-2.37
301,		-13.37,		-8.58,		-1.27
302,		-13.30,		-8.48,		-2.00
303,		-13.40,		-8.56,		-1.90
304,		-13.10,		-8.58,		-1.77
305,		-13.47,		-8.65,		-2.03
306,		-13.90,		-8.82,		-1.77
307,		-13.93,		-8.60,		-1.70
308,		-13.50,		-8.40,		-1.17
309,		-13.37,		-8.07,		-0.60
310,		-13.17,		-8.07,		-1.00
311,		-12.83,		-8.10,		-0.87
312,		-13.33,		-7.96,		-1.03
313,		-13.50,		-8.15,		-1.33
314,		-13.53,		-8.02,		-1.53
315,		-12.97,		-8.01,		-1.63
316,		-12.87,		-7.84,		-2.30
317,		-12.70,		-7.95,		-1.20
318,		-12.83,		-7.93,		-1.40
319,		-13.00,		-8.09,		-1.47
320,		-12.93,		-8.21,		-1.03
321,		-13.00,		-8.29,		-1.40
322,		-12.60,		-8.20,		-2.03
323,		-12.83,		-8.19,		-1.83
324,		-12.70,		-7.99,		-1.73
325,		-12.47,		-8.10,		-1.23
326,		-12.97,		-8.11,		-1.23
327,		-12.37,		-8.03,		-0.73
328,		-12.60,		-8.07,		-1.20
329,		-13.03,		-8.04,		-1.47
330,		-12.80,		-8.15,		-0.80
331,		-13.57,		-8.10,		-1.13
332,		-13.20,		-8.08,		-1.10
333,		-13.37,		-7.93,		-0.80
334,		-12.93,		-8.02,		-1.70
335,		-12.90,		-7.85,		-1.13
336,		-12.90,		-7.86,		-1.10
337,		-12.87,		-7.72,		-0.73
338,		-12.50,		-8.15,		-1.23
339,		-12.07,		-8.30,		-1.30
340,		-12.93,		-8.53,		-1.73
341,		-12.73,		-8.47,		-1.67
342,		-12.87,		-8.61,		-2.20
343,		-12.43,		-8.67,		-1.83
344,		-12.17,		-8.68,		-1.87
345,		-12.83,		-8.69,		-1.80
346,		-12.83,		-8.70,		-1.60
347,		-13.07,		-8.73,		-1.50
348,		-12.97,		-8.72,		-2.27
349,		-13.13,		-8.54,		-1.87
350,		-13.30,		-8.40,		-2.53
351,		-12.80,		-8.66,		-2.23
352,		-12.67,		-8.72,		-1.93
353,		-12.83,		-8.77,		-2.63
354,		-13.23,		-8.77,		-2.47
355,		-13.30,		-8.83,		-1.83
356,		-12.70,		-8.79,		-1.77
357,		-13.20,		-8.72,		-1.40
358,		-13.57,		-8.79,		-2.10
359,		-13.67,		-8.97,		-2.00
360,		-13.53,		-9.05,		-2.23
361,		-13.43,		-9.11,		-1.97
362,		-13.27,		-8.98,		-2.13
363,		-13.67,		-9.15,		-2.63
364,		-13.43,		-9.08,		-2.07
365,		-13.57,		-8.89,		-2.27
366,		-13.23,		-8.90,		-2.07
367,		-12.53,		-8.75,		-1.80
368,		-13.40,		-8.86,		-1.40
369,		-13.40,		-8.85,		-1.97
370,		-13.40,		-8.88,		-2.50
371,		-12.93,		-8.72,		-2.10
372,		-12.40,		-8.81,		-1.63
373,		-12.87,		-8.78,		-2.10
374,		-12.93,		-8.63,		-2.57
375,		-12.80,		-8.65,		-2.13
376,		-13.23,		-8.66,		-1.43
377,		-12.93,		-8.69,		-1.93
378,		-13.13,		-8.65,		-2.20
379,		-12.93,		-8.62,		-2.20
380,		-13.00,		-8.59,		-2.30
381,		-12.80,		-8.49,		-2.17
382,		-12.60,		-8.52,		-1.93
383,		-12.57,		-8.52,		-2.03
384,		-12.67,		-8.52,		-1.40
385,		-13.13,		-8.60,		-2.03
386,		-12.33,		-8.44,		-1.30
387,		-12.70,		-8.44,		-1.27
388,		-12.33,		-8.54,		-1.70
389,		-12.50,		-8.57,		-1.97
390,		-13.00,		-8.59,		-1.67
391,		-12.90,		-8.63,		-1.70
392,		-12.93,		-8.58,		-2.07
393,		-12.93,		-8.75,		-2.27
394,		-13.53,		-8.68,		-2.40
395,		-12.80,		-8.61,		-2.40
396,		-12.67,		-8.59,		-1.63
397,		-12.47,		-8.70,		-1.67
398,		-12.87,		-8.67,		-1.90
399,		-12.60,		-8.68,		-1.13
400,		-13.13,		-8.55,		-2.07
401,		-12.77,		-8.49,		-1.63
402,		-12.83,		-8.42,		-1.43
403,		-13.10,		-8.46,		-1.63
404,		-13.20,		-8.48,		-2.27
405,		-12.93,		-8.60,		-2.03
406,		-13.50,		-8.68,		-1.77
407,		-13.27,		-8.72,		-1.77
408,		-13.17,		-8.82,		-1.97
409,		-13.07,		-8.65,		-1.87
410,		-13.13,		-8.83,		-1.53
411,		-13.60,		-8.88,		-1.20
412,		-13.47,		-8.85,		-1.53
413,		-12.93,		-8.76,		-1.77
414,		-12.97,		-8.73,		-1.73
415,		-13.30,		-8.65,		-1.23
416,		-13.00,		-8.77,		-1.10
417,		-13.17,		-8.73,		-2.30
418,		-13.17,		-8.70,		-1.97
419,		-13.20,		-8.59,		-1.47
420,		-13.67,		-8.53,		-2.23
421,		-13.80,		-8.59,		-1.63
422,		-13.20,		-8.50,		-1.57
423,		-13.17,		-8.71,		-1.20
424,		-13.03,		-8.62,		-1.97
425,		-13.37,		-8.54,		-2.70
426,		-13.20,		-8.62,		-2.03
427,		-13.17,		-8.46,		-1.87
428,		-13.43,		-8.53,		-1.47
429,		-13.07,		-8.47,		-2.00
430,		-12.77,		-8.52,		-2.27
431,		-13.10,		-8.66,		-1.03
432,		-13.17,		-8.42,		-1.17
433,		-13.00,		-8.42,		-0.57
434,		-13.80,		-8.48,		-1.73
435,		-13.50,		-8.36,		-1.63
436,		-12.90,		-8.40,		-1.70
437,		-13.07,		-8.44,		-2.03
438,		-13.40,		-8.44,		-2.23
439,		-12.57,		-8.47,		-2.57
440,		-13.30,		-8.49,		-1.73
441,		-13.50,		-8.51,		-1.83
442,		-13.10,		-8.53,		-1.33
443,		-13.20,		-8.52,		-2.33
444,		-12.80,		-8.52,		-1.90
445,		-13.40,		-8.54,		-1.70
446,		-13.67,		-8.29,		-1.63
447,		-12.87,		-8.38,		-1.77
448,		-13.43,		-8.46,		-1.83
449,		-12.50,		-8.36,		-1.80
450,		-12.60,		-8.30,		-1.93
451,		-13.30,		-8.34,		-1.27
452,		-13.33,		-8.18,		-1.30
453,		-13.73,		-8.29,		-1.83
454,		-13.30,		-8.18,		-1.57
455,		-12.93,		-8.16,		-1.50
456,		-12.73,		-8.18,		-1.33
457,		-13.17,		-8.12,		-1.37
458,		-12.73,		-8.32,		-1.60
459,		-12.77,		-8.03,		-1.53
460,		-13.33,		-8.04,		-1.60
461,		-13.47,		-8.02,		-1.10
462,		-13.07,		-7.99,		-1.53
463,		-12.80,		-7.88,		-1.53
464,		-13.07,		-7.72,		-1.30
465,		-12.47,		-7.81,		-1.13
466,		-12.57,		-7.89,		-1.47
467,		-12.80,		-7.84,		-1.07
468,		-12.93,		-7.95,		-1.73
469,		-13.30,		-7.77,		-0.57
470,		-13.27,		-7.88,		-0.73
471,		-12.93,		-7.81,		-1.17
472,		-12.97,		-7.88,		-0.90
473,		-13.13,		-7.71,		-0.90
474,		-12.80,		-7.87,		-1.00
475,		-12.43,		-7.93,		-0.50
476,		-12.67,		-7.94,		-0.73
477,		-13.00,		-8.00,		-1.27
478,		-13.07,		-7.99,		-1.40
479,		-12.90,		-8.03,		-1.47
480,		-12.77,		-8.21,		-0.77
481,		-12.63,		-8.22,		-1.20
482,		-13.03,		-8.26,		-1.47
483,		-13.50,		-8.30,		-1.30
484,		-13.03,		-8.26,		-1.70
485,		-13.27,		-8.29,		-2.10
486,		-13.03,		-8.22,		-1.87
487,		-12.67,		-8.11,		-1.63
488,		-13.33,		-8.17,		-1.30
489,		-12.87,		-8.18,		-1.60
490,		-12.40,		-7.97,		-1.23
491,		-13.13,		-8.30,		-1.80
492,		-12.83,		-8.30,		-1.70
493,		-12.73,		-8.10,		-1.70
494,		-12.90,		-8.19,		-1.13
495,		-13.30,		-8.12,		-1.30
496,		-13.60,		-8.08,		-1.33
497,		-13.73,		-8.12,		-1.53
498,		-13.73,		-8.03,		-0.87
499,		-13.33,		-8.25,		-1.50
500,		-13.47,		-8.19,		-1.37
501,		-13.87,		-8.41,		-1.43
502,		-13.57,		-8.01,		-1.33
503,		-13.07,		-8.18,		-1.30
504,		-13.67,		-8.10,		-1.20
505,		-13.37,		-8.05,		-1.37
506,		-13.40,		-8.26,		-2.43
507,		-12.83,		-8.35,		-1.53
508,		-12.70,		-8.14,		-1.67
509,		-12.97,		-8.15,		-1.73
510,		-13.03,		-8.13,		-1.67
511,		-12.70,		-8.08,		-1.57
512,		-12.93,		-8.04,		-0.57
513,		-12.93,		-7.94,		-1.53
514,		-12.83,		-8.10,		-0.97
515,		-12.77,		-8.28,		-1.30
516,		-12.70,		-8.19,		-1.50
517,		-12.87,		-8.35,		-1.20
518,		-13.40,		-8.42,		-2.23
519,		-13.47,		-8.38,		-1.60
520,		-13.33,		-8.44,		-2.00
521,		-12.97,		-8.51,		-1.37
522,		-13.13,		-8.49,		-1.03
523,		-13.00,		-8.54,		-1.43
524,		-13.40,		-8.53,		-2.17
525,		-13.47,		-8.50,		-1.73
526,		-12.90,		-8.57,		-1.57
527,		-13.00,		-8.59,		-1.83
528,		-13.27,		-8.61,		-1.93
529,		-13.13,		-8.50,		-1.43
530,		-13.27,		-8.38,		-2.43
531,		-13.20,		-8.18,		-1.57
532,		-12.97,		-8.22,		-1.93
533,		-12.47,		-8.19,		-2.00
534,		-12.73,		-8.10,		-2.27
535,		-12.77,		-8.08,		-1.90
536,		-12.77,		-8.05,		-1.37
537,		-13.20,		-8.14,		-1.30
538,		-12.77,		-8.06,		-1.23
539,		-12.93,		-8.11,		-1.47
540,		-13.43,		-8.08,		-1.60
541,		-12.70,		-8.07,		-1.83
542,		-12.80,		-8.05,		-1.87
543,		-12.57,		-7.96,		-1.37
544,		-12.53,		-7.96,		-1.67
545,		-12.40,		-7.94,		-1.13
546,		-12.50,		-7.90,		-1.77
547,		-12.93,		-7.94,		-1.57
548,		-12.03,		-7.90,		-1.13
549,		-12.13,		-7.92,		-2.20
550,		-12.10,		-7.98,		-2.17
551,		-12.23,		-7.87,		-1.27
552,		-12.40,		-7.92,		-1.67
553,		-12.70,		-7.80,		-1.03
554,		-12.67,		-7.89,		-1.27
555,		-12.37,		-7.95,		-2.00
556,		-12.57,		-7.92,		-2.20
557,		-12.33,		-7.97,		-1.77
558,		-12.57,		-8.02,		-1.70
559,		-12.10,		-7.97,		-1.67
560,		-12.77,		-7.98,		-2.10
561,		-12.53,		-7.86,		-1.23
562,		-12.13,		-7.76,		-0.77
563,		-12.40,		-7.78,		-0.80
564,		-12.47,		-7.71,		-1.20
565,		-12.50,		-7.85,		-0.63
566,		-12.73,		-7.94,		-1.53
567,		-12.93,		-8.03,		-1.63
568,		-12.87,		-7.98,		-1.63
569,		-12.27,		-7.90,		-0.87
570,		-12.87,		-7.97,		-1.50
571,		-12.53,		-7.99,		-1.40
572,		-13.00,		-8.01,		-1.57
573,		-12.83,		-8.05,		-1.50
574,		-13.13,		-8.09,		-1.33
575,		-13.13,		-7.87,		-0.60
576,		-12.73,		-7.83,		-0.70
577,		-12.60,		-7.86,		-1.87
578,		-12.57,		-7.99,		-1.43
579,		-12.37,		-7.93,		-1.53
580,		-12.33,		-8.00,		-1.67
581,		-12.20,		-7.85,		-1.33
582,		-12.20,		-7.91,		-1.13
583,		-12.87,		-7.93,		-1.30
584,		-12.47,		-7.86,		-0.87
585,		-12.20,		-7.86,		-1.00
586,		-12.53,		-7.91,		-1.40
587,		-12.30,		-7.91,		-2.20
588,		-12.37,		-7.94,		-1.63
589,		-12.53,		-7.97,		-1.63
590,		-12.43,		-8.19,		-1.43
591,		-12.77,		-8.07,		-1.07
592,		-12.70,		-8.19,		-2.53
593,		-12.97,		-8.15,		-2.20
594,		-13.10,		-8.34,		-1.83
595,		-12.77,		-8.29,		-1.33
596,		-12.93,		-8.24,		-1.30
597,		-13.23,		-8.28,		-1.93
598,		-13.27,		-8.35,		-1.23
599,		-12.73,		-8.26,		-1.50
600,		-13.50,		-8.46,		-1.47
601,		-13.33,		-8.35,		-1.03
602,		-13.50,		-8.45,		-1.97
603,		-13.83,		-8.32,		-1.57
604,		-13.53,		-8.37,		-1.67
605,		-13.57,		-8.57,		-1.27
606,		-14.00,		-8.64,		-1.87
607,		-13.33,		-8.64,		-2.30
608,		-13.47,		-8.72,		-1.83
609,		-13.17,		-8.73,		-2.90
610,		-12.90,		-8.72,		-2.43
611,		-13.10,		-8.70,		-2.93
612,		-12.87,		-8.68,		-2.83
613,		-12.93,		-8.70,		-2.00
614,		-12.17,		-8.72,		-2.67
615,		-12.97,		-8.71,		-1.77
616,		-13.13,		-8.71,		-2.20
617,		-13.63,		-8.74,		-1.77
618,		-13.33,		-8.94,		-2.10
619,		-13.80,		-8.87,		-2.17
620,		-13.87,		-8.78,		-2.30
621,		-12.97,		-8.65,		-2.03
622,		-13.60,		-8.65,		-1.63
623,		-13.33,		-8.56,		-2.90
624,		-13.10,		-8.59,		-2.30
625,		-13.53,		-8.44,		-2.37
626,		-13.03,		-8.53,		-1.33
627,		-13.67,		-8.57,		-1.97
628,		-13.93,		-8.77,		-1.50
629,		-13.60,		-8.83,		-1.87
630,		-13.40,		-8.75,		-2.37
631,		-13.67,		-8.79,		-1.87
632,		-13.23,		-8.73,		-1.80
633,		-13.13,		-8.71,		-2.80
634,		-13.70,		-8.92,		-1.77
635,		-13.63,		-8.99,		-2.60
636,		-13.13,		-9.15,		-2.10
637,		-13.53,		-9.21,		-2.23
638,		-13.67,		-9.09,		-2.60
639,		-13.70,		-8.95,		-2.53
640,		-13.60,		-9.03,		-2.47
641,		-13.80,		-9.17,		-2.03
642,		-13.40,		-9.21,		-3.17
643,		-13.70,		-9.21,		-2.60
644,		-14.00,		-9.25,		-2.37
645,		-13.33,		-9.36,		-2.57
646,		-14.03,		-9.49,		-2.37
647,		-14.33,		-9.61,		-3.07
648,		-14.03,		-9.49,		-2.83
649,		-13.60,		-9.52,		-2.77
650,		-13.73,		-9.62,		-2.70
651,		-13.53,		-9.44,		-1.63
652,		-13.53,		-9.59,		-2.83
653,		-13.57,		-9.67,		-2.87
654,		-13.13,		-9.57,		-2.70
655,		-13.43,		-9.54,		-1.87
656,		-13.73,		-9.47,		-1.93
657,		-13.07,		-9.33,		-1.57
658,		-13.60,		-9.39,		-1.93
659,		-13.67,		-9.33,		-2.60
660,		-13.50,		-9.39,		-2.63
661,		-13.67,		-9.42,		-2.40
662,		-13.63,		-9.47,		-3.07
663,		-13.47,		-9.45,		-2.53
664,		-13.47,		-9.32,		-2.23
665,		-14.10,		-9.48,		-2.20
666,		-13.73,		-9.32,		-1.40
667,		-13.70,		-9.43,		-1.93
668,		-13.83,		-9.53,		-2.70
669,		-14.27,		-9.41,		-1.83
670,		-13.77,		-9.52,		-3.10
671,		-13.73,		-9.44,		-2.47
672,		-13.73,		-9.48,		-2.00
673,		-13.57,		-9.66,		-2.37
674,		-13.77,		-9.69,		-2.87
675,		-13.37,		-9.64,		-3.03
676,		-13.40,		-9.74,		-2.87
677,		-13.47,		-9.79,		-3.20
678,		-13.57,		-9.84,		-3.37
679,		-13.80,		-9.76,		-3.30
680,		-13.43,		-9.84,		-2.73
681,		-13.40,		-9.79,		-3.40
682,		-13.67,		-9.82,		-3.13
683,		-13.70,		-9.83,		-3.20
684,		-13.80,		-9.89,		-3.10
685,		-13.47,		-9.87,		-3.17
686,		-13.93,		-9.88,		-3.37
687,		-13.73,		-9.93,		-3.83
688,		-13.50,		-9.96,		-3.73
689,		-14.00,		-9.91,		-3.60
690,		-14.17,		-9.88,		-3.07
691,		-13.90,		-9.90,		-2.73
692,		-13.90,		-9.89,		-3.17
693,		-14.23,		-9.82,		-3.20
694,		-13.70,		-9.80,		-3.13
695,		-14.27,		-9.89,		-2.60
696,		-14.10,		-9.96,		-3.13
697,		-13.73,		-10.03,		-2.57
698,		-14.03,		-10.09,		-2.73
699,		-13.80,		-9.97,		-3.07
700,		-14.03,		-10.07,		-3.27
701,		-13.77,		-10.03,		-3.20
702,		-14.20,		-10.00,		-3.17
703,		-13.87,		-9.88,		-3.07
704,		-13.70,		-9.90,		-4.03
705,		-14.63,		-9.94,		-3.77
706,		-14.80,		-9.83,		-2.50
707,		-14.73,		-9.94,		-2.43
708,		-14.23,		-10.08,		-2.77
709,		-14.07,		-9.83,		-3.63
710,		-14.50,		-9.91,		-2.47
711,		-14.40,		-9.88,		-2.47
712,		-14.23,		-9.81,		-2.77
713,		-14.27,		-9.73,		-2.87
714,		-14.43,		-9.75,		-2.70
715,		-14.20,		-9.66,		-2.67
716,		-13.83,		-9.80,		-3.33
717,		-13.50,		-9.75,		-3.23
718,		-13.73,		-9.90,		-3.73
719,		-13.93,		-9.91,		-2.83
720,		-14.20,		-9.99,		-2.93
721,		-14.23,		-9.90,		-2.20
722,		-14.13,		-9.85,		-2.53
723,		-13.63,		-9.88,		-2.97
724,		-13.83,		-9.90,		-2.40
725,		-13.63,		-9.77,		-2.63
726,		-13.87,		-9.83,		-2.60
727,		-13.83,		-9.80,		-2.73
728,		-13.93,		-9.76,		-1.77
729,		-13.87,		-9.78,		-2.63
730,		-13.70,		-9.79,		-3.03
731,		-13.57,		-9.78,		-2.93
732,		-14.03,		-9.63,		-1.90
733,		-14.23,		-9.67,		-2.17
734,		-13.43,		-9.75,		-2.53
735,		-13.30,		-9.67,		-2.10
736,		-13.57,		-9.62,		-2.60
737,		-13.40,		-9.64,		-1.60
738,		-13.20,		-9.75,		-2.90
739,		-13.23,		-9.68,		-3.00
740,		-12.93,		-9.57,		-2.93
741,		-13.50,		-9.69,		-3.53
742,		-13.73,		-9.69,		-2.10
743,		-13.47,		-9.70,		-2.83
744,		-13.73,		-9.69,		-2.53
745,		-13.77,		-9.69,		-2.27
746,		-13.27,		-9.63,		-2.97
747,		-13.47,		-9.59,		-3.07
748,		-13.27,		-9.57,		-2.17
749,		-13.60,		-9.38,		-1.80
750,		-13.47,		-9.40,		-2.47
751,		-13.27,		-9.28,		-3.00
752,		-13.07,		-9.11,		-1.40
753,		-13.63,		-9.07,		-1.80
754,		-13.50,		-9.03,		-2.47
755,		-13.37,		-9.02,		-2.03
756,		-13.20,		-8.98,		-1.93
757,		-13.13,		-8.99,		-1.80
758,		-13.60,		-8.95,		-1.63
759,		-13.17,		-8.88,		-1.77
760,		-12.97,		-8.93,		-2.13
761,		-13.40,		-8.75,		-1.70
762,		-13.27,		-8.71,		-1.90
763,		-13.80,		-8.47,		-1.83
764,		-13.63,		-8.45,		-2.17
765,		-13.17,		-8.22,		-1.43
766,		-13.33,		-8.27,		-0.93
767,		-13.40,		-8.30,		-0.90
768,		-13.33,		-8.46,		-1.40
769,		-13.87,		-8.37,		-1.63
770,		-13.67,		-8.41,		-1.37
771,		-13.53,		-8.49,		-1.50
772,		-12.70,		-8.57,		-1.63
773,		-13.23,		-8.63,		-1.67
774,		-13.30,		-8.74,		-2.83
775,		-13.17,		-8.73,		-1.53
776,		-13.87,		-8.77,		-1.73
777,		-13.10,		-8.75,		-2.30
778,		-13.20,		-9.00,		-2.07
779,		-13.27,		-8.94,		-1.57
780,		-13.67,		-8.96,		-1.60
781,		-13.80,		-8.98,		-1.93
782,		-13.60,		-8.97,		-2.00
783,		-13.40,		-8.91,		-1.83
784,		-13.67,		-8.92,		-1.40
785,		-13.17,		-8.84,		-2.23
786,		-13.20,		-8.99,		-2.17
787,		-13.23,		-8.93,		-2.00
788,		-13.00,		-8.91,		-2.10
789,		-13.53,		-8.95,		-1.90
790,		-13.47,		-8.91,		-2.37
791,		-13.67,		-8.96,		-2.57
792,		-14.00,		-8.96,		-2.37
793,		-13.87,		-8.94,		-1.57
794,		-13.47,		-8.96,		-1.73
795,		-13.27,		-9.04,		-1.77
796,		-13.77,		-9.01,		-1.73
797,		-13.80,		-9.02,		-1.63
798,		-13.80,		-9.03,		-1.30
799,		-14.00,		-9.03,		-1.67
800,		-13.47,		-8.99,		-1.97
801,		-13.70,		-9.07,		-1.53
802,		-13.80,		-9.09,		-1.53
803,		-13.47,		-9.20,		-2.40
804,		-13.73,		-9.16,		-1.23
805,		-14.00,		-9.12,		-1.47
806,		-13.83,		-9.19,		-1.40
807,		-13.00,		-9.07,		-1.83
808,		-13.33,		-9.11,		-2.30
809,		-13.07,		-9.06,		-1.77
810,		-13.57,		-8.96,		-1.07
811,		-13.93,		-9.09,		-2.23
812,		-13.97,		-9.14,		-2.07
813,		-13.23,		-9.06,		-2.13
814,		-13.47,		-9.00,		-1.10
815,		-13.40,		-8.97,		-1.80
816,		-13.10,		-9.02,		-1.10
817,		-13.50,		-9.13,		-2.03
818,		-13.20,		-9.15,		-2.27
819,		-13.87,		-9.24,		-1.60
820,		-14.17,		-9.26,		-2.07
821,		-14.30,		-9.19,		-1.13
822,		-14.13,		-9.28,		-2.53
823,		-14.13,		-9.27,		-2.90
824,		-14.20,		-9.29,		-2.23
825,		-13.83,		-9.31,		-2.37
826,		-13.37,		-9.32,		-2.73
827,		-13.27,		-9.27,		-2.90
828,		-13.30,		-9.26,		-2.37
829,		-13.50,		-9.27,		-1.83
830,		-13.27,		-9.33,		-1.80
831,		-13.80,		-9.28,		-2.20
832,		-13.67,		-9.25,		-2.37
833,		-13.80,		-9.31,		-1.77
834,		-14.20,		-9.32,		-2.60
835,		-13.77,		-9.31,		-1.97
836,		-13.73,		-9.24,		-1.73
837,		-14.23,		-9.33,		-1.67
838,		-14.00,		-9.29,		-1.80
839,		-13.37,		-9.21,		-1.77
840,		-13.63,		-9.13,		-2.03
841,		-13.40,		-8.96,		-1.60
842,		-13.50,		-9.07,		-1.27
843,		-12.97,		-9.10,		-2.07
844,		-13.90,		-9.08,		-1.50
845,		-14.00,		-9.10,		-2.30
846,		-14.07,		-9.17,		-2.27
847,		-14.00,		-9.17,		-2.10
848,		-14.17,		-9.22,		-1.93
849,		-13.47,		-9.23,		-2.50
850,		-13.67,		-9.29,		-2.63
851,		-14.13,		-9.13,		-1.90
852,		-13.80,		-9.15,		-2.40
853,		-13.83,		-9.32,		-1.97
854,		-14.37,		-9.32,		-2.47
855,		-14.17,		-9.33,		-2.10
856,		-13.90,		-9.37,		-2.97
857,		-13.93,		-9.34,		-2.20
858,		-14.50,		-9.22,		-3.03
859,		-14.43,		-9.16,		-1.67
860,		-14.10,		-9.04,		-1.57
861,		-13.93,		-8.92,		-1.73
862,		-13.63,		-8.97,		-1.33
863,		-14.03,		-8.94,		-1.33
864,		-13.80,		-8.93,		-1.70
865,		-13.67,		-8.89,		-1.83
866,		-13.40,		-8.80,		-2.33
867,		-13.73,		-8.82,		-0.90
868,		-13.03,		-8.94,		-0.67
869,		-13.17,		-8.87,		-0.57
870,		-13.80,		-8.68,		-1.07
871,		-13.67,		-8.78,		-1.03
872,		-13.73,		-8.69,		-2.13
873,		-13.70,		-8.79,		-1.90
874,		-13.30,		-8.58,		-1.47
875,		-13.00,		-8.68,		-1.73
876,		-13.90,		-8.82,		-1.53
877,		-13.57,		-8.77,		-1.37
878,		-13.53,		-8.85,		-1.77
879,		-13.57,		-8.84,		-1.90
880,		-13.87,		-8.74,		-1.80
881,		-13.50,		-8.83,		-1.30
882,		-13.50,		-8.72,		-1.43
883,		-13.70,		-8.79,		-0.97
884,		-13.53,		-8.90,		-1.33
885,		-13.23,		-8.72,		-1.97
886,		-13.73,		-8.76,		-1.50
887,		-13.60,		-8.79,		-1.87
888,		-13.60,		-8.72,		-1.73
889,		-13.83,		-8.73,		-1.07
890,		-13.23,		-8.73,		-1.20
891,		-13.10,		-8.46,		-1.40
892,		-12.83,		-8.63,		-0.90
893,		-13.17,		-8.66,		-1.37
894,		-13.07,		-8.60,		-0.67
895,		-13.10,		-8.53,		-0.70
896,		-13.33,		-8.58,		-2.17
897,		-13.17,		-8.49,		-2.10
898,		-13.67,		-8.42,		-0.93
899,		-13.43,		-8.51,		-1.47
900,		-12.87,		-8.62,		-2.20
901,		-12.83,		-8.70,		-1.30
902,		-13.27,		-8.70,		-1.00
903,		-13.37,		-8.74,		-1.10
904,		-14.03,		-8.73,		-1.27
905,		-13.67,		-8.94,		-0.87
906,		-13.40,		-9.01,		-1.03
907,		-13.50,		-9.04,		-1.70
908,		-13.03,		-9.04,		-1.37
909,		-13.97,		-9.04,		-1.67
910,		-13.43,		-9.04,		-1.90
911,		-14.13,		-8.92,		-1.77
912,		-13.13,		-9.05,		-1.30
913,		-14.10,		-9.08,		-1.20
914,		-14.07,		-9.05,		-1.10
915,		-14.20,		-8.95,		-1.07
916,		-13.50,		-8.95,		-1.27
917,		-13.63,		-8.81,		-1.87
918,		-13.07,		-8.84,		-1.83
919,		-13.93,		-8.86,		-0.83
920,		-14.37,		-8.99,		-1.73
921,		-14.23,		-9.08,		-1.73
922,		-13.77,		-8.94,		-2.10
923,		-14.07,		-9.13,		-1.03
924,		-14.07,		-9.16,		-2.47
925,		-13.90,		-9.20,		-2.70
926,		-13.80,		-9.26,		-2.23
927,		-13.23,		-9.19,		-2.37
928,		-13.87,		-9.23,		-2.20
929,		-13.83,		-9.15,		-1.77
930,		-13.63,		-9.22,		-1.63
931,		-13.23,		-9.20,		-1.30
932,		-13.20,		-9.25,		-2.43
933,		-13.93,		-9.48,		-1.90
934,		-14.27,		-9.43,		-1.70
935,		-14.57,		-9.16,		-2.00
936,		-14.60,		-9.43,		-1.77
937,		-14.07,		-9.36,		-1.93
938,		-13.90,		-9.04,		-2.03
939,		-14.07,		-8.87,		-2.00
940,		-13.50,		-8.76,		-1.73
941,		-14.10,		-8.85,		-0.90
942,		-13.73,		-8.89,		-1.17
943,		-13.70,		-9.15,		-0.90
944,		-13.10,		-9.00,		-1.83
945,		-13.93,		-9.04,		-2.00
946,		-13.90,		-9.18,		-2.13
947,		-14.17,		-9.09,		-2.60
948,		-13.40,		-9.02,		-1.73
949,		-13.97,		-9.05,		-1.67
950,		-14.13,		-9.05,		-0.87
951,		-13.90,		-9.04,		-1.90
952,		-13.33,		-9.20,		-2.00
953,		-13.47,		-9.01,		-1.80
954,		-13.53,		-9.03,		-1.47
955,		-14.27,		-9.18,		-1.37
956,		-14.07,		-9.07,		-2.63
957,		-14.13,		-9.11,		-2.53
958,		-13.40,		-8.98,		-1.63
959,		-13.30,		-8.91,		-2.47
960,		-13.63,		-8.74,		-1.17
961,		-13.80,		-8.78,		-1.37
962,		-13.93,		-8.75,		-1.73
963,		-13.50,		-8.70,		-1.47
964,		-13.33,		-8.81,		-0.97
965,		-13.60,		-8.72,		-0.97
966,		-13.57,		-8.59,		-1.60
967,		-13.53,		-8.67,		-1.07
968,		-13.47,		-8.54,		-1.70
969,		-13.37,		-8.44,		-2.00
970,		-13.27,		-8.37,		-0.63
971,		-13.73,		-8.19,		-0.07
972,		-13.93,		-8.21,		-0.50
973,		-13.10,		-8.32,		-1.23
974,		-13.67,		-8.40,		-1.60
975,		-13.60,		-8.44,		-0.93
976,		-13.30,		-8.33,		-1.63
977,		-13.33,		-8.46,		-1.07
978,		-13.27,		-8.54,		-1.07
979,		-13.43,		-8.64,		-0.33
980,		-13.63,		-8.63,		-0.93
981,		-14.00,		-8.81,		-1.83
982,		-13.73,		-8.85,		-2.03
983,		-13.53,		-9.00,		-1.23
984,		-13.67,		-9.07,		-0.90
985,		-13.47,		-9.07,		-1.93
986,		-13.60,		-9.08,		-1.40
987,		-13.67,		-9.08,		-1.20
988,		-13.70,		-9.05,		-2.67
989,		-13.57,		-8.97,		-1.17
990,		-13.50,		-8.88,		-1.70
991,		-13.70,		-9.02,		-1.13
992,		-13.73,		-9.08,		-1.50
993,		-13.53,		-9.07,		-1.80
994,		-14.07,		-9.11,		-1.83
995,		-13.97,		-9.11,		-1.27
996,		-13.67,		-9.10,		-1.03
997,		-13.27,		-8.99,		-1.23
998,		-13.67,		-9.07,		-2.00
999,		-13.60,		-9.05,		-1.17
