RANDOM_SEED, 1698987480
GEN,		MIN,			AVE,			MAX,
0,		-20.00,		-2.75,		15.00,
1,		-18.00,		-2.41,		11.00,
2,		-17.00,		-6.52,		13.00,
3,		-17.00,		-4.07,		7.00,
4,		-17.00,		-4.85,		6.00,
5,		-16.00,		-6.59,		6.00,
6,		-16.00,		-5.05,		3.00,
7,		-14.00,		-3.72,		6.00,
8,		-12.00,		-4.44,		2.00,
9,		-11.00,		-6.21,		2.00,
10,		-11.00,		-7.24,		-2.00,
11,		-10.00,		-7.56,		3.00,
12,		-10.00,		-7.83,		-2.00,
13,		-11.00,		-7.95,		-2.00,
14,		-11.00,		-7.94,		-3.00,
15,		-11.00,		-7.99,		-3.00,
16,		-11.00,		-8.01,		-3.00,
17,		-9.00,		-7.97,		-3.00,
18,		-11.00,		-7.96,		-3.00,
19,		-11.00,		-7.97,		-5.00,
20,		-11.00,		-8.00,		-5.00,
21,		-11.00,		-8.01,		-5.00,
22,		-11.00,		-7.99,		-3.00,
23,		-10.00,		-7.96,		-3.00,
24,		-9.00,		-7.96,		-3.00,
25,		-11.00,		-7.98,		-3.00,
26,		-11.00,		-7.97,		-3.00,
27,		-11.00,		-7.48,		-3.00,
28,		-10.00,		-7.76,		-2.00,
29,		-11.00,		-7.89,		-5.00,
30,		-11.00,		-7.94,		-2.00,
31,		-10.00,		-7.95,		-2.00,
32,		-11.00,		-7.98,		-2.00,
33,		-11.00,		-7.98,		-2.00,
34,		-11.00,		-7.99,		-3.00,
35,		-11.00,		-7.98,		-3.00,
36,		-11.00,		-8.00,		-5.00,
37,		-11.00,		-7.98,		-3.00,
38,		-11.00,		-7.98,		-3.00,
39,		-11.00,		-8.00,		-5.00,
40,		-11.00,		-7.99,		-3.00,
41,		-11.00,		-8.00,		-3.00,
42,		-9.00,		-7.97,		-3.00,
43,		-11.00,		-8.01,		-6.00,
44,		-11.00,		-8.03,		-3.00,
45,		-11.00,		-7.98,		-3.00,
46,		-11.00,		-7.98,		-3.00,
47,		-11.00,		-7.98,		-3.00,
48,		-12.00,		-7.97,		-5.00,
49,		-12.00,		-7.99,		-5.00,
50,		-10.00,		-7.98,		-3.00,
51,		-10.00,		-7.97,		-3.00,
52,		-11.00,		-7.98,		-3.00,
53,		-11.00,		-8.02,		-5.00,
54,		-10.00,		-7.99,		-5.00,
55,		-11.00,		-7.97,		-5.00,
56,		-10.00,		-7.97,		-5.00,
57,		-11.00,		-7.99,		-5.00,
58,		-9.00,		-7.96,		-3.00,
59,		-10.00,		-7.97,		-3.00,
60,		-11.00,		-7.99,		-5.00,
61,		-11.00,		-7.99,		-3.00,
62,		-10.00,		-7.97,		-3.00,
63,		-10.00,		-7.98,		-3.00,
64,		-11.00,		-7.98,		-3.00,
65,		-11.00,		-7.99,		-3.00,
66,		-10.00,		-8.00,		-5.00,
67,		-10.00,		-7.97,		-5.00,
68,		-10.00,		-7.99,		-6.00,
69,		-11.00,		-8.00,		-6.00,
70,		-11.00,		-8.00,		-5.00,
71,		-11.00,		-7.97,		-3.00,
72,		-10.00,		-7.96,		-5.00,
73,		-11.00,		-7.99,		-5.00,
74,		-11.00,		-7.68,		-5.00,
75,		-10.00,		-7.81,		-3.00,
76,		-10.00,		-7.89,		-3.00,
77,		-10.00,		-7.44,		-4.00,
78,		-10.00,		-7.72,		-4.00,
79,		-11.00,		-7.43,		-3.00,
80,		-10.00,		-7.75,		-5.00,
81,		-11.00,		-7.84,		-3.00,
82,		-11.00,		-7.91,		-2.00,
83,		-11.00,		-7.92,		-3.00,
84,		-11.00,		-7.97,		-3.00,
85,		-11.00,		-7.98,		-3.00,
86,		-11.00,		-7.00,		-5.00,
87,		-11.00,		-8.00,		-3.00,
88,		-11.00,		-7.03,		0.00,
89,		-11.00,		-6.56,		-3.00,
90,		-11.00,		-6.26,		-1.00,
91,		-11.00,		-6.16,		0.00,
92,		-11.00,		-6.88,		0.00,
93,		-11.00,		-6.84,		0.00,
94,		-11.00,		-6.48,		0.00,
95,		-11.00,		-7.75,		0.00,
96,		-12.00,		-6.95,		-3.00,
97,		-9.00,		-7.16,		0.00,
98,		-9.00,		-8.00,		-4.00,
99,		-12.00,		-8.52,		-4.00,
100,		-14.00,		-8.81,		0.00,
101,		-14.00,		-8.88,		-3.00,
102,		-14.00,		-8.89,		0.00,
103,		-14.00,		-8.89,		0.00,
104,		-14.00,		-8.96,		-3.00,
105,		-14.00,		-7.50,		-3.00,
106,		-14.00,		-9.66,		0.00,
107,		-14.00,		-10.46,		-3.00,
108,		-15.00,		-12.26,		-5.00,
109,		-16.00,		-13.12,		-5.00,
110,		-16.00,		-12.85,		-5.00,
111,		-17.00,		-13.47,		-5.00,
112,		-17.00,		-13.76,		-7.00,
113,		-17.00,		-13.82,		-7.00,
114,		-17.00,		-13.84,		-5.00,
115,		-17.00,		-13.86,		-7.00,
116,		-16.00,		-13.93,		-8.00,
117,		-17.00,		-13.99,		-5.00,
118,		-16.00,		-13.97,		-5.00,
119,		-17.00,		-13.96,		-5.00,
120,		-17.00,		-13.96,		-5.00,
121,		-16.00,		-13.93,		-5.00,
122,		-16.00,		-13.93,		-5.00,
123,		-17.00,		-13.92,		-9.00,
124,		-17.00,		-13.98,		-9.00,
125,		-17.00,		-13.95,		-9.00,
126,		-17.00,		-13.95,		-5.00,
127,		-17.00,		-13.89,		-3.00,
128,		-17.00,		-13.96,		-9.00,
129,		-17.00,		-13.96,		-5.00,
130,		-17.00,		-13.97,		-5.00,
131,		-17.00,		-13.92,		-5.00,
132,		-17.00,		-13.98,		-5.00,
133,		-16.00,		-13.94,		-9.00,
134,		-17.00,		-13.97,		-11.00,
135,		-17.00,		-13.95,		-9.00,
136,		-17.00,		-13.97,		-5.00,
137,		-17.00,		-13.72,		-9.00,
138,		-17.00,		-13.84,		-9.00,
139,		-17.00,		-13.94,		-11.00,
140,		-17.00,		-13.60,		-5.00,
141,		-17.00,		-13.78,		-5.00,
142,		-17.00,		-13.88,		-5.00,
143,		-16.00,		-13.97,		-9.00,
144,		-17.00,		-13.97,		-9.00,
145,		-17.00,		-14.00,		-11.00,
146,		-17.00,		-13.99,		-5.00,
147,		-18.00,		-13.98,		-5.00,
148,		-17.00,		-13.96,		-5.00,
149,		-16.00,		-13.94,		-5.00,
150,		-16.00,		-13.94,		-5.00,
151,		-17.00,		-13.94,		-5.00,
152,		-17.00,		-13.96,		-5.00,
153,		-17.00,		-13.99,		-5.00,
154,		-17.00,		-13.99,		-5.00,
155,		-17.00,		-14.00,		-11.00,
156,		-17.00,		-14.02,		-9.00,
157,		-17.00,		-13.97,		-5.00,
158,		-17.00,		-13.78,		-9.00,
159,		-17.00,		-13.36,		-8.00,
160,		-17.00,		-13.66,		-4.00,
161,		-17.00,		-13.82,		-4.00,
162,		-16.00,		-13.58,		-5.00,
163,		-17.00,		-13.81,		-10.00,
164,		-17.00,		-13.89,		-11.00,
165,		-17.00,		-13.41,		-4.00,
166,		-17.00,		-13.68,		-4.00,
167,		-18.00,		-13.86,		-4.00,
168,		-17.00,		-13.94,		-11.00,
169,		-18.00,		-13.95,		-11.00,
170,		-17.00,		-14.00,		-5.00,
171,		-17.00,		-14.01,		-11.00,
172,		-17.00,		-13.99,		-5.00,
173,		-17.00,		-13.97,		-9.00,
174,		-17.00,		-13.98,		-5.00,
175,		-17.00,		-13.99,		-9.00,
176,		-17.00,		-13.97,		-5.00,
177,		-17.00,		-13.95,		-5.00,
178,		-17.00,		-13.90,		-5.00,
179,		-17.00,		-13.95,		-9.00,
180,		-17.00,		-13.96,		-9.00,
181,		-17.00,		-14.00,		-9.00,
182,		-17.00,		-13.38,		-9.00,
183,		-17.00,		-12.66,		-5.00,
184,		-20.00,		-14.39,		-5.00,
185,		-18.00,		-14.36,		-6.00,
186,		-18.00,		-12.77,		-8.00,
187,		-18.00,		-13.43,		-9.00,
188,		-18.00,		-13.17,		-8.00,
189,		-17.00,		-13.53,		-7.00,
190,		-16.00,		-13.31,		-5.00,
191,		-15.00,		-11.67,		-5.00,
192,		-15.00,		-12.29,		-5.00,
193,		-15.00,		-11.32,		-8.00,
194,		-16.00,		-9.64,		-5.00,
195,		-16.00,		-9.73,		-7.00,
196,		-18.00,		-12.96,		-7.00,
197,		-17.00,		-10.53,		-3.00,
198,		-17.00,		-13.53,		-6.00,
199,		-17.00,		-13.22,		-6.00,
200,		-18.00,		-14.63,		-8.00,
201,		-18.00,		-15.29,		-7.00,
202,		-18.00,		-12.66,		-5.00,
203,		-18.00,		-13.62,		-7.00,
204,		-18.00,		-14.80,		-6.00,
205,		-18.00,		-15.43,		-7.00,
206,		-18.00,		-14.21,		-10.00,
207,		-18.00,		-15.16,		-8.00,
208,		-18.00,		-15.39,		-5.00,
209,		-18.00,		-14.19,		-3.00,
210,		-16.00,		-13.60,		-10.00,
211,		-16.00,		-13.20,		-8.00,
212,		-16.00,		-13.09,		-6.00,
213,		-18.00,		-13.07,		-8.00,
214,		-16.00,		-14.00,		-10.00,
215,		-16.00,		-13.49,		-8.00,
216,		-17.00,		-14.30,		-8.00,
217,		-17.00,		-14.64,		-8.00,
218,		-17.00,		-14.63,		-8.00,
219,		-20.00,		-14.24,		-6.00,
220,		-17.00,		-13.65,		-6.00,
221,		-17.00,		-13.31,		-6.00,
222,		-16.00,		-9.71,		-5.00,
223,		-16.00,		-10.90,		-5.00,
224,		-15.00,		-12.01,		-6.00,
225,		-15.00,		-9.06,		-1.00,
226,		-15.00,		-11.25,		-6.00,
227,		-15.00,		-8.90,		-4.00,
228,		-16.00,		-9.82,		-4.00,
229,		-15.00,		-8.07,		-5.00,
230,		-15.00,		-7.30,		-3.00,
231,		-15.00,		-6.78,		-1.00,
232,		-14.00,		-6.45,		-1.00,
233,		-13.00,		-6.24,		-4.00,
234,		-13.00,		-6.14,		-1.00,
235,		-15.00,		-9.57,		-1.00,
236,		-15.00,		-7.88,		-4.00,
237,		-13.00,		-6.96,		-1.00,
238,		-13.00,		-6.47,		-1.00,
239,		-13.00,		-6.29,		-1.00,
240,		-16.00,		-9.66,		-1.00,
241,		-16.00,		-8.37,		-1.00,
242,		-16.00,		-7.36,		-1.00,
243,		-16.00,		-10.32,		-1.00,
244,		-15.00,		-11.09,		-3.00,
245,		-15.00,		-12.01,		-3.00,
246,		-14.00,		-12.47,		-5.00,
247,		-15.00,		-12.77,		-5.00,
248,		-16.00,		-12.92,		-6.00,
249,		-15.00,		-12.90,		-6.00,
250,		-15.00,		-12.91,		-5.00,
251,		-16.00,		-12.91,		-8.00,
252,		-16.00,		-12.99,		-8.00,
253,		-15.00,		-12.95,		-6.00,
254,		-16.00,		-12.99,		-6.00,
255,		-16.00,		-13.01,		-8.00,
256,		-16.00,		-12.98,		-6.00,
257,		-16.00,		-12.96,		-6.00,
258,		-16.00,		-12.97,		-8.00,
259,		-16.00,		-13.01,		-11.00,
260,		-16.00,		-13.00,		-8.00,
261,		-16.00,		-12.98,		-8.00,
262,		-16.00,		-12.95,		-6.00,
263,		-16.00,		-12.95,		-6.00,
264,		-16.00,		-12.99,		-6.00,
265,		-16.00,		-12.98,		-6.00,
266,		-16.00,		-12.98,		-6.00,
267,		-16.00,		-12.97,		-6.00,
268,		-16.00,		-12.95,		-6.00,
269,		-16.00,		-12.99,		-8.00,
270,		-15.00,		-12.96,		-8.00,
271,		-16.00,		-12.97,		-8.00,
272,		-17.00,		-12.97,		-8.00,
273,		-15.00,		-12.97,		-8.00,
274,		-15.00,		-12.96,		-8.00,
275,		-15.00,		-12.99,		-8.00,
276,		-16.00,		-12.98,		-6.00,
277,		-16.00,		-12.91,		-6.00,
278,		-15.00,		-12.92,		-6.00,
279,		-15.00,		-12.96,		-6.00,
280,		-16.00,		-11.49,		-6.00,
281,		-16.00,		-12.21,		-5.00,
282,		-15.00,		-11.26,		-3.00,
283,		-15.00,		-11.27,		-5.00,
284,		-14.00,		-10.54,		-5.00,
285,		-13.00,		-10.34,		-5.00,
286,		-13.00,		-10.22,		-5.00,
287,		-15.00,		-11.62,		-5.00,
288,		-16.00,		-10.77,		-5.00,
289,		-16.00,		-11.91,		-3.00,
290,		-16.00,		-12.30,		-5.00,
291,		-15.00,		-12.62,		-6.00,
292,		-15.00,		-12.82,		-6.00,
293,		-16.00,		-12.87,		-8.00,
294,		-15.00,		-12.95,		-6.00,
295,		-16.00,		-12.97,		-6.00,
296,		-15.00,		-12.95,		-6.00,
297,		-15.00,		-12.96,		-6.00,
298,		-16.00,		-12.99,		-8.00,
299,		-16.00,		-12.97,		-6.00,
300,		-16.00,		-13.47,		-7.00,
301,		-16.00,		-13.71,		-6.00,
302,		-16.00,		-13.85,		-7.00,
303,		-16.00,		-11.44,		-7.00,
304,		-16.00,		-12.79,		-7.00,
305,		-16.00,		-13.47,		-6.00,
306,		-16.00,		-13.65,		-6.00,
307,		-16.00,		-11.30,		-4.00,
308,		-14.00,		-10.41,		-2.00,
309,		-16.00,		-10.50,		-2.00,
310,		-16.00,		-12.35,		-6.00,
311,		-16.00,		-10.83,		-7.00,
312,		-16.00,		-10.21,		-2.00,
313,		-16.00,		-12.16,		-2.00,
314,		-16.00,		-10.55,		-4.00,
315,		-15.00,		-9.80,		-1.00,
316,		-14.00,		-9.43,		-4.00,
317,		-16.00,		-9.29,		-2.00,
318,		-14.00,		-9.08,		-2.00,
319,		-14.00,		-11.56,		-2.00,
320,		-16.00,		-12.87,		-6.00,
321,		-16.00,		-13.48,		-7.00,
322,		-16.00,		-11.36,		-4.00,
323,		-15.00,		-11.28,		-4.00,
324,		-16.00,		-10.21,		-2.00,
325,		-16.00,		-10.14,		-2.00,
326,		-16.00,		-12.09,		-4.00,
327,		-18.00,		-10.57,		-2.00,
328,		-18.00,		-12.27,		-2.00,
329,		-18.00,		-10.64,		-2.00,
330,		-18.00,		-12.38,		-2.00,
331,		-16.00,		-13.29,		-2.00,
332,		-16.00,		-13.68,		-2.00,
333,		-16.00,		-13.05,		-7.00,
334,		-16.00,		-13.46,		-7.00,
335,		-16.00,		-11.20,		-2.00,
336,		-16.00,		-12.54,		-2.00,
337,		-16.00,		-13.08,		-2.00,
338,		-16.00,		-13.60,		-7.00,
339,		-16.00,		-13.78,		-7.00,
340,		-16.00,		-13.87,		-9.00,
341,		-16.00,		-13.90,		-9.00,
342,		-16.00,		-13.92,		-9.00,
343,		-16.00,		-13.93,		-9.00,
344,		-16.00,		-13.98,		-9.00,
345,		-16.00,		-13.96,		-9.00,
346,		-16.00,		-13.94,		-9.00,
347,		-16.00,		-13.97,		-9.00,
348,		-16.00,		-13.96,		-9.00,
349,		-16.00,		-13.96,		-9.00,
350,		-16.00,		-13.96,		-9.00,
351,		-17.00,		-13.96,		-9.00,
352,		-16.00,		-13.95,		-9.00,
353,		-16.00,		-13.96,		-7.00,
354,		-16.00,		-13.91,		-7.00,
355,		-16.00,		-13.95,		-7.00,
356,		-16.00,		-13.94,		-7.00,
357,		-16.00,		-13.92,		-7.00,
358,		-16.00,		-13.93,		-7.00,
359,		-16.00,		-13.99,		-9.00,
360,		-16.00,		-13.98,		-7.00,
361,		-17.00,		-13.95,		-9.00,
362,		-16.00,		-13.95,		-7.00,
363,		-16.00,		-13.96,		-7.00,
364,		-16.00,		-13.94,		-5.00,
365,		-16.00,		-13.89,		-5.00,
366,		-16.00,		-14.15,		-5.00,
367,		-16.00,		-14.10,		-9.00,
368,		-16.00,		-14.07,		-7.00,
369,		-16.00,		-12.71,		-9.00,
370,		-16.00,		-13.32,		-9.00,
371,		-16.00,		-13.65,		-9.00,
372,		-16.00,		-13.78,		-9.00,
373,		-16.00,		-13.86,		-9.00,
374,		-16.00,		-13.91,		-9.00,
375,		-16.00,		-13.95,		-9.00,
376,		-16.00,		-13.96,		-9.00,
377,		-16.00,		-13.93,		-7.00,
378,		-16.00,		-13.93,		-7.00,
379,		-16.00,		-13.97,		-7.00,
380,		-16.00,		-13.98,		-9.00,
381,		-16.00,		-13.97,		-9.00,
382,		-16.00,		-13.94,		-9.00,
383,		-16.00,		-13.95,		-9.00,
384,		-18.00,		-13.98,		-9.00,
385,		-16.00,		-13.92,		-9.00,
386,		-16.00,		-13.96,		-9.00,
387,		-16.00,		-13.98,		-9.00,
388,		-16.00,		-13.97,		-9.00,
389,		-16.00,		-13.91,		-7.00,
390,		-16.00,		-13.89,		-7.00,
391,		-16.00,		-13.90,		-7.00,
392,		-16.00,		-13.91,		-7.00,
393,		-16.00,		-13.87,		-7.00,
394,		-16.00,		-13.85,		-7.00,
395,		-15.00,		-13.88,		-7.00,
396,		-16.00,		-13.42,		-7.00,
397,		-16.00,		-13.66,		-7.00,
398,		-16.00,		-13.31,		-7.00,
399,		-15.00,		-13.13,		-8.00,
400,		-15.00,		-12.99,		-8.00,
401,		-15.00,		-13.00,		-8.00,
402,		-15.00,		-12.98,		-8.00,
403,		-16.00,		-12.97,		-8.00,
404,		-16.00,		-13.47,		-7.00,
405,		-16.00,		-13.67,		-7.00,
406,		-17.00,		-13.78,		-7.00,
407,		-17.00,		-13.85,		-7.00,
408,		-17.00,		-13.93,		-7.00,
409,		-16.00,		-13.91,		-7.00,
410,		-17.00,		-13.94,		-7.00,
411,		-18.00,		-14.94,		-7.00,
412,		-18.00,		-14.41,		-7.00,
413,		-18.00,		-14.83,		-7.00,
414,		-17.00,		-14.40,		-9.00,
415,		-17.00,		-14.18,		-9.00,
416,		-17.00,		-14.11,		-7.00,
417,		-17.00,		-14.11,		-9.00,
418,		-17.00,		-14.08,		-9.00,
419,		-17.00,		-14.01,		-9.00,
420,		-17.00,		-13.95,		-9.00,
421,		-16.00,		-13.98,		-9.00,
422,		-16.00,		-13.98,		-9.00,
423,		-16.00,		-13.97,		-7.00,
424,		-17.00,		-13.98,		-9.00,
425,		-16.00,		-13.98,		-12.00,
426,		-17.00,		-13.95,		-9.00,
427,		-16.00,		-13.95,		-9.00,
428,		-16.00,		-13.92,		-9.00,
429,		-16.00,		-13.96,		-9.00,
430,		-16.00,		-13.98,		-7.00,
431,		-17.00,		-13.97,		-7.00,
432,		-16.00,		-13.97,		-7.00,
433,		-16.00,		-13.97,		-7.00,
434,		-16.00,		-13.98,		-9.00,
435,		-16.00,		-13.97,		-9.00,
436,		-15.00,		-13.92,		-7.00,
437,		-17.00,		-13.88,		-7.00,
438,		-16.00,		-13.90,		-7.00,
439,		-16.00,		-13.93,		-7.00,
440,		-17.00,		-13.97,		-7.00,
441,		-17.00,		-13.95,		-7.00,
442,		-16.00,		-13.94,		-7.00,
443,		-17.00,		-13.94,		-7.00,
444,		-17.00,		-13.91,		-7.00,
445,		-17.00,		-13.95,		-6.00,
446,		-17.00,		-12.99,		-6.00,
447,		-17.00,		-13.14,		-7.00,
448,		-17.00,		-12.97,		-5.00,
449,		-17.00,		-13.18,		-6.00,
450,		-16.00,		-13.54,		-6.00,
451,		-16.00,		-13.71,		-6.00,
452,		-17.00,		-13.55,		-6.00,
453,		-17.00,		-13.76,		-7.00,
454,		-16.00,		-13.86,		-9.00,
455,		-16.00,		-13.93,		-7.00,
456,		-17.00,		-13.93,		-7.00,
457,		-17.00,		-13.98,		-7.00,
458,		-17.00,		-14.01,		-9.00,
459,		-17.00,		-13.95,		-7.00,
460,		-17.00,		-13.99,		-9.00,
461,		-16.00,		-13.96,		-7.00,
462,		-17.00,		-13.97,		-7.00,
463,		-16.00,		-13.93,		-9.00,
464,		-16.00,		-13.95,		-9.00,
465,		-16.00,		-12.97,		-7.00,
466,		-16.00,		-13.41,		-7.00,
467,		-16.00,		-13.72,		-7.00,
468,		-19.00,		-13.86,		-9.00,
469,		-17.00,		-12.93,		-7.00,
470,		-16.00,		-12.79,		-5.00,
471,		-17.00,		-13.34,		-5.00,
472,		-17.00,		-13.41,		-5.00,
473,		-17.00,		-12.25,		-9.00,
474,		-17.00,		-12.79,		-6.00,
475,		-17.00,		-12.85,		-6.00,
476,		-17.00,		-12.70,		-7.00,
477,		-16.00,		-12.61,		-6.00,
478,		-16.00,		-13.29,		-7.00,
479,		-16.00,		-13.09,		-7.00,
480,		-16.00,		-13.56,		-7.00,
481,		-17.00,		-13.76,		-7.00,
482,		-17.00,		-13.88,		-7.00,
483,		-17.00,		-13.90,		-8.00,
484,		-16.00,		-13.90,		-9.00,
485,		-17.00,		-13.96,		-9.00,
486,		-17.00,		-13.97,		-7.00,
487,		-17.00,		-14.02,		-9.00,
488,		-17.00,		-14.03,		-7.00,
489,		-17.00,		-13.99,		-9.00,
490,		-17.00,		-14.00,		-9.00,
491,		-17.00,		-13.98,		-7.00,
492,		-17.00,		-13.98,		-7.00,
493,		-17.00,		-13.98,		-9.00,
494,		-17.00,		-13.96,		-9.00,
495,		-17.00,		-13.92,		-7.00,
496,		-16.00,		-13.89,		-7.00,
497,		-17.00,		-13.92,		-7.00,
498,		-17.00,		-13.40,		-7.00,
499,		-14.00,		-13.65,		-7.00,
500,		-17.00,		-13.83,		-9.00,
501,		-17.00,		-13.91,		-9.00,
502,		-17.00,		-12.92,		-7.00,
503,		-19.00,		-14.19,		-7.00,
504,		-19.00,		-14.01,		-7.00,
505,		-20.00,		-14.77,		-7.00,
506,		-20.00,		-14.38,		-9.00,
507,		-20.00,		-14.20,		-7.00,
508,		-20.00,		-14.70,		-9.00,
509,		-20.00,		-14.35,		-9.00,
510,		-19.00,		-13.64,		-9.00,
511,		-19.00,		-14.34,		-8.00,
512,		-17.00,		-14.15,		-7.00,
513,		-17.00,		-14.06,		-7.00,
514,		-17.00,		-14.48,		-8.00,
515,		-19.00,		-15.28,		-11.00,
516,		-18.00,		-15.58,		-7.00,
517,		-19.00,		-15.54,		-9.00,
518,		-19.00,		-15.79,		-11.00,
519,		-18.00,		-15.89,		-11.00,
520,		-19.00,		-16.44,		-9.00,
521,		-19.00,		-16.26,		-11.00,
522,		-21.00,		-16.41,		-11.00,
523,		-20.00,		-16.18,		-9.00,
524,		-21.00,		-16.07,		-9.00,
525,		-21.00,		-16.02,		-9.00,
526,		-18.00,		-15.96,		-9.00,
527,		-19.00,		-15.93,		-9.00,
528,		-19.00,		-15.97,		-9.00,
529,		-19.00,		-15.95,		-9.00,
530,		-19.00,		-15.94,		-9.00,
531,		-19.00,		-15.95,		-9.00,
532,		-19.00,		-15.96,		-9.00,
533,		-19.00,		-15.94,		-9.00,
534,		-19.00,		-15.93,		-9.00,
535,		-19.00,		-15.96,		-11.00,
536,		-18.00,		-15.95,		-11.00,
537,		-19.00,		-15.95,		-11.00,
538,		-19.00,		-15.93,		-9.00,
539,		-19.00,		-15.95,		-11.00,
540,		-19.00,		-14.66,		-4.00,
541,		-17.00,		-13.91,		-7.00,
542,		-17.00,		-12.56,		-6.00,
543,		-17.00,		-11.93,		-3.00,
544,		-17.00,		-11.47,		-4.00,
545,		-16.00,		-11.24,		-4.00,
546,		-16.00,		-11.13,		-6.00,
547,		-16.00,		-11.06,		-6.00,
548,		-16.00,		-11.00,		-6.00,
549,		-16.00,		-10.98,		-4.00,
550,		-16.00,		-10.96,		-4.00,
551,		-13.00,		-10.97,		-6.00,
552,		-13.00,		-11.01,		-9.00,
553,		-16.00,		-10.96,		-4.00,
554,		-16.00,		-10.98,		-4.00,
555,		-16.00,		-11.02,		-6.00,
556,		-16.00,		-10.99,		-6.00,
557,		-16.00,		-10.94,		-4.00,
558,		-16.00,		-10.89,		-4.00,
559,		-13.00,		-10.92,		-4.00,
560,		-13.00,		-10.91,		-4.00,
561,		-13.00,		-10.96,		-4.00,
562,		-13.00,		-10.97,		-6.00,
563,		-13.00,		-10.96,		-4.00,
564,		-16.00,		-10.96,		-4.00,
565,		-16.00,		-10.98,		-4.00,
566,		-16.00,		-10.97,		-6.00,
567,		-16.00,		-10.96,		-4.00,
568,		-16.00,		-10.99,		-6.00,
569,		-16.00,		-8.50,		-5.00,
570,		-16.00,		-9.72,		1.00,
571,		-13.00,		-10.38,		-5.00,
572,		-13.00,		-10.63,		-3.00,
573,		-13.00,		-10.83,		-6.00,
574,		-13.00,		-10.94,		-6.00,
575,		-16.00,		-10.97,		-4.00,
576,		-13.00,		-10.96,		-4.00,
577,		-13.00,		-10.97,		-4.00,
578,		-13.00,		-10.98,		-6.00,
579,		-16.00,		-10.98,		-6.00,
580,		-13.00,		-10.96,		-4.00,
581,		-13.00,		-10.94,		-4.00,
582,		-16.00,		-10.93,		-4.00,
583,		-16.00,		-10.93,		-4.00,
584,		-13.00,		-10.97,		-6.00,
585,		-13.00,		-10.95,		-6.00,
586,		-13.00,		-10.95,		-6.00,
587,		-13.00,		-10.95,		-6.00,
588,		-16.00,		-11.01,		-6.00,
589,		-13.00,		-10.99,		-6.00,
590,		-12.00,		-10.96,		-6.00,
591,		-16.00,		-10.95,		-4.00,
592,		-12.00,		-10.97,		-6.00,
593,		-12.00,		-10.95,		-4.00,
594,		-13.00,		-10.95,		-4.00,
595,		-13.00,		-10.97,		-6.00,
596,		-12.00,		-10.93,		-6.00,
597,		-12.00,		-10.95,		-6.00,
598,		-13.00,		-10.92,		-4.00,
599,		-13.00,		-10.97,		-4.00,
600,		-13.00,		-10.96,		-4.00,
601,		-13.00,		-10.94,		-5.00,
602,		-13.00,		-10.94,		-6.00,
603,		-16.00,		-10.99,		-6.00,
604,		-16.00,		-10.94,		-6.00,
605,		-16.00,		-10.97,		-6.00,
606,		-16.00,		-10.98,		-4.00,
607,		-16.00,		-10.95,		-4.00,
608,		-16.00,		-10.99,		-8.00,
609,		-16.00,		-10.96,		-6.00,
610,		-13.00,		-10.91,		-4.00,
611,		-13.00,		-10.95,		-4.00,
612,		-16.00,		-10.92,		-4.00,
613,		-13.00,		-10.90,		-4.00,
614,		-13.00,		-10.94,		-4.00,
615,		-13.00,		-10.95,		-4.00,
616,		-16.00,		-10.97,		-6.00,
617,		-16.00,		-10.99,		-6.00,
618,		-16.00,		-10.96,		-4.00,
619,		-13.00,		-10.99,		-6.00,
620,		-13.00,		-10.99,		-6.00,
621,		-16.00,		-10.98,		-4.00,
622,		-16.00,		-11.01,		-6.00,
623,		-16.00,		-11.02,		-6.00,
624,		-16.00,		-10.96,		-4.00,
625,		-16.00,		-10.96,		-4.00,
626,		-13.00,		-10.99,		-6.00,
627,		-16.00,		-9.73,		-4.00,
628,		-16.00,		-10.41,		-4.00,
629,		-16.00,		-10.71,		-4.00,
630,		-16.00,		-10.85,		-4.00,
631,		-16.00,		-10.96,		-6.00,
632,		-14.00,		-10.99,		-5.00,
633,		-13.00,		-10.98,		-6.00,
634,		-14.00,		-10.95,		-4.00,
635,		-16.00,		-10.98,		-4.00,
636,		-16.00,		-10.98,		-4.00,
637,		-16.00,		-11.01,		-4.00,
638,		-16.00,		-10.98,		-4.00,
639,		-16.00,		-10.95,		-4.00,
640,		-16.00,		-10.98,		-4.00,
641,		-14.00,		-10.95,		-6.00,
642,		-14.00,		-10.97,		-6.00,
643,		-16.00,		-10.94,		-4.00,
644,		-16.00,		-10.95,		-4.00,
645,		-13.00,		-10.96,		-6.00,
646,		-12.00,		-10.99,		-6.00,
647,		-16.00,		-10.96,		-4.00,
648,		-16.00,		-10.98,		-4.00,
649,		-14.00,		-10.95,		-4.00,
650,		-14.00,		-10.96,		-4.00,
651,		-14.00,		-10.95,		-4.00,
652,		-16.00,		-10.97,		-6.00,
653,		-16.00,		-11.00,		-6.00,
654,		-16.00,		-10.97,		-4.00,
655,		-16.00,		-11.00,		-6.00,
656,		-16.00,		-10.98,		-6.00,
657,		-14.00,		-10.98,		-6.00,
658,		-14.00,		-10.93,		-6.00,
659,		-14.00,		-10.95,		-4.00,
660,		-16.00,		-10.95,		-6.00,
661,		-16.00,		-11.02,		-6.00,
662,		-16.00,		-11.01,		-4.00,
663,		-16.00,		-11.00,		-4.00,
664,		-16.00,		-10.96,		-2.00,
665,		-16.00,		-10.83,		-2.00,
666,		-16.00,		-7.69,		-2.00,
667,		-16.00,		-9.39,		-4.00,
668,		-16.00,		-10.29,		-4.00,
669,		-16.00,		-8.10,		1.00,
670,		-16.00,		-9.74,		1.00,
671,		-19.00,		-10.38,		1.00,
672,		-17.00,		-11.03,		-1.00,
673,		-17.00,		-13.71,		-6.00,
674,		-18.00,		-14.45,		-6.00,
675,		-17.00,		-14.79,		-9.00,
676,		-18.00,		-14.87,		-8.00,
677,		-18.00,		-15.24,		-8.00,
678,		-18.00,		-15.99,		-8.00,
679,		-18.00,		-15.45,		-8.00,
680,		-18.00,		-15.22,		-10.00,
681,		-19.00,		-15.11,		-8.00,
682,		-17.00,		-15.01,		-8.00,
683,		-17.00,		-14.98,		-10.00,
684,		-18.00,		-14.94,		-8.00,
685,		-18.00,		-14.92,		-8.00,
686,		-18.00,		-15.00,		-8.00,
687,		-19.00,		-14.96,		-8.00,
688,		-18.00,		-14.93,		-8.00,
689,		-18.00,		-14.90,		-8.00,
690,		-18.00,		-14.93,		-8.00,
691,		-18.00,		-14.94,		-8.00,
692,		-18.00,		-14.96,		-8.00,
693,		-18.00,		-14.98,		-8.00,
694,		-18.00,		-14.98,		-8.00,
695,		-17.00,		-14.95,		-8.00,
696,		-17.00,		-14.92,		-8.00,
697,		-17.00,		-14.97,		-8.00,
698,		-17.00,		-14.93,		-8.00,
699,		-17.00,		-14.93,		-8.00,
700,		-18.00,		-14.97,		-8.00,
701,		-17.00,		-14.98,		-8.00,
702,		-17.00,		-14.98,		-13.00,
703,		-18.00,		-14.99,		-10.00,
704,		-18.00,		-15.00,		-10.00,
705,		-18.00,		-14.96,		-8.00,
706,		-18.00,		-14.98,		-8.00,
707,		-17.00,		-14.95,		-8.00,
708,		-18.00,		-15.16,		-8.00,
709,		-18.00,		-15.05,		-10.00,
710,		-18.00,		-15.02,		-10.00,
711,		-18.00,		-15.00,		-8.00,
712,		-18.00,		-14.99,		-8.00,
713,		-18.00,		-15.03,		-12.00,
714,		-18.00,		-14.97,		-8.00,
715,		-17.00,		-15.00,		-10.00,
716,		-17.00,		-14.95,		-10.00,
717,		-18.00,		-15.00,		-10.00,
718,		-16.00,		-14.95,		-10.00,
719,		-16.00,		-14.99,		-10.00,
720,		-18.00,		-15.26,		-10.00,
721,		-18.00,		-15.15,		-8.00,
722,		-17.00,		-15.04,		-8.00,
723,		-17.00,		-14.93,		-8.00,
724,		-18.00,		-14.90,		-8.00,
725,		-18.00,		-14.90,		-8.00,
726,		-18.00,		-14.94,		-8.00,
727,		-18.00,		-14.96,		-8.00,
728,		-18.00,		-14.94,		-8.00,
729,		-17.00,		-14.92,		-8.00,
730,		-17.00,		-14.89,		-8.00,
731,		-17.00,		-14.94,		-10.00,
732,		-16.00,		-14.95,		-10.00,
733,		-18.00,		-14.95,		-8.00,
734,		-18.00,		-14.92,		-8.00,
735,		-18.00,		-14.96,		-8.00,
736,		-18.00,		-14.94,		-8.00,
737,		-18.00,		-14.93,		-8.00,
738,		-18.00,		-14.98,		-10.00,
739,		-18.00,		-14.98,		-8.00,
740,		-18.00,		-14.98,		-8.00,
741,		-18.00,		-15.02,		-10.00,
742,		-18.00,		-14.99,		-8.00,
743,		-18.00,		-14.92,		-8.00,
744,		-18.00,		-14.92,		-8.00,
745,		-18.00,		-14.96,		-8.00,
746,		-18.00,		-14.95,		-8.00,
747,		-18.00,		-14.99,		-12.00,
748,		-18.00,		-14.41,		-7.00,
749,		-18.00,		-15.64,		-9.00,
750,		-19.00,		-15.04,		-9.00,
751,		-19.00,		-14.50,		-7.00,
752,		-17.00,		-14.22,		-7.00,
753,		-17.00,		-14.24,		-11.00,
754,		-18.00,		-14.12,		-9.00,
755,		-19.00,		-14.06,		-7.00,
756,		-19.00,		-14.03,		-7.00,
757,		-17.00,		-14.00,		-7.00,
758,		-17.00,		-14.32,		-7.00,
759,		-18.00,		-14.61,		-7.00,
760,		-18.00,		-14.77,		-8.00,
761,		-18.00,		-14.86,		-8.00,
762,		-18.00,		-14.90,		-8.00,
763,		-18.00,		-14.92,		-8.00,
764,		-18.00,		-14.95,		-7.00,
765,		-18.00,		-14.50,		-7.00,
766,		-17.00,		-14.67,		-3.00,
767,		-17.00,		-14.79,		-8.00,
768,		-17.00,		-14.92,		-10.00,
769,		-17.00,		-14.93,		-8.00,
770,		-17.00,		-14.97,		-8.00,
771,		-17.00,		-14.98,		-8.00,
772,		-18.00,		-14.96,		-8.00,
773,		-18.00,		-14.98,		-10.00,
774,		-18.00,		-14.97,		-10.00,
775,		-18.00,		-14.96,		-8.00,
776,		-18.00,		-14.91,		-8.00,
777,		-18.00,		-14.50,		-10.00,
778,		-18.00,		-14.74,		-8.00,
779,		-18.00,		-14.88,		-8.00,
780,		-18.00,		-14.87,		-8.00,
781,		-17.00,		-15.45,		-8.00,
782,		-16.00,		-15.56,		-8.00,
783,		-16.00,		-14.73,		-8.00,
784,		-18.00,		-14.39,		-7.00,
785,		-17.00,		-14.14,		-7.00,
786,		-18.00,		-14.10,		-7.00,
787,		-18.00,		-14.03,		-9.00,
788,		-17.00,		-14.02,		-9.00,
789,		-17.00,		-14.00,		-7.00,
790,		-17.00,		-13.94,		-7.00,
791,		-16.00,		-13.98,		-11.00,
792,		-17.00,		-13.97,		-7.00,
793,		-17.00,		-13.94,		-7.00,
794,		-17.00,		-13.93,		-7.00,
795,		-17.00,		-13.99,		-7.00,
796,		-17.00,		-13.98,		-7.00,
797,		-17.00,		-13.95,		-7.00,
798,		-17.00,		-13.94,		-7.00,
799,		-19.00,		-14.96,		-7.00,
800,		-17.00,		-14.45,		-7.00,
801,		-16.00,		-13.69,		1.00,
802,		-17.00,		-13.82,		-7.00,
803,		-16.00,		-13.46,		-6.00,
804,		-16.00,		-13.23,		-10.00,
805,		-16.00,		-13.14,		-10.00,
806,		-17.00,		-13.37,		-6.00,
807,		-16.00,		-13.50,		-7.00,
808,		-16.00,		-13.25,		-6.00,
809,		-17.00,		-14.12,		-6.00,
810,		-19.00,		-13.86,		-9.00,
811,		-17.00,		-13.91,		-6.00,
812,		-17.00,		-13.91,		-7.00,
813,		-17.00,		-13.96,		-7.00,
814,		-19.00,		-14.95,		-9.00,
815,		-19.00,		-14.46,		-6.00,
816,		-19.00,		-12.19,		-6.00,
817,		-19.00,		-13.90,		-7.00,
818,		-18.00,		-11.54,		-2.00,
819,		-18.00,		-12.86,		-2.00,
820,		-19.00,		-12.55,		-2.00,
821,		-19.00,		-11.25,		-2.00,
822,		-19.00,		-13.71,		-6.00,
823,		-19.00,		-14.08,		-2.00,
824,		-19.00,		-15.04,		-6.00,
825,		-19.00,		-15.55,		-7.00,
826,		-18.00,		-15.79,		-8.00,
827,		-19.00,		-15.92,		-9.00,
828,		-19.00,		-15.90,		-7.00,
829,		-19.00,		-15.92,		-7.00,
830,		-19.00,		-15.92,		-7.00,
831,		-18.00,		-15.94,		-7.00,
832,		-19.00,		-15.94,		-7.00,
833,		-19.00,		-16.00,		-7.00,
834,		-19.00,		-15.99,		-7.00,
835,		-19.00,		-15.92,		-7.00,
836,		-19.00,		-15.94,		-7.00,
837,		-19.00,		-16.05,		-7.00,
838,		-19.00,		-16.07,		-9.00,
839,		-19.00,		-16.01,		-9.00,
840,		-19.00,		-15.97,		-7.00,
841,		-19.00,		-15.91,		-7.00,
842,		-19.00,		-16.02,		-14.00,
843,		-19.00,		-16.02,		-13.00,
844,		-19.00,		-15.92,		-7.00,
845,		-19.00,		-16.01,		-14.00,
846,		-19.00,		-16.01,		-13.00,
847,		-19.00,		-15.98,		-7.00,
848,		-19.00,		-15.91,		-7.00,
849,		-18.00,		-15.91,		-7.00,
850,		-18.00,		-15.92,		-7.00,
851,		-19.00,		-15.54,		-2.00,
852,		-19.00,		-15.75,		-6.00,
853,		-19.00,		-15.40,		-7.00,
854,		-19.00,		-15.68,		-9.00,
855,		-19.00,		-15.80,		-9.00,
856,		-17.00,		-15.87,		-9.00,
857,		-19.00,		-15.91,		-9.00,
858,		-19.00,		-15.93,		-9.00,
859,		-18.00,		-15.95,		-9.00,
860,		-19.00,		-15.93,		-9.00,
861,		-19.00,		-15.91,		-7.00,
862,		-19.00,		-15.87,		-7.00,
863,		-18.00,		-15.92,		-7.00,
864,		-19.00,		-15.98,		-9.00,
865,		-19.00,		-15.95,		-9.00,
866,		-19.00,		-16.02,		-13.00,
867,		-18.00,		-15.98,		-9.00,
868,		-19.00,		-15.96,		-9.00,
869,		-19.00,		-15.95,		-7.00,
870,		-19.00,		-15.92,		-7.00,
871,		-18.00,		-15.94,		-7.00,
872,		-19.00,		-15.96,		-7.00,
873,		-19.00,		-15.99,		-9.00,
874,		-19.00,		-15.95,		-9.00,
875,		-17.00,		-15.91,		-7.00,
876,		-18.00,		-16.18,		-9.00,
877,		-17.00,		-16.07,		-8.00,
878,		-18.00,		-15.98,		-9.00,
879,		-18.00,		-16.52,		-13.00,
880,		-20.00,		-16.27,		-10.00,
881,		-20.00,		-16.10,		-9.00,
882,		-19.00,		-16.07,		-9.00,
883,		-19.00,		-16.07,		-9.00,
884,		-19.00,		-16.04,		-10.00,
885,		-17.00,		-16.04,		-13.00,
886,		-19.00,		-15.99,		-7.00,
887,		-19.00,		-16.00,		-9.00,
888,		-19.00,		-15.99,		-9.00,
889,		-19.00,		-15.97,		-7.00,
890,		-20.00,		-16.48,		-9.00,
891,		-20.00,		-16.23,		-9.00,
892,		-20.00,		-16.58,		-7.00,
893,		-20.00,		-16.41,		-9.00,
894,		-20.00,		-16.23,		-10.00,
895,		-19.00,		-16.09,		-7.00,
896,		-19.00,		-16.03,		-7.00,
897,		-19.00,		-16.00,		-9.00,
898,		-19.00,		-15.98,		-7.00,
899,		-19.00,		-15.96,		-9.00,
900,		-19.00,		-15.98,		-13.00,
901,		-17.00,		-15.94,		-9.00,
902,		-19.00,		-15.94,		-7.00,
903,		-19.00,		-15.93,		-7.00,
904,		-18.00,		-15.94,		-7.00,
905,		-19.00,		-15.95,		-7.00,
906,		-19.00,		-16.34,		-10.00,
907,		-20.00,		-16.20,		-10.00,
908,		-20.00,		-16.08,		-9.00,
909,		-19.00,		-16.06,		-13.00,
910,		-19.00,		-16.01,		-7.00,
911,		-19.00,		-16.00,		-7.00,
912,		-19.00,		-16.02,		-9.00,
913,		-19.00,		-16.01,		-7.00,
914,		-19.00,		-15.93,		-7.00,
915,		-19.00,		-15.89,		-7.00,
916,		-17.00,		-15.92,		-7.00,
917,		-17.00,		-15.93,		-7.00,
918,		-18.00,		-15.93,		-7.00,
919,		-19.00,		-15.96,		-9.00,
920,		-17.00,		-15.90,		-9.00,
921,		-18.00,		-15.94,		-9.00,
922,		-18.00,		-15.96,		-9.00,
923,		-18.00,		-15.97,		-9.00,
924,		-18.00,		-15.96,		-9.00,
925,		-19.00,		-15.98,		-9.00,
926,		-20.00,		-16.81,		-9.00,
927,		-20.00,		-16.41,		-9.00,
928,		-20.00,		-16.18,		-9.00,
929,		-20.00,		-16.01,		-7.00,
930,		-19.00,		-15.99,		-7.00,
931,		-20.00,		-16.93,		-7.00,
932,		-20.00,		-16.39,		-7.00,
933,		-19.00,		-16.13,		-7.00,
934,		-19.00,		-16.69,		-9.00,
935,		-19.00,		-16.31,		-9.00,
936,		-19.00,		-16.35,		-11.00,
937,		-21.00,		-17.13,		-9.00,
938,		-19.00,		-16.51,		-7.00,
939,		-19.00,		-16.21,		-9.00,
940,		-19.00,		-16.60,		-9.00,
941,		-19.00,		-16.30,		-7.00,
942,		-18.00,		-16.15,		-7.00,
943,		-19.00,		-16.04,		-7.00,
944,		-19.00,		-16.47,		-8.00,
945,		-18.00,		-16.17,		-7.00,
946,		-18.00,		-16.12,		-7.00,
947,		-19.00,		-16.12,		-15.00,
948,		-19.00,		-16.06,		-7.00,
949,		-22.00,		-17.46,		-7.00,
950,		-22.00,		-16.73,		-7.00,
951,		-22.00,		-16.37,		-9.00,
952,		-22.00,		-16.14,		-9.00,
953,		-22.00,		-14.99,		-8.00,
954,		-20.00,		-15.59,		-6.00,
955,		-21.00,		-15.76,		-9.00,
956,		-21.00,		-15.08,		-7.00,
957,		-19.00,		-15.50,		-7.00,
958,		-18.00,		-15.24,		-7.00,
959,		-19.00,		-15.65,		-7.00,
960,		-19.00,		-15.81,		-7.00,
961,		-19.00,		-15.91,		-7.00,
962,		-19.00,		-15.95,		-7.00,
963,		-19.00,		-15.96,		-7.00,
964,		-19.00,		-15.97,		-7.00,
965,		-19.00,		-15.98,		-9.00,
966,		-17.00,		-14.45,		-7.00,
967,		-17.00,		-15.22,		-7.00,
968,		-17.00,		-14.64,		-10.00,
969,		-19.00,		-14.43,		-4.00,
970,		-19.00,		-15.19,		-6.00,
971,		-18.00,		-14.02,		-9.00,
972,		-19.00,		-13.58,		-9.00,
973,		-19.00,		-13.35,		-9.00,
974,		-19.00,		-13.23,		-10.00,
975,		-16.00,		-13.07,		-4.00,
976,		-17.00,		-12.93,		-4.00,
977,		-16.00,		-13.00,		-4.00,
978,		-16.00,		-13.01,		-4.00,
979,		-17.00,		-13.31,		-7.00,
980,		-17.00,		-14.64,		-4.00,
981,		-17.00,		-15.30,		-7.00,
982,		-19.00,		-15.93,		-10.00,
983,		-19.00,		-15.86,		-7.00,
984,		-19.00,		-15.95,		-7.00,
985,		-19.00,		-15.94,		-9.00,
986,		-19.00,		-15.95,		-7.00,
987,		-18.00,		-15.97,		-7.00,
988,		-18.00,		-15.94,		-9.00,
989,		-18.00,		-15.92,		-9.00,
990,		-19.00,		-16.46,		-9.00,
991,		-17.00,		-16.65,		-8.00,
992,		-20.00,		-16.81,		-10.00,
993,		-20.00,		-16.87,		-8.00,
994,		-20.00,		-16.91,		-8.00,
995,		-20.00,		-16.47,		-14.00,
996,		-20.00,		-16.36,		-7.00,
997,		-21.00,		-16.15,		-7.00,
998,		-19.00,		-16.02,		-7.00,
999,		-19.00,		-15.98,		-7.00,
