RANDOM_SEED, 1698987289
GEN,		MIN,			AVE,			MAX,
0,		-22.00,		-3.13,		16.00,
1,		-25.00,		-4.08,		15.00,
2,		-25.00,		-3.82,		10.00,
3,		-19.00,		-0.02,		13.00,
4,		-17.00,		-1.66,		10.00,
5,		-17.00,		0.92,		14.00,
6,		-13.00,		-1.68,		12.00,
7,		-13.00,		-2.43,		12.00,
8,		-13.00,		-1.39,		12.00,
9,		-13.00,		-0.78,		7.00,
10,		-13.00,		-2.39,		7.00,
11,		-12.00,		-1.14,		7.00,
12,		-9.00,		-2.57,		5.00,
13,		-11.00,		-2.77,		6.00,
14,		-12.00,		-3.27,		6.00,
15,		-12.00,		-3.19,		6.00,
16,		-11.00,		-3.40,		4.00,
17,		-11.00,		-3.23,		5.00,
18,		-11.00,		-3.32,		6.00,
19,		-11.00,		-3.18,		5.00,
20,		-11.00,		-3.59,		4.00,
21,		-10.00,		-3.33,		6.00,
22,		-12.00,		-3.20,		6.00,
23,		-12.00,		-3.03,		6.00,
24,		-12.00,		-3.02,		6.00,
25,		-12.00,		-3.03,		6.00,
26,		-6.00,		-2.97,		6.00,
27,		-10.00,		-3.02,		4.00,
28,		-12.00,		-3.07,		4.00,
29,		-10.00,		-3.04,		6.00,
30,		-12.00,		-3.03,		4.00,
31,		-12.00,		-2.52,		7.00,
32,		-11.00,		-2.30,		7.00,
33,		-12.00,		-2.17,		7.00,
34,		-12.00,		-2.57,		0.00,
35,		-11.00,		-2.28,		-1.00,
36,		-12.00,		-2.67,		0.00,
37,		-12.00,		-2.38,		0.00,
38,		-12.00,		-2.32,		7.00,
39,		-20.00,		-2.10,		7.00,
40,		-12.00,		-2.61,		7.00,
41,		-12.00,		-2.69,		1.00,
42,		-13.00,		-2.42,		1.00,
43,		-12.00,		-2.18,		5.00,
44,		-12.00,		-2.11,		7.00,
45,		-11.00,		-2.30,		7.00,
46,		-6.00,		-2.64,		6.00,
47,		-11.00,		-2.47,		7.00,
48,		-11.00,		-2.29,		0.00,
49,		-5.00,		-2.33,		6.00,
50,		-4.00,		-2.64,		6.00,
51,		-6.00,		-2.63,		6.00,
52,		-12.00,		-2.81,		6.00,
53,		-12.00,		-2.95,		6.00,
54,		-12.00,		-3.04,		5.00,
55,		-12.00,		-3.01,		6.00,
56,		-9.00,		-2.93,		6.00,
57,		-9.00,		-2.99,		6.00,
58,		-12.00,		-2.97,		0.00,
59,		-12.00,		-2.98,		6.00,
60,		-12.00,		-3.01,		6.00,
61,		-12.00,		-3.01,		6.00,
62,		-12.00,		-3.05,		6.00,
63,		-12.00,		-3.00,		6.00,
64,		-6.00,		-3.03,		6.00,
65,		-12.00,		-3.06,		0.00,
66,		-12.00,		-3.09,		6.00,
67,		-12.00,		-3.05,		6.00,
68,		-12.00,		-2.99,		6.00,
69,		-12.00,		-3.05,		6.00,
70,		-6.00,		-2.97,		6.00,
71,		-12.00,		-2.98,		6.00,
72,		-12.00,		-3.04,		1.00,
73,		-12.00,		-3.02,		1.00,
74,		-12.00,		-3.04,		6.00,
75,		-12.00,		-4.03,		3.00,
76,		-12.00,		-3.57,		3.00,
77,		-12.00,		-3.37,		3.00,
78,		-12.00,		-3.21,		0.00,
79,		-12.00,		-3.09,		6.00,
80,		-12.00,		-3.09,		6.00,
81,		-12.00,		-3.01,		6.00,
82,		-10.00,		-4.37,		6.00,
83,		-10.00,		-3.73,		6.00,
84,		-12.00,		-3.31,		1.00,
85,		-12.00,		-3.17,		0.00,
86,		-12.00,		-3.02,		6.00,
87,		-12.00,		-3.03,		6.00,
88,		-12.00,		-3.06,		6.00,
89,		-12.00,		-3.09,		6.00,
90,		-12.00,		1.42,		7.00,
91,		-12.00,		-0.87,		7.00,
92,		-6.00,		-2.07,		7.00,
93,		-6.00,		-2.71,		6.00,
94,		-12.00,		-2.98,		6.00,
95,		-6.00,		-2.98,		6.00,
96,		-6.00,		-2.98,		0.00,
97,		-12.00,		-3.04,		0.00,
98,		-6.00,		-2.98,		6.00,
99,		-12.00,		-2.96,		6.00,
100,		-12.00,		-3.01,		0.00,
101,		-6.00,		-2.96,		6.00,
102,		-5.00,		-2.97,		6.00,
103,		-12.00,		-2.97,		6.00,
104,		-11.00,		-2.51,		7.00,
105,		-11.00,		-2.77,		6.00,
106,		-12.00,		-2.42,		7.00,
107,		-12.00,		-2.37,		5.00,
108,		-12.00,		-2.16,		7.00,
109,		-12.00,		-2.61,		6.00,
110,		-12.00,		-2.55,		6.00,
111,		-12.00,		-2.45,		7.00,
112,		-11.00,		-2.32,		0.00,
113,		-12.00,		-2.56,		7.00,
114,		-12.00,		-2.78,		7.00,
115,		-11.00,		-2.43,		1.00,
116,		-11.00,		-2.22,		5.00,
117,		-5.00,		-2.13,		5.00,
118,		-6.00,		-2.08,		4.00,
119,		-11.00,		-2.06,		7.00,
120,		-12.00,		-2.08,		7.00,
121,		-12.00,		-2.11,		0.00,
122,		-12.00,		-2.04,		5.00,
123,		-11.00,		-2.02,		0.00,
124,		-11.00,		-2.09,		0.00,
125,		-11.00,		-2.09,		0.00,
126,		-14.00,		-2.49,		7.00,
127,		-14.00,		-2.32,		0.00,
128,		-14.00,		-2.20,		7.00,
129,		-11.00,		-2.17,		7.00,
130,		-11.00,		-2.10,		5.00,
131,		-5.00,		-2.08,		2.00,
132,		-7.00,		-2.57,		7.00,
133,		-9.00,		-3.00,		5.00,
134,		-12.00,		-2.98,		6.00,
135,		-6.00,		-2.96,		6.00,
136,		-11.00,		-2.61,		6.00,
137,		-11.00,		-2.59,		7.00,
138,		-13.00,		-3.34,		6.00,
139,		-11.00,		-2.73,		6.00,
140,		-7.00,		-3.33,		6.00,
141,		-12.00,		-3.16,		6.00,
142,		-12.00,		-2.64,		6.00,
143,		-12.00,		-2.33,		7.00,
144,		-12.00,		-2.19,		7.00,
145,		-7.00,		-2.12,		5.00,
146,		-12.00,		-2.49,		0.00,
147,		-11.00,		-2.45,		4.00,
148,		-12.00,		-2.74,		0.00,
149,		-12.00,		-2.93,		6.00,
150,		-13.00,		-3.21,		7.00,
151,		-15.00,		-3.16,		7.00,
152,		-13.00,		-3.10,		8.00,
153,		-13.00,		-3.09,		8.00,
154,		-12.00,		-3.09,		-1.00,
155,		-12.00,		-3.10,		8.00,
156,		-12.00,		-3.07,		8.00,
157,		-12.00,		-3.09,		0.00,
158,		-12.00,		-3.08,		-1.00,
159,		-12.00,		-2.99,		8.00,
160,		-12.00,		-3.07,		0.00,
161,		-12.00,		-3.01,		8.00,
162,		-12.00,		-2.99,		8.00,
163,		-12.00,		-3.05,		4.00,
164,		-12.00,		-3.06,		0.00,
165,		-6.00,		-3.01,		0.00,
166,		-12.00,		-3.00,		8.00,
167,		-12.00,		-3.04,		8.00,
168,		-12.00,		-3.03,		8.00,
169,		-12.00,		-3.03,		8.00,
170,		-12.00,		-2.57,		7.00,
171,		-12.00,		-2.78,		7.00,
172,		-12.00,		-2.34,		8.00,
173,		-12.00,		-2.44,		8.00,
174,		-12.00,		-2.71,		8.00,
175,		-12.00,		-2.89,		4.00,
176,		-12.00,		-2.95,		8.00,
177,		-12.00,		-2.97,		8.00,
178,		-12.00,		-3.00,		4.00,
179,		-12.00,		-3.04,		0.00,
180,		-12.00,		-2.97,		8.00,
181,		-12.00,		-3.05,		0.00,
182,		-12.00,		-3.08,		-1.00,
183,		-12.00,		-3.02,		0.00,
184,		-6.00,		-3.49,		-1.00,
185,		-13.00,		-3.81,		-1.00,
186,		-12.00,		-3.39,		5.00,
187,		-13.00,		-3.65,		5.00,
188,		-10.00,		-3.81,		7.00,
189,		-13.00,		-3.72,		8.00,
190,		-13.00,		-3.34,		7.00,
191,		-12.00,		-3.19,		-1.00,
192,		-12.00,		-3.44,		0.00,
193,		-12.00,		-3.39,		7.00,
194,		-13.00,		-3.18,		8.00,
195,		-13.00,		-2.76,		-1.00,
196,		-12.00,		-2.88,		4.00,
197,		-12.00,		-2.98,		-2.00,
198,		-12.00,		-3.00,		7.00,
199,		-12.00,		-2.96,		7.00,
200,		-12.00,		-3.01,		8.00,
201,		-12.00,		-2.98,		8.00,
202,		-12.00,		-3.01,		8.00,
203,		-12.00,		-3.04,		8.00,
204,		-12.00,		-3.04,		4.00,
205,		-12.00,		-3.05,		-1.00,
206,		-6.00,		-3.00,		0.00,
207,		-12.00,		-3.00,		8.00,
208,		-12.00,		-3.03,		8.00,
209,		-15.00,		-3.02,		8.00,
210,		-12.00,		-3.04,		8.00,
211,		-12.00,		-3.09,		8.00,
212,		-12.00,		-3.04,		4.00,
213,		-12.00,		-3.05,		4.00,
214,		-21.00,		-3.08,		8.00,
215,		-21.00,		-3.10,		8.00,
216,		-12.00,		-3.08,		8.00,
217,		-12.00,		-3.04,		8.00,
218,		-12.00,		-3.04,		4.00,
219,		-12.00,		-3.06,		0.00,
220,		-13.00,		-3.06,		-1.00,
221,		-13.00,		-3.03,		8.00,
222,		-13.00,		-3.00,		8.00,
223,		-13.00,		-3.07,		8.00,
224,		-13.00,		-3.10,		8.00,
225,		-13.00,		-3.10,		0.00,
226,		-12.00,		-3.00,		0.00,
227,		-12.00,		-2.98,		8.00,
228,		-12.00,		-3.01,		-1.00,
229,		-12.00,		-3.02,		8.00,
230,		-12.00,		-3.34,		8.00,
231,		-12.00,		-3.19,		4.00,
232,		-12.00,		-3.15,		0.00,
233,		-6.00,		-2.97,		4.00,
234,		-6.00,		-2.78,		4.00,
235,		-12.00,		-2.92,		8.00,
236,		-6.00,		-2.94,		8.00,
237,		-12.00,		-2.94,		8.00,
238,		-12.00,		-2.97,		4.00,
239,		-6.00,		-3.00,		8.00,
240,		-6.00,		-2.50,		0.00,
241,		-5.00,		-2.69,		4.00,
242,		-5.00,		-2.77,		9.00,
243,		-12.00,		-2.93,		4.00,
244,		-12.00,		-2.97,		4.00,
245,		-12.00,		-2.98,		4.00,
246,		-6.00,		-2.95,		8.00,
247,		-12.00,		-3.01,		4.00,
248,		-12.00,		-3.05,		-1.00,
249,		-12.00,		-3.02,		8.00,
250,		-12.00,		-3.01,		8.00,
251,		-12.00,		-3.00,		8.00,
252,		-12.00,		0.40,		6.00,
253,		-12.00,		-1.43,		8.00,
254,		-12.00,		-2.30,		8.00,
255,		-12.00,		-2.66,		8.00,
256,		-12.00,		-2.88,		5.00,
257,		-12.00,		-2.99,		4.00,
258,		-6.00,		-2.95,		8.00,
259,		-6.00,		-2.99,		8.00,
260,		-12.00,		-3.01,		4.00,
261,		-6.00,		-2.97,		4.00,
262,		-12.00,		-2.99,		8.00,
263,		-15.00,		-7.42,		8.00,
264,		-15.00,		-5.57,		8.00,
265,		-15.00,		-4.60,		4.00,
266,		-15.00,		-4.01,		8.00,
267,		-12.00,		-3.63,		8.00,
268,		-12.00,		-3.51,		8.00,
269,		-12.00,		-3.44,		0.00,
270,		-12.00,		-2.81,		5.00,
271,		-12.00,		-2.90,		0.00,
272,		-12.00,		-2.98,		8.00,
273,		-12.00,		-3.06,		0.00,
274,		-12.00,		-2.99,		8.00,
275,		-12.00,		-3.00,		8.00,
276,		-12.00,		-3.02,		8.00,
277,		-12.00,		-2.92,		8.00,
278,		-12.00,		-3.00,		8.00,
279,		-12.00,		-2.95,		8.00,
280,		-6.00,		-2.92,		8.00,
281,		-12.00,		-3.02,		0.00,
282,		-12.00,		-3.08,		-1.00,
283,		-12.00,		-3.02,		8.00,
284,		-12.00,		-3.01,		0.00,
285,		-12.00,		-3.02,		4.00,
286,		-14.00,		-4.55,		8.00,
287,		-14.00,		-4.03,		7.00,
288,		-15.00,		-5.10,		8.00,
289,		-15.00,		-4.46,		8.00,
290,		-15.00,		-3.94,		8.00,
291,		-21.00,		-3.58,		8.00,
292,		-12.00,		-3.73,		8.00,
293,		-12.00,		-3.56,		4.00,
294,		-21.00,		-5.31,		4.00,
295,		-12.00,		-4.37,		4.00,
296,		-15.00,		-8.33,		0.00,
297,		-21.00,		-5.72,		0.00,
298,		-15.00,		-4.89,		0.00,
299,		-15.00,		-5.72,		0.00,
300,		-13.00,		-8.98,		-2.00,
301,		-13.00,		-6.24,		0.00,
302,		-12.00,		-4.72,		0.00,
303,		-21.00,		-6.53,		-1.00,
304,		-21.00,		-5.36,		0.00,
305,		-21.00,		-4.42,		0.00,
306,		-21.00,		-3.71,		4.00,
307,		-21.00,		-3.43,		4.00,
308,		-12.00,		-3.34,		8.00,
309,		-12.00,		-3.11,		8.00,
310,		-12.00,		-2.72,		5.00,
311,		-12.00,		-2.88,		5.00,
312,		-12.00,		-3.01,		0.00,
313,		-12.00,		-2.52,		9.00,
314,		-12.00,		-2.73,		8.00,
315,		-12.00,		-2.87,		9.00,
316,		-12.00,		-2.44,		1.00,
317,		-12.00,		-2.21,		9.00,
318,		-12.00,		-2.16,		9.00,
319,		-12.00,		-2.11,		1.00,
320,		-12.00,		-2.53,		8.00,
321,		-12.00,		-2.32,		4.00,
322,		-12.00,		-2.19,		4.00,
323,		-12.00,		-2.07,		5.00,
324,		-11.00,		-2.08,		5.00,
325,		-11.00,		-2.05,		9.00,
326,		-11.00,		-2.01,		9.00,
327,		-11.00,		-1.98,		9.00,
328,		-11.00,		-1.97,		9.00,
329,		-11.00,		-1.93,		9.00,
330,		-11.00,		-2.00,		9.00,
331,		-11.00,		-2.01,		8.00,
332,		-11.00,		-2.09,		5.00,
333,		-20.00,		-5.19,		5.00,
334,		-13.00,		-8.61,		-1.00,
335,		-14.00,		-8.60,		5.00,
336,		-12.00,		-5.52,		1.00,
337,		-11.00,		-4.13,		1.00,
338,		-12.00,		-4.82,		1.00,
339,		-12.00,		-3.53,		9.00,
340,		-14.00,		-7.44,		0.00,
341,		-13.00,		-6.38,		9.00,
342,		-14.00,		-8.59,		1.00,
343,		-14.00,		-10.02,		0.00,
344,		-13.00,		-10.72,		0.00,
345,		-13.00,		-10.90,		0.00,
346,		-13.00,		-10.89,		0.00,
347,		-13.00,		-10.94,		-2.00,
348,		-20.00,		-10.91,		0.00,
349,		-20.00,		-10.96,		0.00,
350,		-20.00,		-11.04,		-8.00,
351,		-20.00,		-11.00,		-4.00,
352,		-14.00,		-10.93,		0.00,
353,		-14.00,		-10.91,		0.00,
354,		-14.00,		-10.90,		0.00,
355,		-14.00,		-10.92,		0.00,
356,		-14.00,		-10.93,		-2.00,
357,		-20.00,		-10.95,		-2.00,
358,		-20.00,		-10.96,		-2.00,
359,		-20.00,		-10.98,		-2.00,
360,		-20.00,		-11.04,		-8.00,
361,		-14.00,		-10.94,		0.00,
362,		-12.00,		-10.96,		-8.00,
363,		-20.00,		-10.95,		0.00,
364,		-14.00,		-10.97,		-2.00,
365,		-14.00,		-10.98,		-4.00,
366,		-14.00,		-10.93,		0.00,
367,		-14.00,		-10.82,		0.00,
368,		-20.00,		-10.95,		0.00,
369,		-20.00,		-11.00,		-4.00,
370,		-20.00,		-10.97,		-4.00,
371,		-13.00,		-10.03,		-4.00,
372,		-11.00,		-10.10,		0.00,
373,		-12.00,		-10.51,		0.00,
374,		-12.00,		-10.67,		0.00,
375,		-12.00,		-10.82,		-6.00,
376,		-13.00,		-11.30,		0.00,
377,		-14.00,		-11.18,		-8.00,
378,		-20.00,		-11.05,		0.00,
379,		-20.00,		-11.05,		0.00,
380,		-20.00,		-11.01,		0.00,
381,		-20.00,		-10.94,		-2.00,
382,		-14.00,		-10.91,		0.00,
383,		-14.00,		-10.93,		-2.00,
384,		-20.00,		-10.97,		-2.00,
385,		-20.00,		-10.92,		0.00,
386,		-13.00,		-11.46,		-2.00,
387,		-13.00,		-11.17,		-2.00,
388,		-13.00,		-11.06,		-2.00,
389,		-20.00,		-11.02,		-4.00,
390,		-14.00,		-10.96,		-4.00,
391,		-14.00,		-9.81,		-3.00,
392,		-14.00,		-10.44,		-2.00,
393,		-20.00,		-10.79,		2.00,
394,		-20.00,		-10.97,		0.00,
395,		-20.00,		-10.98,		0.00,
396,		-20.00,		-11.03,		0.00,
397,		-20.00,		-11.00,		0.00,
398,		-14.00,		-10.96,		-2.00,
399,		-20.00,		-10.95,		0.00,
400,		-20.00,		-10.93,		0.00,
401,		-14.00,		-10.91,		0.00,
402,		-20.00,		-10.95,		0.00,
403,		-20.00,		-10.93,		0.00,
404,		-20.00,		-10.98,		-4.00,
405,		-20.00,		-10.99,		-4.00,
406,		-20.00,		-8.56,		1.00,
407,		-12.00,		-10.18,		-1.00,
408,		-17.00,		-10.69,		-3.00,
409,		-12.00,		-10.83,		0.00,
410,		-12.00,		-10.93,		0.00,
411,		-20.00,		-10.95,		0.00,
412,		-20.00,		-10.46,		-4.00,
413,		-13.00,		-10.68,		0.00,
414,		-13.00,		-10.86,		0.00,
415,		-20.00,		-10.91,		0.00,
416,		-20.00,		-10.95,		-2.00,
417,		-20.00,		-10.93,		0.00,
418,		-12.00,		-10.93,		0.00,
419,		-20.00,		-10.95,		0.00,
420,		-20.00,		-10.97,		-4.00,
421,		-20.00,		-10.99,		-4.00,
422,		-20.00,		-10.94,		0.00,
423,		-20.00,		-10.96,		0.00,
424,		-20.00,		-10.98,		-4.00,
425,		-20.00,		-10.98,		-8.00,
426,		-20.00,		-10.98,		-8.00,
427,		-12.00,		-10.97,		0.00,
428,		-20.00,		-10.94,		0.00,
429,		-20.00,		-10.94,		0.00,
430,		-20.00,		-11.00,		-4.00,
431,		-20.00,		-11.01,		-4.00,
432,		-20.00,		-11.02,		-2.00,
433,		-14.00,		-10.97,		-4.00,
434,		-20.00,		-10.95,		-2.00,
435,		-14.00,		-10.95,		-2.00,
436,		-14.00,		-10.94,		-2.00,
437,		-14.00,		-10.95,		0.00,
438,		-20.00,		-10.96,		0.00,
439,		-20.00,		-10.95,		0.00,
440,		-20.00,		-10.96,		0.00,
441,		-20.00,		-10.89,		0.00,
442,		-14.00,		-10.91,		0.00,
443,		-14.00,		-10.89,		0.00,
444,		-14.00,		-10.96,		-2.00,
445,		-14.00,		-10.97,		-2.00,
446,		-21.00,		-9.98,		0.00,
447,		-21.00,		-10.48,		0.00,
448,		-20.00,		-10.74,		0.00,
449,		-14.00,		-10.87,		0.00,
450,		-13.00,		-10.92,		-4.00,
451,		-14.00,		-10.95,		0.00,
452,		-14.00,		-10.95,		0.00,
453,		-20.00,		-10.95,		0.00,
454,		-20.00,		-10.95,		0.00,
455,		-20.00,		-10.96,		0.00,
456,		-20.00,		-11.02,		0.00,
457,		-20.00,		-10.98,		-1.00,
458,		-14.00,		-11.39,		-2.00,
459,		-14.00,		-11.10,		0.00,
460,		-12.00,		-11.07,		-4.00,
461,		-20.00,		-11.08,		-4.00,
462,		-21.00,		-11.29,		0.00,
463,		-21.00,		-10.62,		1.00,
464,		-13.00,		-10.24,		1.00,
465,		-13.00,		-10.78,		1.00,
466,		-21.00,		-10.46,		-7.00,
467,		-19.00,		-10.40,		-3.00,
468,		-20.00,		-10.21,		-3.00,
469,		-19.00,		-10.06,		1.00,
470,		-20.00,		-11.08,		1.00,
471,		-20.00,		-10.66,		1.00,
472,		-19.00,		-10.37,		1.00,
473,		-20.00,		-10.21,		1.00,
474,		-19.00,		-10.04,		1.00,
475,		-19.00,		-9.98,		1.00,
476,		-19.00,		-10.00,		-3.00,
477,		-19.00,		-10.00,		-7.00,
478,		-19.00,		-10.01,		-3.00,
479,		-11.00,		-9.95,		-3.00,
480,		-19.00,		-9.94,		1.00,
481,		-13.00,		-9.92,		-3.00,
482,		-19.00,		-9.98,		-3.00,
483,		-19.00,		-9.99,		1.00,
484,		-19.00,		-9.99,		1.00,
485,		-19.00,		-10.03,		-3.00,
486,		-19.00,		-8.56,		1.00,
487,		-17.00,		-7.80,		3.00,
488,		-13.00,		-8.23,		-2.00,
489,		-19.00,		-7.66,		-3.00,
490,		-19.00,		-6.84,		-1.00,
491,		-19.00,		-11.48,		-6.00,
492,		-19.00,		-9.13,		0.00,
493,		-19.00,		-7.88,		1.00,
494,		-19.00,		-12.23,		-4.00,
495,		-19.00,		-9.91,		1.00,
496,		-19.00,		-8.19,		-3.00,
497,		-19.00,		-7.53,		-2.00,
498,		-19.00,		-9.11,		1.00,
499,		-20.00,		-10.28,		1.00,
500,		-20.00,		-11.05,		-5.00,
501,		-20.00,		-15.06,		0.00,
502,		-20.00,		-12.81,		-6.00,
503,		-20.00,		-15.77,		1.00,
504,		-20.00,		-13.10,		1.00,
505,		-20.00,		-16.00,		-7.00,
506,		-20.00,		-17.81,		-7.00,
507,		-20.00,		-18.43,		-10.00,
508,		-20.00,		-14.21,		-7.00,
509,		-20.00,		-13.90,		-3.00,
510,		-19.00,		-15.49,		-3.00,
511,		-19.00,		-13.03,		-3.00,
512,		-19.00,		-15.12,		-3.00,
513,		-19.00,		-12.80,		-3.00,
514,		-19.00,		-12.93,		1.00,
515,		-20.00,		-15.15,		1.00,
516,		-20.00,		-12.81,		-5.00,
517,		-20.00,		-14.99,		-1.00,
518,		-19.00,		-16.22,		-1.00,
519,		-19.00,		-16.60,		-8.00,
520,		-19.00,		-15.48,		-5.00,
521,		-19.00,		-16.21,		-5.00,
522,		-19.00,		-16.54,		-5.00,
523,		-19.00,		-16.98,		-6.00,
524,		-19.00,		-16.99,		-8.00,
525,		-19.00,		-16.15,		-10.00,
526,		-19.00,		-16.12,		-4.00,
527,		-19.00,		-16.21,		-6.00,
528,		-19.00,		-16.58,		-8.00,
529,		-19.00,		-15.49,		-6.00,
530,		-19.00,		-16.15,		-6.00,
531,		-17.00,		-13.08,		-1.00,
532,		-18.00,		-11.78,		-5.00,
533,		-17.00,		-10.90,		-7.00,
534,		-17.00,		-10.48,		-7.00,
535,		-17.00,		-10.29,		-1.00,
536,		-17.00,		-10.18,		-1.00,
537,		-17.00,		-10.07,		1.00,
538,		-17.00,		-10.03,		1.00,
539,		-17.00,		-9.97,		1.00,
540,		-17.00,		-9.97,		-1.00,
541,		-17.00,		-9.99,		-1.00,
542,		-17.00,		-9.98,		1.00,
543,		-17.00,		-10.01,		-7.00,
544,		-17.00,		-9.99,		1.00,
545,		-17.00,		-9.98,		1.00,
546,		-17.00,		-9.92,		1.00,
547,		-17.00,		-9.94,		1.00,
548,		-17.00,		-9.97,		1.00,
549,		-13.00,		-9.99,		-7.00,
550,		-13.00,		-9.98,		1.00,
551,		-17.00,		-9.97,		1.00,
552,		-11.00,		-9.93,		-1.00,
553,		-13.00,		-9.93,		1.00,
554,		-17.00,		-9.91,		1.00,
555,		-17.00,		-9.93,		1.00,
556,		-17.00,		-9.94,		-1.00,
557,		-17.00,		-9.96,		1.00,
558,		-17.00,		-9.99,		-7.00,
559,		-17.00,		-10.03,		-7.00,
560,		-17.00,		-10.00,		-7.00,
561,		-17.00,		-9.93,		1.00,
562,		-17.00,		-9.88,		1.00,
563,		-17.00,		-9.94,		1.00,
564,		-17.00,		-9.94,		1.00,
565,		-17.00,		-9.91,		1.00,
566,		-17.00,		-9.94,		1.00,
567,		-17.00,		-9.96,		-7.00,
568,		-12.00,		-9.91,		1.00,
569,		-13.00,		-9.93,		1.00,
570,		-13.00,		-9.97,		-7.00,
571,		-13.00,		-10.00,		-7.00,
572,		-17.00,		-10.00,		-7.00,
573,		-13.00,		-9.96,		1.00,
574,		-17.00,		-9.94,		1.00,
575,		-13.00,		-9.95,		-1.00,
576,		-17.00,		-9.94,		-1.00,
577,		-17.00,		-9.99,		-7.00,
578,		-17.00,		-10.01,		-7.00,
579,		-17.00,		-10.02,		-7.00,
580,		-17.00,		-9.94,		1.00,
581,		-17.00,		-9.92,		1.00,
582,		-17.00,		-9.97,		-1.00,
583,		-17.00,		-9.96,		-1.00,
584,		-12.00,		-9.22,		1.00,
585,		-12.00,		-9.60,		1.00,
586,		-13.00,		-9.81,		1.00,
587,		-13.00,		-9.95,		-6.00,
588,		-13.00,		-9.96,		-4.00,
589,		-13.00,		-9.95,		-4.00,
590,		-11.00,		-9.91,		-1.00,
591,		-12.00,		-9.94,		-6.00,
592,		-13.00,		-9.96,		-7.00,
593,		-13.00,		-9.96,		-1.00,
594,		-11.00,		-9.97,		-2.00,
595,		-11.00,		-9.94,		1.00,
596,		-13.00,		-9.98,		-7.00,
597,		-17.00,		-9.99,		-7.00,
598,		-11.00,		-9.95,		-1.00,
599,		-11.00,		-9.95,		-1.00,
600,		-17.00,		-9.93,		1.00,
601,		-17.00,		-9.95,		1.00,
602,		-13.00,		-9.95,		-7.00,
603,		-17.00,		-10.00,		-8.00,
604,		-12.00,		-9.98,		-7.00,
605,		-11.00,		-9.99,		-7.00,
606,		-17.00,		-10.02,		-7.00,
607,		-17.00,		-9.98,		-5.00,
608,		-17.00,		-9.95,		1.00,
609,		-13.00,		-9.45,		0.00,
610,		-10.00,		-9.36,		2.00,
611,		-10.00,		-9.14,		2.00,
612,		-11.00,		-9.01,		11.00,
613,		-18.00,		-9.00,		11.00,
614,		-12.00,		-8.99,		-6.00,
615,		-12.00,		-8.99,		-6.00,
616,		-18.00,		-9.00,		2.00,
617,		-18.00,		-9.05,		2.00,
618,		-18.00,		-9.05,		2.00,
619,		-18.00,		-9.01,		-6.00,
620,		-18.00,		-9.01,		-6.00,
621,		-12.00,		-8.98,		0.00,
622,		-12.00,		-8.99,		0.00,
623,		-18.00,		-9.00,		-6.00,
624,		-12.00,		-8.97,		-6.00,
625,		-18.00,		-8.98,		-6.00,
626,		-11.00,		-8.89,		2.00,
627,		-12.00,		-8.95,		2.00,
628,		-18.00,		-8.99,		-6.00,
629,		-18.00,		-8.59,		0.00,
630,		-18.00,		-8.36,		2.00,
631,		-18.00,		-8.24,		3.00,
632,		-18.00,		-8.71,		-5.00,
633,		-18.00,		-8.57,		-5.00,
634,		-18.00,		-8.23,		1.00,
635,		-21.00,		-13.11,		1.00,
636,		-19.00,		-15.79,		-5.00,
637,		-19.00,		-16.82,		-7.00,
638,		-21.00,		-17.48,		-7.00,
639,		-19.00,		-13.43,		-8.00,
640,		-19.00,		-15.95,		-6.00,
641,		-19.00,		-16.65,		-8.00,
642,		-19.00,		-16.92,		-8.00,
643,		-20.00,		-17.00,		-9.00,
644,		-20.00,		-16.93,		-6.00,
645,		-19.00,		-16.92,		-8.00,
646,		-20.00,		-16.97,		-9.00,
647,		-20.00,		-16.93,		-6.00,
648,		-20.00,		-16.98,		-14.00,
649,		-20.00,		-16.97,		-8.00,
650,		-20.00,		-16.94,		-6.00,
651,		-20.00,		-17.47,		-7.00,
652,		-21.00,		-17.70,		-6.00,
653,		-20.00,		-17.34,		-6.00,
654,		-21.00,		-17.70,		-14.00,
655,		-19.00,		-17.81,		-9.00,
656,		-19.00,		-17.85,		-9.00,
657,		-21.00,		-17.88,		-9.00,
658,		-21.00,		-16.39,		-6.00,
659,		-21.00,		-15.50,		-4.00,
660,		-19.00,		-15.16,		-4.00,
661,		-18.00,		-15.12,		-6.00,
662,		-18.00,		-14.98,		-6.00,
663,		-18.00,		-14.52,		-6.00,
664,		-18.00,		-14.76,		-6.00,
665,		-18.00,		-14.87,		-6.00,
666,		-18.00,		-14.89,		-4.00,
667,		-16.00,		-14.93,		-6.00,
668,		-18.00,		-14.91,		-6.00,
669,		-18.00,		-14.90,		-6.00,
670,		-16.00,		-14.87,		-6.00,
671,		-18.00,		-14.90,		-6.00,
672,		-18.00,		-14.89,		-4.00,
673,		-18.00,		-14.90,		-4.00,
674,		-18.00,		-14.92,		-4.00,
675,		-18.00,		-13.92,		-2.00,
676,		-18.00,		-13.32,		-2.00,
677,		-16.00,		-13.47,		-6.00,
678,		-16.00,		-14.12,		-4.00,
679,		-16.00,		-14.50,		-4.00,
680,		-16.00,		-14.66,		-4.00,
681,		-18.00,		-14.74,		-4.00,
682,		-18.00,		-14.86,		-4.00,
683,		-18.00,		-14.93,		-4.00,
684,		-18.00,		-14.89,		-4.00,
685,		-15.00,		-14.88,		-4.00,
686,		-16.00,		-14.94,		-4.00,
687,		-18.00,		-14.95,		-12.00,
688,		-18.00,		-14.94,		-6.00,
689,		-21.00,		-13.48,		-9.00,
690,		-21.00,		-13.53,		-1.00,
691,		-21.00,		-14.25,		-6.00,
692,		-21.00,		-13.11,		-3.00,
693,		-21.00,		-12.61,		-1.00,
694,		-15.00,		-13.71,		-3.00,
695,		-15.00,		-14.35,		-3.00,
696,		-16.00,		-14.57,		-3.00,
697,		-16.00,		-14.76,		-4.00,
698,		-18.00,		-14.85,		-4.00,
699,		-16.00,		-14.83,		-4.00,
700,		-16.00,		-14.84,		-4.00,
701,		-18.00,		-14.89,		-6.00,
702,		-18.00,		-14.90,		-6.00,
703,		-18.00,		-14.85,		-4.00,
704,		-18.00,		-14.88,		-4.00,
705,		-18.00,		-14.93,		-4.00,
706,		-18.00,		-14.86,		-4.00,
707,		-18.00,		-14.96,		-4.00,
708,		-15.00,		-14.87,		-4.00,
709,		-16.00,		-14.91,		-6.00,
710,		-18.00,		-14.95,		-4.00,
711,		-15.00,		-14.93,		-4.00,
712,		-18.00,		-14.93,		-4.00,
713,		-16.00,		-14.93,		-6.00,
714,		-18.00,		-14.89,		-4.00,
715,		-19.00,		-14.93,		-5.00,
716,		-19.00,		-14.95,		-5.00,
717,		-15.00,		-14.93,		-6.00,
718,		-18.00,		-14.93,		-6.00,
719,		-18.00,		-14.91,		-4.00,
720,		-16.00,		-14.94,		-6.00,
721,		-16.00,		-14.92,		-4.00,
722,		-18.00,		-14.89,		-6.00,
723,		-18.00,		-15.10,		-4.00,
724,		-17.00,		-15.52,		-5.00,
725,		-17.00,		-15.75,		-5.00,
726,		-17.00,		-15.34,		-7.00,
727,		-19.00,		-15.67,		-7.00,
728,		-19.00,		-15.58,		-4.00,
729,		-19.00,		-14.35,		-2.00,
730,		-19.00,		-15.19,		-4.00,
731,		-19.00,		-15.54,		-5.00,
732,		-17.00,		-14.72,		-3.00,
733,		-19.00,		-15.34,		-5.00,
734,		-19.00,		-14.61,		-3.00,
735,		-19.00,		-15.24,		-5.00,
736,		-19.00,		-14.64,		-3.00,
737,		-16.00,		-15.32,		-7.00,
738,		-18.00,		-15.62,		-5.00,
739,		-19.00,		-14.74,		-5.00,
740,		-16.00,		-14.31,		-7.00,
741,		-17.00,		-14.09,		-3.00,
742,		-16.00,		-14.03,		-3.00,
743,		-17.00,		-14.01,		-5.00,
744,		-16.00,		-13.96,		-3.00,
745,		-17.00,		-13.97,		-3.00,
746,		-17.00,		-13.98,		-11.00,
747,		-17.00,		-13.98,		-11.00,
748,		-17.00,		-13.94,		-3.00,
749,		-17.00,		-11.42,		2.00,
750,		-17.00,		-10.23,		0.00,
751,		-14.00,		-9.60,		2.00,
752,		-17.00,		-9.33,		0.00,
753,		-15.00,		-9.15,		2.00,
754,		-14.00,		-9.04,		2.00,
755,		-14.00,		-9.00,		0.00,
756,		-14.00,		-8.94,		2.00,
757,		-11.00,		-8.90,		2.00,
758,		-14.00,		-8.99,		0.00,
759,		-14.00,		-8.96,		0.00,
760,		-14.00,		-8.93,		0.00,
761,		-14.00,		-8.95,		2.00,
762,		-14.00,		-8.94,		2.00,
763,		-14.00,		-8.98,		2.00,
764,		-14.00,		-8.99,		-6.00,
765,		-14.00,		-8.96,		2.00,
766,		-14.00,		-8.93,		0.00,
767,		-14.00,		-8.98,		0.00,
768,		-14.00,		-9.00,		2.00,
769,		-14.00,		-8.99,		2.00,
770,		-14.00,		-9.01,		0.00,
771,		-14.00,		-8.99,		0.00,
772,		-14.00,		-9.06,		-6.00,
773,		-12.00,		-8.98,		0.00,
774,		-12.00,		-9.00,		-6.00,
775,		-14.00,		-8.97,		2.00,
776,		-14.00,		-8.99,		2.00,
777,		-14.00,		-8.95,		0.00,
778,		-12.00,		-8.98,		0.00,
779,		-14.00,		-9.00,		-6.00,
780,		-12.00,		-8.98,		2.00,
781,		-14.00,		-9.01,		-6.00,
782,		-12.00,		-8.99,		-6.00,
783,		-14.00,		-9.00,		0.00,
784,		-14.00,		-8.97,		2.00,
785,		-14.00,		-8.96,		2.00,
786,		-14.00,		-8.95,		2.00,
787,		-14.00,		-9.01,		-6.00,
788,		-12.00,		-8.99,		-6.00,
789,		-14.00,		-8.95,		2.00,
790,		-14.00,		-8.98,		-6.00,
791,		-14.00,		-8.92,		2.00,
792,		-14.00,		-8.99,		-6.00,
793,		-14.00,		-8.93,		2.00,
794,		-12.00,		-8.86,		2.00,
795,		-12.00,		-8.92,		2.00,
796,		-12.00,		-8.91,		2.00,
797,		-14.00,		-8.97,		1.00,
798,		-14.00,		-8.90,		2.00,
799,		-14.00,		-8.97,		0.00,
800,		-14.00,		-8.84,		-6.00,
801,		-14.00,		-8.88,		2.00,
802,		-10.00,		-8.86,		2.00,
803,		-12.00,		-8.96,		-6.00,
804,		-10.00,		-8.97,		-6.00,
805,		-12.00,		-8.92,		2.00,
806,		-12.00,		-8.91,		2.00,
807,		-12.00,		-8.85,		2.00,
808,		-12.00,		-8.97,		-6.00,
809,		-12.00,		-8.95,		2.00,
810,		-12.00,		-8.44,		2.00,
811,		-12.00,		-8.53,		2.00,
812,		-13.00,		-8.25,		2.00,
813,		-13.00,		-8.39,		1.00,
814,		-12.00,		-8.18,		1.00,
815,		-12.00,		-8.09,		1.00,
816,		-12.00,		-8.05,		1.00,
817,		-13.00,		-8.03,		1.00,
818,		-13.00,		-8.02,		1.00,
819,		-11.00,		-7.95,		1.00,
820,		-13.00,		-8.03,		-5.00,
821,		-13.00,		-8.00,		1.00,
822,		-13.00,		-8.00,		-5.00,
823,		-13.00,		-8.00,		-5.00,
824,		-11.00,		-7.97,		1.00,
825,		-11.00,		-7.99,		-5.00,
826,		-13.00,		-8.00,		-5.00,
827,		-13.00,		-7.99,		-5.00,
828,		-11.00,		-8.01,		-4.00,
829,		-11.00,		-7.99,		-5.00,
830,		-11.00,		-7.98,		1.00,
831,		-13.00,		-7.98,		1.00,
832,		-13.00,		-7.97,		1.00,
833,		-11.00,		-7.92,		1.00,
834,		-13.00,		-7.98,		1.00,
835,		-13.00,		-7.99,		1.00,
836,		-11.00,		-7.98,		1.00,
837,		-13.00,		-8.01,		2.00,
838,		-12.00,		-7.98,		1.00,
839,		-11.00,		-7.99,		-5.00,
840,		-11.00,		-7.95,		4.00,
841,		-11.00,		-8.00,		1.00,
842,		-11.00,		-8.00,		1.00,
843,		-11.00,		-8.04,		-5.00,
844,		-14.00,		-9.17,		-5.00,
845,		-13.00,		-8.59,		-4.00,
846,		-14.00,		-8.41,		-5.00,
847,		-13.00,		-8.16,		1.00,
848,		-13.00,		-8.59,		-6.00,
849,		-13.00,		-9.27,		1.00,
850,		-13.00,		-9.59,		-1.00,
851,		-13.00,		-8.75,		1.00,
852,		-13.00,		-8.38,		1.00,
853,		-13.00,		-8.18,		1.00,
854,		-13.00,		-9.59,		1.00,
855,		-13.00,		-9.20,		1.00,
856,		-13.00,		-9.31,		-2.00,
857,		-13.00,		-10.14,		0.00,
858,		-14.00,		-9.08,		-6.00,
859,		-14.00,		-10.07,		-7.00,
860,		-14.00,		-10.44,		0.00,
861,		-12.00,		-10.73,		0.00,
862,		-12.00,		-10.85,		0.00,
863,		-13.00,		-10.91,		-2.00,
864,		-14.00,		-10.93,		-2.00,
865,		-14.00,		-10.98,		-2.00,
866,		-14.00,		-11.01,		-8.00,
867,		-14.00,		-10.97,		0.00,
868,		-14.00,		-10.88,		0.00,
869,		-14.00,		-10.91,		0.00,
870,		-14.00,		-8.99,		-1.00,
871,		-14.00,		-10.06,		9.00,
872,		-12.00,		-6.00,		9.00,
873,		-12.00,		-8.61,		9.00,
874,		-14.00,		-5.59,		9.00,
875,		-14.00,		-7.25,		1.00,
876,		-17.00,		-7.84,		4.00,
877,		-11.00,		-5.16,		12.00,
878,		-12.00,		-8.23,		1.00,
879,		-14.00,		-9.65,		4.00,
880,		-14.00,		-6.37,		1.00,
881,		-14.00,		-7.84,		1.00,
882,		-14.00,		-5.13,		1.00,
883,		-12.00,		-7.03,		3.00,
884,		-12.00,		-9.23,		1.00,
885,		-11.00,		-8.73,		3.00,
886,		-11.00,		-9.86,		1.00,
887,		-14.00,		-9.49,		0.00,
888,		-14.00,		-10.21,		0.00,
889,		-14.00,		-10.55,		0.00,
890,		-14.00,		-10.80,		-2.00,
891,		-14.00,		-10.90,		-8.00,
892,		-14.00,		-10.92,		0.00,
893,		-12.00,		-9.89,		1.00,
894,		-12.00,		-8.95,		1.00,
895,		-12.00,		-8.42,		1.00,
896,		-12.00,		-8.21,		1.00,
897,		-12.00,		-8.07,		3.00,
898,		-11.00,		-7.99,		3.00,
899,		-17.00,		-8.02,		3.00,
900,		-11.00,		-7.96,		3.00,
901,		-11.00,		-7.97,		1.00,
902,		-17.00,		-7.96,		3.00,
903,		-17.00,		-7.97,		3.00,
904,		-17.00,		-7.94,		3.00,
905,		-17.00,		-7.88,		3.00,
906,		-11.00,		-7.90,		1.00,
907,		-11.00,		-7.99,		-5.00,
908,		-11.00,		-7.98,		1.00,
909,		-17.00,		-7.93,		3.00,
910,		-17.00,		-7.92,		3.00,
911,		-17.00,		-7.91,		3.00,
912,		-9.00,		-7.92,		2.00,
913,		-17.00,		-7.93,		4.00,
914,		-17.00,		-7.97,		3.00,
915,		-17.00,		-8.01,		1.00,
916,		-17.00,		-8.03,		1.00,
917,		-17.00,		-8.03,		3.00,
918,		-17.00,		-7.95,		3.00,
919,		-17.00,		-7.99,		3.00,
920,		-17.00,		-8.00,		3.00,
921,		-17.00,		-8.03,		3.00,
922,		-17.00,		-7.99,		3.00,
923,		-17.00,		-7.99,		3.00,
924,		-17.00,		-7.99,		3.00,
925,		-17.00,		-7.95,		3.00,
926,		-17.00,		-7.99,		3.00,
927,		-17.00,		-7.99,		3.00,
928,		-17.00,		-8.03,		-5.00,
929,		-17.00,		-8.06,		-5.00,
930,		-11.00,		-7.91,		3.00,
931,		-17.00,		-7.92,		3.00,
932,		-12.00,		-8.00,		-5.00,
933,		-17.00,		-7.98,		1.00,
934,		-17.00,		-7.97,		1.00,
935,		-17.00,		-8.05,		-5.00,
936,		-14.00,		-7.98,		1.00,
937,		-11.00,		-7.98,		3.00,
938,		-17.00,		-7.96,		1.00,
939,		-17.00,		-8.00,		-5.00,
940,		-17.00,		-7.98,		3.00,
941,		-17.00,		-7.95,		3.00,
942,		-11.00,		-8.01,		-5.00,
943,		-14.00,		-8.17,		1.00,
944,		-14.00,		-8.07,		3.00,
945,		-12.00,		-8.43,		3.00,
946,		-12.00,		-8.63,		3.00,
947,		-18.00,		-8.38,		3.00,
948,		-18.00,		-8.24,		3.00,
949,		-18.00,		-8.16,		3.00,
950,		-18.00,		-8.06,		3.00,
951,		-18.00,		-8.45,		3.00,
952,		-17.00,		-8.70,		3.00,
953,		-12.00,		-2.82,		4.00,
954,		-12.00,		-1.63,		6.00,
955,		-12.00,		-5.78,		3.00,
956,		-12.00,		-1.76,		4.00,
957,		-12.00,		-2.68,		12.00,
958,		-12.00,		-0.36,		6.00,
959,		-10.00,		0.83,		6.00,
960,		-11.00,		1.39,		12.00,
961,		-10.00,		1.91,		12.00,
962,		-10.00,		2.09,		5.00,
963,		-10.00,		2.26,		4.00,
964,		-11.00,		-2.69,		12.00,
965,		-9.00,		-0.33,		12.00,
966,		-8.00,		0.31,		3.00,
967,		-9.00,		1.19,		6.00,
968,		-8.00,		1.97,		6.00,
969,		-9.00,		2.33,		4.00,
970,		-8.00,		2.63,		12.00,
971,		-8.00,		2.85,		12.00,
972,		-8.00,		2.95,		12.00,
973,		0.00,		2.96,		4.00,
974,		-8.00,		3.12,		12.00,
975,		0.00,		3.07,		12.00,
976,		0.00,		3.00,		6.00,
977,		0.00,		3.05,		12.00,
978,		-8.00,		2.95,		5.00,
979,		-8.00,		2.94,		5.00,
980,		-6.00,		2.97,		6.00,
981,		-8.00,		2.91,		6.00,
982,		-8.00,		2.88,		6.00,
983,		-8.00,		2.45,		12.00,
984,		-8.00,		2.73,		12.00,
985,		-8.00,		2.23,		12.00,
986,		-8.00,		2.43,		11.00,
987,		-8.00,		2.16,		11.00,
988,		-8.00,		2.49,		6.00,
989,		-8.00,		2.65,		5.00,
990,		-8.00,		2.74,		6.00,
991,		-8.00,		2.89,		12.00,
992,		-8.00,		2.93,		12.00,
993,		-8.00,		2.93,		12.00,
994,		-6.00,		2.93,		6.00,
995,		-6.00,		2.96,		6.00,
996,		-6.00,		2.99,		12.00,
997,		0.00,		3.00,		12.00,
998,		-3.00,		2.99,		12.00,
999,		-3.00,		2.99,		12.00,
