RANDOM_SEED, 1698987252
GEN,		MIN,				AVE,				MAX,			CONV,					CONV_ACT,
  0,		15.00,		32.19,		51.00,				1.58415,				0.85000
  1,		16.00,		27.32,		46.00,				1.68362,				0.76667
  2,		16.00,		36.42,		54.00,				1.48278,				0.90000
  3,		11.00,		29.58,		54.00,				1.82568,				0.90000
  4,		16.00,		33.38,		50.00,				1.49799,				0.83333
  5,		16.00,		34.38,		46.00,				1.33783,				0.76667
  6,		18.00,		34.31,		46.00,				1.34056,				0.76667
  7,		19.00,		34.53,		46.00,				1.33233,				0.76667
  8,		29.00,		34.36,		45.00,				1.30959,				0.75000
  9,		29.00,		34.23,		46.00,				1.34385,				0.76667
 10,		27.00,		34.27,		45.00,				1.31318,				0.75000
 11,		25.00,		34.55,		46.00,				1.33125,				0.76667
 12,		25.00,		34.21,		46.00,				1.34464,				0.76667
 13,		27.00,		34.12,		46.00,				1.34826,				0.76667
 14,		31.00,		33.70,		45.00,				1.33539,				0.75000
 15,		27.00,		33.47,		45.00,				1.34449,				0.75000
 16,		24.00,		33.26,		45.00,				1.35306,				0.75000
 17,		24.00,		33.11,		44.00,				1.32898,				0.73333
 18,		26.00,		33.04,		42.00,				1.27134,				0.70000
 19,		26.00,		33.57,		42.00,				1.25127,				0.70000
 20,		24.00,		33.27,		42.00,				1.26225,				0.70000
 21,		31.00,		33.22,		45.00,				1.35461,				0.75000
 22,		24.00,		33.08,		42.00,				1.26950,				0.70000
 23,		31.00,		33.12,		44.00,				1.32842,				0.73333
 24,		24.00,		33.12,		44.00,				1.32834,				0.73333
 25,		24.00,		33.06,		44.00,				1.33099,				0.73333
 26,		28.00,		33.09,		44.00,				1.32987,				0.73333
 27,		26.00,		33.10,		44.00,				1.32931,				0.73333
 28,		26.00,		33.03,		44.00,				1.33196,				0.73333
 29,		24.00,		32.98,		44.00,				1.33406,				0.73333
 30,		24.00,		32.96,		36.00,				1.09217,				0.60000
 31,		24.00,		32.98,		42.00,				1.27342,				0.70000
 32,		24.00,		33.03,		44.00,				1.33212,				0.73333
 33,		28.00,		33.03,		42.00,				1.27165,				0.70000
 34,		24.00,		32.98,		42.00,				1.27358,				0.70000
 35,		24.00,		32.99,		42.00,				1.27327,				0.70000
 36,		24.00,		33.03,		42.00,				1.27149,				0.70000
 37,		24.00,		33.05,		42.00,				1.27096,				0.70000
 38,		26.00,		32.98,		35.00,				1.06112,				0.58333
 39,		24.00,		33.00,		35.00,				1.06061,				0.58333
 40,		24.00,		32.98,		44.00,				1.33398,				0.73333
 41,		24.00,		32.01,		44.00,				1.37448,				0.73333
 42,		22.00,		36.94,		53.00,				1.43476,				0.88333
 43,		22.00,		36.74,		53.00,				1.44273,				0.88333
 44,		24.00,		39.78,		53.00,				1.33239,				0.88333
 45,		24.00,		36.59,		53.00,				1.44856,				0.88333
 46,		31.00,		39.82,		53.00,				1.33086,				0.88333
 47,		24.00,		36.58,		44.00,				1.20297,				0.73333
 48,		24.00,		39.59,		53.00,				1.33865,				0.88333
 49,		24.00,		37.39,		44.00,				1.17691,				0.73333
 50,		31.00,		39.74,		53.00,				1.33367,				0.88333
 51,		33.00,		40.92,		53.00,				1.29521,				0.88333
 52,		33.00,		41.49,		53.00,				1.27754,				0.88333
 53,		33.00,		41.76,		53.00,				1.26922,				0.88333
 54,		33.00,		41.92,		55.00,				1.31215,				0.91667
 55,		33.00,		41.98,		55.00,				1.31027,				0.91667
 56,		33.00,		43.01,		55.00,				1.27877,				0.91667
 57,		33.00,		42.53,		53.00,				1.24624,				0.88333
 58,		33.00,		42.33,		53.00,				1.25207,				0.88333
 59,		33.00,		43.16,		55.00,				1.27439,				0.91667
 60,		33.00,		43.54,		55.00,				1.26315,				0.91667
 61,		35.00,		43.72,		55.00,				1.25812,				0.91667
 62,		35.00,		43.85,		47.00,				1.07184,				0.78333
 63,		35.00,		43.95,		55.00,				1.25131,				0.91667
 64,		35.00,		43.88,		46.00,				1.04836,				0.76667
 65,		35.00,		43.88,		46.00,				1.04827,				0.76667
 66,		35.00,		42.66,		46.00,				1.07829,				0.76667
 67,		32.00,		43.38,		46.00,				1.06035,				0.76667
 68,		35.00,		43.62,		45.00,				1.03164,				0.75000
 69,		35.00,		43.77,		46.00,				1.05100,				0.76667
 70,		35.00,		43.89,		47.00,				1.07081,				0.78333
 71,		35.00,		43.98,		55.00,				1.25063,				0.91667
 72,		35.00,		43.97,		46.00,				1.04626,				0.76667
 73,		35.00,		43.97,		55.00,				1.25091,				0.91667
 74,		41.00,		43.98,		47.00,				1.06862,				0.78333
 75,		35.00,		43.98,		55.00,				1.25051,				0.91667
 76,		35.00,		43.98,		55.00,				1.25068,				0.91667
 77,		35.00,		43.98,		55.00,				1.25051,				0.91667
 78,		35.00,		43.93,		55.00,				1.25205,				0.91667
 79,		35.00,		43.94,		46.00,				1.04688,				0.76667
 80,		33.00,		44.43,		47.00,				1.05775,				0.78333
 81,		35.00,		44.25,		45.00,				1.01700,				0.75000
 82,		35.00,		44.09,		45.00,				1.02073,				0.75000
 83,		38.00,		44.03,		45.00,				1.02198,				0.75000
 84,		42.00,		44.04,		55.00,				1.24881,				0.91667
 85,		42.00,		44.07,		55.00,				1.24796,				0.91667
 86,		35.00,		43.99,		47.00,				1.06842,				0.78333
 87,		35.00,		43.98,		47.00,				1.06876,				0.78333
 88,		37.00,		44.02,		55.00,				1.24932,				0.91667
 89,		37.00,		49.46,		55.00,				1.11192,				0.91667
 90,		37.00,		52.44,		55.00,				1.04890,				0.91667
 91,		37.00,		53.80,		55.00,				1.02234,				0.91667
 92,		37.00,		54.44,		57.00,				1.04695,				0.95000
 93,		37.00,		54.68,		57.00,				1.04247,				0.95000
 94,		44.00,		54.69,		57.00,				1.04228,				0.95000
 95,		44.00,		54.74,		57.00,				1.04136,				0.95000
 96,		44.00,		54.77,		55.00,				1.00427,				0.91667
 97,		44.00,		54.83,		55.00,				1.00310,				0.91667
 98,		44.00,		54.84,		57.00,				1.03943,				0.95000
 99,		44.00,		54.84,		57.00,				1.03935,				0.95000
100,		46.00,		54.87,		56.00,				1.02056,				0.93333
101,		44.00,		53.89,		57.00,				1.05775,				0.95000
102,		46.00,		54.37,		57.00,				1.04830,				0.95000
103,		44.00,		53.62,		55.00,				1.02570,				0.91667
104,		43.00,		53.73,		55.00,				1.02364,				0.91667
105,		43.00,		52.83,		55.00,				1.04115,				0.91667
106,		43.00,		52.34,		56.00,				1.06985,				0.93333
107,		43.00,		52.46,		56.00,				1.06744,				0.93333
108,		43.00,		53.71,		57.00,				1.06118,				0.95000
109,		45.00,		53.86,		57.00,				1.05838,				0.95000
110,		43.00,		53.49,		57.00,				1.06570,				0.95000
111,		45.00,		53.73,		57.00,				1.06090,				0.95000
112,		45.00,		53.53,		57.00,				1.06482,				0.95000
113,		43.00,		53.05,		56.00,				1.05553,				0.93333
114,		45.00,		53.48,		56.00,				1.04708,				0.93333
115,		43.00,		52.66,		56.00,				1.06351,				0.93333
116,		43.00,		50.86,		54.00,				1.06165,				0.90000
117,		40.00,		51.93,		54.00,				1.03982,				0.90000
118,		40.00,		52.57,		56.00,				1.06533,				0.93333
119,		45.00,		53.23,		54.00,				1.01450,				0.90000
120,		45.00,		53.51,		56.00,				1.04646,				0.93333
121,		43.00,		52.76,		56.00,				1.06141,				0.93333
122,		43.00,		53.40,		56.00,				1.04861,				0.93333
123,		43.00,		52.98,		56.00,				1.05700,				0.93333
124,		43.00,		52.43,		55.00,				1.04894,				0.91667
125,		43.00,		52.22,		55.00,				1.05316,				0.91667
126,		43.00,		52.35,		54.00,				1.03152,				0.90000
127,		45.00,		52.15,		56.00,				1.07387,				0.93333
128,		43.00,		52.01,		54.00,				1.03830,				0.90000
129,		43.00,		51.96,		54.00,				1.03930,				0.90000
130,		43.00,		51.93,		54.00,				1.03982,				0.90000
131,		45.00,		51.97,		54.00,				1.03906,				0.90000
132,		45.00,		51.97,		54.00,				1.03910,				0.90000
133,		43.00,		51.93,		54.00,				1.03990,				0.90000
134,		43.00,		51.92,		54.00,				1.04014,				0.90000
135,		43.00,		51.92,		54.00,				1.03998,				0.90000
136,		43.00,		51.90,		54.00,				1.04046,				0.90000
137,		43.00,		51.96,		54.00,				1.03934,				0.90000
138,		43.00,		51.94,		54.00,				1.03974,				0.90000
139,		43.00,		51.91,		54.00,				1.04022,				0.90000
140,		43.00,		51.92,		54.00,				1.04010,				0.90000
141,		43.00,		51.90,		54.00,				1.04038,				0.90000
142,		43.00,		51.90,		54.00,				1.04038,				0.90000
143,		43.00,		51.87,		54.00,				1.04114,				0.90000
144,		43.00,		51.86,		54.00,				1.04118,				0.90000
145,		43.00,		51.96,		54.00,				1.03918,				0.90000
146,		43.00,		51.95,		54.00,				1.03946,				0.90000
147,		43.00,		51.94,		54.00,				1.03974,				0.90000
148,		43.00,		51.93,		54.00,				1.03982,				0.90000
149,		43.00,		51.93,		53.00,				1.02068,				0.88333
150,		43.00,		51.91,		54.00,				1.04022,				0.90000
151,		43.00,		51.93,		54.00,				1.03994,				0.90000
152,		43.00,		51.93,		53.00,				1.02068,				0.88333
153,		43.00,		51.88,		53.00,				1.02159,				0.88333
154,		43.00,		51.91,		54.00,				1.04030,				0.90000
155,		43.00,		51.91,		54.00,				1.04030,				0.90000
156,		43.00,		51.83,		54.00,				1.04183,				0.90000
157,		43.00,		51.88,		54.00,				1.04090,				0.90000
158,		34.00,		47.54,		52.00,				1.09386,				0.86667
159,		41.00,		48.04,		54.00,				1.12416,				0.90000
160,		41.00,		49.99,		54.00,				1.08026,				0.90000
161,		42.00,		51.09,		54.00,				1.05700,				0.90000
162,		42.00,		51.35,		54.00,				1.05169,				0.90000
163,		43.00,		51.77,		54.00,				1.04303,				0.90000
164,		43.00,		51.85,		54.00,				1.04155,				0.90000
165,		43.00,		51.95,		54.00,				1.03954,				0.90000
166,		43.00,		51.93,		54.00,				1.03994,				0.90000
167,		43.00,		51.94,		54.00,				1.03958,				0.90000
168,		45.00,		51.96,		54.00,				1.03926,				0.90000
169,		43.00,		51.94,		54.00,				1.03966,				0.90000
170,		43.00,		51.89,		52.00,				1.00208,				0.86667
171,		43.00,		51.89,		54.00,				1.04062,				0.90000
172,		43.00,		51.93,		54.00,				1.03982,				0.90000
173,		43.00,		52.08,		54.00,				1.03695,				0.90000
174,		43.00,		52.00,		54.00,				1.03846,				0.90000
175,		43.00,		51.94,		54.00,				1.03962,				0.90000
176,		43.00,		51.96,		54.00,				1.03922,				0.90000
177,		42.00,		52.91,		54.00,				1.02052,				0.90000
178,		43.00,		52.47,		56.00,				1.06736,				0.93333
179,		43.00,		52.15,		56.00,				1.07378,				0.93333
180,		43.00,		52.47,		54.00,				1.02924,				0.90000
181,		43.00,		53.22,		55.00,				1.03345,				0.91667
182,		43.00,		53.32,		54.00,				1.01272,				0.90000
183,		43.00,		52.65,		54.00,				1.02560,				0.90000
184,		43.00,		53.35,		56.00,				1.04967,				0.93333
185,		45.00,		53.63,		54.00,				1.00682,				0.90000
186,		43.00,		53.77,		54.00,				1.00420,				0.90000
187,		43.00,		52.82,		54.00,				1.02238,				0.90000
188,		45.00,		53.46,		56.00,				1.04759,				0.93333
189,		43.00,		53.65,		54.00,				1.00652,				0.90000
190,		43.00,		53.73,		56.00,				1.04229,				0.93333
191,		43.00,		53.64,		55.00,				1.02543,				0.91667
192,		45.00,		53.81,		56.00,				1.04078,				0.93333
193,		45.00,		53.60,		55.00,				1.02612,				0.91667
194,		43.00,		53.50,		54.00,				1.00935,				0.90000
195,		42.00,		53.49,		56.00,				1.04689,				0.93333
196,		42.00,		53.32,		56.00,				1.05030,				0.93333
197,		42.00,		53.53,		56.00,				1.04622,				0.93333
198,		42.00,		53.21,		56.00,				1.05235,				0.93333
199,		42.00,		53.05,		54.00,				1.01787,				0.90000
200,		42.00,		52.96,		55.00,				1.03852,				0.91667
201,		42.00,		52.75,		54.00,				1.02370,				0.90000
202,		42.00,		52.80,		55.00,				1.04159,				0.91667
203,		50.00,		52.91,		55.00,				1.03958,				0.91667
204,		44.00,		52.91,		55.00,				1.03958,				0.91667
205,		43.00,		52.59,		55.00,				1.04591,				0.91667
206,		44.00,		52.63,		55.00,				1.04511,				0.91667
207,		44.00,		52.71,		54.00,				1.02440,				0.90000
208,		44.00,		52.75,		54.00,				1.02377,				0.90000
209,		44.00,		52.91,		55.00,				1.03954,				0.91667
210,		44.00,		52.88,		54.00,				1.02110,				0.90000
211,		44.00,		52.91,		54.00,				1.02064,				0.90000
212,		44.00,		52.87,		54.00,				1.02133,				0.90000
213,		44.00,		52.86,		54.00,				1.02164,				0.90000
214,		44.00,		52.81,		55.00,				1.04139,				0.91667
215,		44.00,		52.91,		55.00,				1.03954,				0.91667
216,		44.00,		52.93,		55.00,				1.03903,				0.91667
217,		44.00,		52.91,		55.00,				1.03958,				0.91667
218,		44.00,		52.91,		54.00,				1.02068,				0.90000
219,		44.00,		52.25,		53.00,				1.01439,				0.88333
220,		42.00,		52.60,		54.00,				1.02658,				0.90000
221,		44.00,		52.75,		54.00,				1.02374,				0.90000
222,		42.00,		48.39,		53.00,				1.09531,				0.88333
223,		42.00,		50.91,		54.00,				1.06065,				0.90000
224,		35.00,		51.90,		55.00,				1.05965,				0.91667
225,		42.00,		52.43,		54.00,				1.03002,				0.90000
226,		41.00,		48.28,		53.00,				1.09781,				0.88333
227,		41.00,		50.79,		54.00,				1.06320,				0.90000
228,		35.00,		48.98,		55.00,				1.12300,				0.91667
229,		35.00,		49.36,		55.00,				1.11435,				0.91667
230,		35.00,		46.79,		54.00,				1.15419,				0.90000
231,		35.00,		50.02,		54.00,				1.07948,				0.90000
232,		42.00,		51.54,		54.00,				1.04773,				0.90000
233,		35.00,		47.94,		55.00,				1.14736,				0.91667
234,		35.00,		50.68,		55.00,				1.08533,				0.91667
235,		42.00,		47.48,		55.00,				1.15843,				0.91667
236,		39.00,		50.19,		54.00,				1.07587,				0.90000
237,		42.00,		47.19,		53.00,				1.12317,				0.88333
238,		35.00,		50.10,		55.00,				1.09776,				0.91667
239,		35.00,		51.81,		55.00,				1.06157,				0.91667
240,		35.00,		47.96,		55.00,				1.14669,				0.91667
241,		35.00,		50.76,		54.00,				1.06375,				0.90000
242,		42.00,		50.63,		54.00,				1.06648,				0.90000
243,		43.00,		51.98,		55.00,				1.05802,				0.91667
244,		42.00,		52.43,		55.00,				1.04910,				0.91667
245,		43.00,		52.27,		54.00,				1.03302,				0.90000
246,		43.00,		52.40,		55.00,				1.04962,				0.91667
247,		44.00,		52.71,		55.00,				1.04345,				0.91667
248,		44.00,		52.80,		53.00,				1.00386,				0.88333
249,		44.00,		52.88,		53.00,				1.00235,				0.88333
250,		44.00,		52.87,		55.00,				1.04025,				0.91667
251,		42.00,		52.11,		55.00,				1.05546,				0.91667
252,		44.00,		52.45,		55.00,				1.04866,				0.91667
253,		44.00,		52.66,		55.00,				1.04436,				0.91667
254,		43.00,		52.60,		55.00,				1.04559,				0.91667
255,		41.00,		51.38,		55.00,				1.07046,				0.91667
256,		44.00,		52.00,		55.00,				1.05773,				0.91667
257,		41.00,		51.67,		55.00,				1.06453,				0.91667
258,		44.00,		52.30,		55.00,				1.05163,				0.91667
259,		43.00,		52.63,		55.00,				1.04503,				0.91667
260,		44.00,		52.79,		54.00,				1.02284,				0.90000
261,		44.00,		52.88,		55.00,				1.04013,				0.91667
262,		44.00,		52.93,		55.00,				1.03919,				0.91667
263,		44.00,		52.97,		55.00,				1.03832,				0.91667
264,		44.00,		52.94,		55.00,				1.03887,				0.91667
265,		44.00,		52.86,		55.00,				1.04056,				0.91667
266,		44.00,		52.84,		55.00,				1.04084,				0.91667
267,		44.00,		52.90,		55.00,				1.03974,				0.91667
268,		44.00,		52.84,		55.00,				1.04088,				0.91667
269,		44.00,		52.85,		55.00,				1.04068,				0.91667
270,		44.00,		52.89,		55.00,				1.03985,				0.91667
271,		48.00,		52.95,		54.00,				1.01975,				0.90000
272,		44.00,		52.93,		54.00,				1.02025,				0.90000
273,		44.00,		52.90,		55.00,				1.03974,				0.91667
274,		44.00,		52.94,		55.00,				1.03883,				0.91667
275,		50.00,		52.96,		55.00,				1.03856,				0.91667
276,		51.00,		52.96,		54.00,				1.01960,				0.90000
277,		51.00,		52.98,		54.00,				1.01921,				0.90000
278,		44.00,		52.90,		54.00,				1.02072,				0.90000
279,		44.00,		52.94,		54.00,				1.02002,				0.90000
280,		44.00,		52.92,		55.00,				1.03938,				0.91667
281,		44.00,		52.91,		55.00,				1.03946,				0.91667
282,		43.00,		52.89,		55.00,				1.03997,				0.91667
283,		44.00,		52.92,		55.00,				1.03923,				0.91667
284,		44.00,		52.91,		55.00,				1.03950,				0.91667
285,		44.00,		52.89,		54.00,				1.02091,				0.90000
286,		44.00,		52.91,		55.00,				1.03946,				0.91667
287,		43.00,		52.90,		55.00,				1.03962,				0.91667
288,		43.00,		52.92,		55.00,				1.03938,				0.91667
289,		43.00,		52.86,		54.00,				1.02153,				0.90000
290,		44.00,		52.94,		54.00,				1.01998,				0.90000
291,		44.00,		52.92,		53.00,				1.00147,				0.88333
292,		43.00,		52.91,		53.00,				1.00163,				0.88333
293,		44.00,		52.94,		54.00,				1.02010,				0.90000
294,		44.00,		52.93,		55.00,				1.03903,				0.91667
295,		48.00,		52.98,		55.00,				1.03813,				0.91667
296,		44.00,		52.88,		55.00,				1.04001,				0.91667
297,		39.00,		48.42,		54.00,				1.11515,				0.90000
298,		42.00,		49.94,		53.00,				1.06119,				0.88333
299,		42.00,		49.04,		53.00,				1.08079,				0.88333
300,		35.00,		46.68,		55.00,				1.17834,				0.91667
301,		34.00,		49.96,		54.00,				1.08095,				0.90000
302,		39.00,		48.78,		55.00,				1.12751,				0.91667
303,		42.00,		50.20,		54.00,				1.07578,				0.90000
304,		42.00,		51.60,		54.00,				1.04659,				0.90000
305,		42.00,		51.67,		54.00,				1.04501,				0.90000
306,		42.00,		52.22,		54.00,				1.03409,				0.90000
307,		44.00,		52.55,		55.00,				1.04670,				0.91667
308,		44.00,		52.80,		55.00,				1.04171,				0.91667
309,		44.00,		52.87,		55.00,				1.04033,				0.91667
310,		44.00,		52.82,		55.00,				1.04119,				0.91667
311,		44.00,		51.42,		55.00,				1.06962,				0.91667
312,		41.00,		50.69,		55.00,				1.08503,				0.91667
313,		41.00,		51.81,		55.00,				1.06153,				0.91667
314,		44.00,		52.25,		54.00,				1.03349,				0.90000
315,		44.00,		50.49,		53.00,				1.04971,				0.88333
316,		40.00,		50.20,		54.00,				1.07570,				0.90000
317,		40.00,		51.62,		53.00,				1.02677,				0.88333
318,		46.00,		50.30,		53.00,				1.05376,				0.88333
319,		40.00,		49.64,		54.00,				1.08774,				0.90000
320,		40.00,		49.32,		53.00,				1.07461,				0.88333
321,		44.00,		51.10,		54.00,				1.05675,				0.90000
322,		47.00,		50.19,		54.00,				1.07591,				0.90000
323,		42.00,		50.58,		54.00,				1.06753,				0.90000
324,		42.00,		49.79,		54.00,				1.08460,				0.90000
325,		44.00,		50.79,		54.00,				1.06316,				0.90000
326,		46.00,		50.95,		53.00,				1.04019,				0.88333
327,		41.00,		50.49,		53.00,				1.04980,				0.88333
328,		41.00,		50.26,		53.00,				1.05456,				0.88333
329,		41.00,		50.10,		53.00,				1.05793,				0.88333
330,		40.00,		49.51,		53.00,				1.07053,				0.88333
331,		40.00,		49.17,		53.00,				1.07781,				0.88333
332,		40.00,		49.06,		53.00,				1.08022,				0.88333
333,		40.00,		48.98,		52.00,				1.06174,				0.86667
334,		46.00,		49.02,		52.00,				1.06070,				0.86667
335,		40.00,		48.94,		52.00,				1.06248,				0.86667
336,		40.00,		48.86,		52.00,				1.06422,				0.86667
337,		37.00,		46.07,		52.00,				1.12862,				0.86667
338,		38.00,		47.87,		52.00,				1.08628,				0.86667
339,		37.00,		48.46,		52.00,				1.07301,				0.86667
340,		40.00,		48.74,		52.00,				1.06680,				0.86667
341,		40.00,		48.73,		52.00,				1.06710,				0.86667
342,		40.00,		48.89,		52.00,				1.06366,				0.86667
343,		40.00,		48.96,		50.00,				1.02128,				0.83333
344,		40.00,		48.98,		51.00,				1.04133,				0.85000
345,		40.00,		48.91,		51.00,				1.04282,				0.85000
346,		44.00,		48.96,		52.00,				1.06200,				0.86667
347,		40.00,		48.96,		52.00,				1.06209,				0.86667
348,		44.00,		48.99,		52.00,				1.06148,				0.86667
349,		40.00,		48.94,		51.00,				1.04213,				0.85000
350,		42.00,		48.96,		50.00,				1.02116,				0.83333
351,		40.00,		48.94,		52.00,				1.06257,				0.86667
352,		40.00,		48.96,		52.00,				1.06209,				0.86667
353,		40.00,		48.90,		52.00,				1.06339,				0.86667
354,		40.00,		48.91,		52.00,				1.06309,				0.86667
355,		40.00,		48.92,		52.00,				1.06296,				0.86667
356,		40.00,		48.89,		50.00,				1.02266,				0.83333
357,		40.00,		48.91,		50.00,				1.02233,				0.83333
358,		40.00,		48.91,		52.00,				1.06322,				0.86667
359,		37.00,		47.38,		50.00,				1.05534,				0.83333
360,		37.00,		48.22,		50.00,				1.03700,				0.83333
361,		40.00,		48.66,		51.00,				1.04805,				0.85000
362,		40.00,		48.81,		52.00,				1.06531,				0.86667
363,		40.00,		48.90,		51.00,				1.04286,				0.85000
364,		39.00,		48.63,		52.00,				1.06934,				0.86667
365,		42.00,		48.83,		53.00,				1.08540,				0.88333
366,		40.00,		48.92,		52.00,				1.06305,				0.86667
367,		40.00,		48.92,		52.00,				1.06305,				0.86667
368,		40.00,		48.90,		50.00,				1.02258,				0.83333
369,		40.00,		48.90,		51.00,				1.04286,				0.85000
370,		40.00,		48.90,		52.00,				1.06331,				0.86667
371,		40.00,		48.92,		52.00,				1.06292,				0.86667
372,		40.00,		48.73,		51.00,				1.04658,				0.85000
373,		37.00,		47.29,		49.00,				1.03625,				0.81667
374,		39.00,		46.56,		49.00,				1.05245,				0.81667
375,		37.00,		46.29,		49.00,				1.05850,				0.81667
376,		37.00,		46.09,		49.00,				1.06309,				0.81667
377,		37.00,		45.99,		49.00,				1.06554,				0.81667
378,		37.00,		45.99,		49.00,				1.06554,				0.81667
379,		37.00,		45.90,		49.00,				1.06758,				0.81667
380,		37.00,		45.92,		49.00,				1.06698,				0.81667
381,		37.00,		45.87,		49.00,				1.06828,				0.81667
382,		37.00,		45.92,		49.00,				1.06703,				0.81667
383,		37.00,		45.90,		49.00,				1.06745,				0.81667
384,		37.00,		45.88,		48.00,				1.04616,				0.80000
385,		39.00,		45.94,		48.00,				1.04480,				0.80000
386,		37.00,		45.92,		49.00,				1.06707,				0.81667
387,		37.00,		45.85,		49.00,				1.06870,				0.81667
388,		39.00,		45.45,		47.00,				1.03415,				0.78333
389,		36.00,		45.61,		47.00,				1.03052,				0.78333
390,		36.00,		45.79,		49.00,				1.07001,				0.81667
391,		36.00,		45.60,		49.00,				1.07456,				0.81667
392,		36.00,		45.22,		49.00,				1.08354,				0.81667
393,		36.00,		45.57,		48.00,				1.05323,				0.80000
394,		36.00,		45.73,		49.00,				1.07160,				0.81667
395,		37.00,		45.85,		49.00,				1.06880,				0.81667
396,		37.00,		45.90,		49.00,				1.06749,				0.81667
397,		37.00,		45.90,		47.00,				1.02397,				0.78333
398,		37.00,		45.86,		49.00,				1.06842,				0.81667
399,		37.00,		44.93,		47.00,				1.04598,				0.78333
400,		39.00,		44.42,		47.00,				1.05803,				0.78333
401,		37.00,		44.32,		46.00,				1.03786,				0.76667
402,		35.00,		44.44,		47.00,				1.05751,				0.78333
403,		35.00,		45.24,		49.00,				1.08311,				0.81667
404,		32.00,		43.08,		47.00,				1.09089,				0.78333
405,		32.00,		43.29,		49.00,				1.13185,				0.81667
406,		34.00,		44.24,		48.00,				1.08504,				0.80000
407,		37.00,		45.10,		48.00,				1.06425,				0.80000
408,		37.00,		45.61,		49.00,				1.07433,				0.81667
409,		39.00,		45.76,		49.00,				1.07071,				0.81667
410,		37.00,		45.78,		49.00,				1.07043,				0.81667
411,		37.00,		45.85,		49.00,				1.06861,				0.81667
412,		37.00,		45.92,		49.00,				1.06712,				0.81667
413,		37.00,		45.91,		49.00,				1.06731,				0.81667
414,		37.00,		45.94,		48.00,				1.04493,				0.80000
415,		37.00,		45.96,		49.00,				1.06619,				0.81667
416,		37.00,		45.93,		47.00,				1.02325,				0.78333
417,		37.00,		45.95,		49.00,				1.06628,				0.81667
418,		37.00,		45.94,		49.00,				1.06661,				0.81667
419,		37.00,		45.94,		48.00,				1.04484,				0.80000
420,		39.00,		45.96,		49.00,				1.06610,				0.81667
421,		39.00,		45.96,		49.00,				1.06619,				0.81667
422,		37.00,		45.95,		49.00,				1.06642,				0.81667
423,		36.00,		45.44,		51.00,				1.12246,				0.85000
424,		38.00,		45.68,		49.00,				1.07277,				0.81667
425,		38.00,		45.33,		50.00,				1.10292,				0.83333
426,		36.00,		45.18,		50.00,				1.10664,				0.83333
427,		38.00,		45.13,		50.00,				1.10791,				0.83333
428,		36.00,		45.06,		49.00,				1.08754,				0.81667
429,		40.00,		45.00,		50.00,				1.11111,				0.83333
430,		36.00,		44.97,		49.00,				1.08957,				0.81667
431,		38.00,		45.48,		50.00,				1.09938,				0.83333
432,		37.00,		45.73,		49.00,				1.07155,				0.81667
433,		37.00,		45.28,		50.00,				1.10419,				0.83333
434,		38.00,		45.09,		48.00,				1.06449,				0.80000
435,		36.00,		45.03,		50.00,				1.11032,				0.83333
436,		36.00,		44.96,		50.00,				1.11205,				0.83333
437,		36.00,		44.95,		50.00,				1.11240,				0.83333
438,		36.00,		44.95,		46.00,				1.02345,				0.76667
439,		36.00,		45.06,		47.00,				1.04305,				0.78333
440,		36.00,		45.00,		47.00,				1.04454,				0.78333
441,		36.00,		45.47,		51.00,				1.12167,				0.85000
442,		35.00,		45.72,		51.00,				1.11553,				0.85000
443,		41.00,		45.86,		51.00,				1.11218,				0.85000
444,		39.00,		45.87,		51.00,				1.11184,				0.85000
445,		39.00,		45.87,		51.00,				1.11179,				0.85000
446,		37.00,		45.86,		51.00,				1.11208,				0.85000
447,		37.00,		45.90,		51.00,				1.11116,				0.85000
448,		37.00,		45.92,		51.00,				1.11053,				0.85000
449,		35.00,		45.92,		51.00,				1.11053,				0.85000
450,		35.00,		45.95,		48.00,				1.04466,				0.80000
451,		35.00,		45.96,		51.00,				1.10966,				0.85000
452,		39.00,		45.97,		51.00,				1.10952,				0.85000
453,		39.00,		45.97,		51.00,				1.10942,				0.85000
454,		39.00,		45.93,		51.00,				1.11034,				0.85000
455,		35.00,		45.91,		48.00,				1.04543,				0.80000
456,		35.00,		45.92,		48.00,				1.04534,				0.80000
457,		37.00,		45.92,		48.00,				1.04521,				0.80000
458,		37.00,		45.95,		51.00,				1.10985,				0.85000
459,		39.00,		45.93,		48.00,				1.04498,				0.80000
460,		37.00,		45.92,		47.00,				1.02356,				0.78333
461,		35.00,		45.92,		47.00,				1.02343,				0.78333
462,		37.00,		45.95,		47.00,				1.02281,				0.78333
463,		35.00,		45.89,		51.00,				1.11126,				0.85000
464,		35.00,		45.87,		48.00,				1.04639,				0.80000
465,		35.00,		45.88,		48.00,				1.04612,				0.80000
466,		35.00,		45.92,		48.00,				1.04525,				0.80000
467,		35.00,		45.96,		48.00,				1.04439,				0.80000
468,		35.00,		45.97,		48.00,				1.04416,				0.80000
469,		39.00,		45.96,		48.00,				1.04430,				0.80000
470,		35.00,		45.95,		51.00,				1.11000,				0.85000
471,		35.00,		45.92,		51.00,				1.11063,				0.85000
472,		35.00,		45.88,		51.00,				1.11150,				0.85000
473,		35.00,		45.87,		51.00,				1.11184,				0.85000
474,		35.00,		45.93,		50.00,				1.08866,				0.83333
475,		37.00,		45.96,		50.00,				1.08790,				0.83333
476,		35.00,		45.94,		51.00,				1.11010,				0.85000
477,		35.00,		45.91,		51.00,				1.11087,				0.85000
478,		37.00,		45.95,		51.00,				1.10985,				0.85000
479,		37.00,		46.47,		52.00,				1.11891,				0.86667
480,		36.00,		46.70,		52.00,				1.11359,				0.86667
481,		36.00,		46.89,		52.00,				1.10907,				0.86667
482,		42.00,		46.95,		52.00,				1.10747,				0.86667
483,		36.00,		46.95,		52.00,				1.10751,				0.86667
484,		38.00,		46.77,		52.00,				1.11173,				0.86667
485,		36.00,		46.93,		52.00,				1.10803,				0.86667
486,		36.00,		46.93,		52.00,				1.10808,				0.86667
487,		36.00,		46.91,		52.00,				1.10846,				0.86667
488,		36.00,		46.91,		52.00,				1.10851,				0.86667
489,		36.00,		46.92,		49.00,				1.04433,				0.81667
490,		36.00,		46.91,		52.00,				1.10851,				0.86667
491,		38.00,		46.96,		52.00,				1.10742,				0.86667
492,		36.00,		46.95,		52.00,				1.10766,				0.86667
493,		38.00,		47.00,		49.00,				1.04260,				0.81667
494,		38.00,		46.99,		52.00,				1.10667,				0.86667
495,		38.00,		46.94,		49.00,				1.04384,				0.81667
496,		38.00,		46.94,		52.00,				1.10784,				0.86667
497,		38.00,		46.57,		49.00,				1.05209,				0.81667
498,		38.00,		46.58,		49.00,				1.05195,				0.81667
499,		37.00,		46.23,		49.00,				1.05996,				0.81667
500,		37.00,		46.14,		51.00,				1.10538,				0.85000
501,		37.00,		46.52,		49.00,				1.05336,				0.81667
502,		37.00,		46.22,		48.00,				1.03860,				0.80000
503,		37.00,		46.01,		47.00,				1.02152,				0.78333
504,		37.00,		46.01,		51.00,				1.10855,				0.85000
505,		35.00,		41.58,		48.00,				1.15440,				0.80000
506,		35.00,		44.38,		52.00,				1.17165,				0.86667
507,		36.00,		45.42,		52.00,				1.14492,				0.86667
508,		35.00,		45.84,		52.00,				1.13438,				0.86667
509,		28.00,		41.36,		47.00,				1.13647,				0.78333
510,		28.00,		39.34,		47.00,				1.19477,				0.78333
511,		28.00,		38.35,		47.00,				1.22568,				0.78333
512,		28.00,		40.23,		47.00,				1.16817,				0.78333
513,		28.00,		39.53,		48.00,				1.21421,				0.80000
514,		35.00,		40.72,		48.00,				1.17867,				0.80000
515,		35.00,		41.84,		51.00,				1.21893,				0.85000
516,		36.00,		41.25,		51.00,				1.23642,				0.85000
517,		35.00,		43.91,		51.00,				1.16147,				0.85000
518,		35.00,		43.70,		51.00,				1.16715,				0.85000
519,		35.00,		40.62,		51.00,				1.25554,				0.85000
520,		36.00,		43.70,		51.00,				1.16699,				0.85000
521,		36.00,		44.98,		51.00,				1.13374,				0.85000
522,		37.00,		45.53,		48.00,				1.05420,				0.80000
523,		37.00,		45.74,		48.00,				1.04946,				0.80000
524,		37.00,		45.82,		51.00,				1.11310,				0.85000
525,		37.00,		45.88,		51.00,				1.11160,				0.85000
526,		37.00,		45.89,		51.00,				1.11145,				0.85000
527,		37.00,		45.92,		51.00,				1.11068,				0.85000
528,		37.00,		45.99,		51.00,				1.10894,				0.85000
529,		37.00,		45.94,		51.00,				1.11005,				0.85000
530,		37.00,		45.95,		51.00,				1.10995,				0.85000
531,		37.00,		45.93,		51.00,				1.11048,				0.85000
532,		37.00,		45.89,		48.00,				1.04607,				0.80000
533,		37.00,		45.99,		51.00,				1.10894,				0.85000
534,		37.00,		45.90,		48.00,				1.04566,				0.80000
535,		36.00,		45.47,		48.00,				1.05564,				0.80000
536,		36.00,		45.18,		48.00,				1.06242,				0.80000
537,		36.00,		45.10,		48.00,				1.06425,				0.80000
538,		36.00,		45.03,		48.00,				1.06591,				0.80000
539,		36.00,		44.92,		51.00,				1.13535,				0.85000
540,		36.00,		44.94,		50.00,				1.11255,				0.83333
541,		36.00,		44.98,		50.00,				1.11156,				0.83333
542,		36.00,		44.99,		50.00,				1.11136,				0.83333
543,		36.00,		44.98,		50.00,				1.11156,				0.83333
544,		40.00,		44.98,		50.00,				1.11170,				0.83333
545,		40.00,		45.01,		50.00,				1.11096,				0.83333
546,		36.00,		44.93,		50.00,				1.11284,				0.83333
547,		36.00,		44.90,		50.00,				1.11354,				0.83333
548,		36.00,		44.94,		50.00,				1.11264,				0.83333
549,		36.00,		44.87,		47.00,				1.04738,				0.78333
550,		36.00,		44.94,		50.00,				1.11250,				0.83333
551,		36.00,		44.90,		50.00,				1.11349,				0.83333
552,		36.00,		44.91,		50.00,				1.11334,				0.83333
553,		36.00,		44.91,		50.00,				1.11344,				0.83333
554,		36.00,		44.94,		50.00,				1.11259,				0.83333
555,		38.00,		44.95,		50.00,				1.11245,				0.83333
556,		36.00,		44.93,		50.00,				1.11284,				0.83333
557,		36.00,		44.96,		50.00,				1.11200,				0.83333
558,		36.00,		44.94,		50.00,				1.11264,				0.83333
559,		36.00,		45.02,		50.00,				1.11057,				0.83333
560,		36.00,		44.93,		50.00,				1.11284,				0.83333
561,		36.00,		44.89,		47.00,				1.04710,				0.78333
562,		36.00,		44.91,		46.00,				1.02418,				0.76667
563,		36.00,		43.65,		47.00,				1.07680,				0.78333
564,		36.00,		44.30,		47.00,				1.06100,				0.78333
565,		40.00,		44.72,		50.00,				1.11817,				0.83333
566,		36.00,		44.90,		50.00,				1.11354,				0.83333
567,		36.00,		44.94,		50.00,				1.11269,				0.83333
568,		36.00,		44.93,		47.00,				1.04612,				0.78333
569,		36.00,		44.92,		47.00,				1.04621,				0.78333
570,		36.00,		44.93,		50.00,				1.11284,				0.83333
571,		36.00,		44.91,		50.00,				1.11339,				0.83333
572,		36.00,		44.92,		50.00,				1.11309,				0.83333
573,		36.00,		44.96,		50.00,				1.11200,				0.83333
574,		36.00,		44.97,		50.00,				1.11195,				0.83333
575,		36.00,		44.91,		50.00,				1.11334,				0.83333
576,		36.00,		44.90,		50.00,				1.11359,				0.83333
577,		43.00,		44.98,		50.00,				1.11161,				0.83333
578,		36.00,		44.95,		50.00,				1.11245,				0.83333
579,		36.00,		44.91,		50.00,				1.11324,				0.83333
580,		36.00,		44.90,		50.00,				1.11364,				0.83333
581,		36.00,		44.95,		50.00,				1.11245,				0.83333
582,		43.00,		44.98,		50.00,				1.11161,				0.83333
583,		37.00,		44.47,		50.00,				1.12430,				0.83333
584,		36.00,		44.74,		50.00,				1.11767,				0.83333
585,		36.00,		44.38,		49.00,				1.10415,				0.81667
586,		36.00,		44.69,		49.00,				1.09634,				0.81667
587,		36.00,		44.67,		50.00,				1.11922,				0.83333
588,		36.00,		44.76,		47.00,				1.05004,				0.78333
589,		36.00,		44.35,		47.00,				1.05980,				0.78333
590,		36.00,		44.64,		46.00,				1.03037,				0.76667
591,		38.00,		44.32,		49.00,				1.10560,				0.81667
592,		36.00,		44.63,		49.00,				1.09797,				0.81667
593,		40.00,		44.84,		50.00,				1.11518,				0.83333
594,		37.00,		44.45,		50.00,				1.12491,				0.83333
595,		37.00,		44.70,		47.00,				1.05141,				0.78333
596,		36.00,		44.81,		50.00,				1.11577,				0.83333
597,		34.00,		44.68,		50.00,				1.11902,				0.83333
598,		38.00,		44.82,		50.00,				1.11547,				0.83333
599,		36.00,		44.89,		50.00,				1.11383,				0.83333
600,		36.00,		44.89,		47.00,				1.04710,				0.78333
601,		36.00,		44.93,		47.00,				1.04603,				0.78333
602,		36.00,		44.97,		50.00,				1.11185,				0.83333
603,		36.00,		45.01,		50.00,				1.11081,				0.83333
604,		36.00,		44.97,		47.00,				1.04514,				0.78333
605,		36.00,		45.08,		50.00,				1.10919,				0.83333
606,		38.00,		45.01,		47.00,				1.04417,				0.78333
607,		36.00,		44.97,		47.00,				1.04509,				0.78333
608,		36.00,		44.96,		50.00,				1.11200,				0.83333
609,		40.00,		44.98,		47.00,				1.04482,				0.78333
610,		43.00,		45.00,		50.00,				1.11121,				0.83333
611,		36.00,		44.95,		50.00,				1.11230,				0.83333
612,		43.00,		44.99,		50.00,				1.11126,				0.83333
613,		36.00,		44.94,		50.00,				1.11250,				0.83333
614,		38.00,		44.95,		50.00,				1.11235,				0.83333
615,		36.00,		44.93,		50.00,				1.11279,				0.83333
616,		36.00,		44.91,		47.00,				1.04658,				0.78333
617,		34.00,		44.94,		50.00,				1.11269,				0.83333
618,		34.00,		44.92,		47.00,				1.04630,				0.78333
619,		36.00,		44.96,		50.00,				1.11210,				0.83333
620,		36.00,		44.95,		50.00,				1.11240,				0.83333
621,		36.00,		44.95,		50.00,				1.11235,				0.83333
622,		36.00,		44.91,		50.00,				1.11334,				0.83333
623,		38.00,		44.91,		47.00,				1.04654,				0.78333
624,		36.00,		44.90,		46.00,				1.02459,				0.76667
625,		36.00,		44.88,		50.00,				1.11403,				0.83333
626,		36.00,		44.80,		50.00,				1.11612,				0.83333
627,		36.00,		45.18,		51.00,				1.12882,				0.85000
628,		37.00,		45.54,		51.00,				1.11999,				0.85000
629,		37.00,		45.56,		51.00,				1.11950,				0.85000
630,		37.00,		45.79,		51.00,				1.11388,				0.85000
631,		36.00,		45.37,		51.00,				1.12404,				0.85000
632,		36.00,		45.09,		47.00,				1.04241,				0.78333
633,		36.00,		45.38,		50.00,				1.10190,				0.83333
634,		36.00,		45.20,		48.00,				1.06185,				0.80000
635,		37.00,		45.08,		46.00,				1.02032,				0.76667
636,		36.00,		45.01,		47.00,				1.04426,				0.78333
637,		36.00,		45.43,		47.00,				1.03465,				0.78333
638,		36.00,		45.63,		51.00,				1.11773,				0.85000
639,		36.00,		45.82,		51.00,				1.11300,				0.85000
640,		36.00,		45.86,		51.00,				1.11203,				0.85000
641,		37.00,		46.38,		51.00,				1.09956,				0.85000
642,		42.00,		46.70,		51.00,				1.09208,				0.85000
643,		37.00,		46.35,		51.00,				1.10037,				0.85000
644,		37.00,		46.58,		47.00,				1.00902,				0.78333
645,		37.00,		46.41,		47.00,				1.01267,				0.78333
646,		37.00,		46.66,		50.00,				1.07167,				0.83333
647,		37.00,		46.76,		50.00,				1.06920,				0.83333
648,		37.00,		46.81,		50.00,				1.06819,				0.83333
649,		37.00,		46.77,		48.00,				1.02630,				0.80000
650,		38.00,		46.83,		48.00,				1.02494,				0.80000
651,		38.00,		46.92,		50.00,				1.06560,				0.83333
652,		38.00,		46.97,		50.00,				1.06451,				0.83333
653,		38.00,		46.95,		50.00,				1.06501,				0.83333
654,		38.00,		46.92,		50.00,				1.06569,				0.83333
655,		38.00,		46.89,		50.00,				1.06628,				0.83333
656,		38.00,		46.92,		50.00,				1.06569,				0.83333
657,		38.00,		46.90,		50.00,				1.06610,				0.83333
658,		38.00,		46.92,		50.00,				1.06569,				0.83333
659,		42.00,		46.97,		49.00,				1.04317,				0.81667
660,		38.00,		46.92,		48.00,				1.02293,				0.80000
661,		38.00,		46.90,		48.00,				1.02337,				0.80000
662,		38.00,		46.91,		48.00,				1.02332,				0.80000
663,		38.00,		46.92,		48.00,				1.02311,				0.80000
664,		38.00,		46.89,		50.00,				1.06637,				0.83333
665,		38.00,		46.89,		50.00,				1.06637,				0.83333
666,		29.00,		44.49,		50.00,				1.12395,				0.83333
667,		33.00,		46.08,		50.00,				1.08502,				0.83333
668,		38.00,		46.55,		49.00,				1.05268,				0.81667
669,		38.00,		46.73,		49.00,				1.04858,				0.81667
670,		38.00,		46.83,		50.00,				1.06760,				0.83333
671,		38.00,		46.83,		50.00,				1.06769,				0.83333
672,		38.00,		46.97,		50.00,				1.06451,				0.83333
673,		38.00,		46.93,		49.00,				1.04420,				0.81667
674,		42.00,		46.95,		48.00,				1.02232,				0.80000
675,		38.00,		46.93,		49.00,				1.04411,				0.81667
676,		38.00,		46.97,		50.00,				1.06446,				0.83333
677,		38.00,		46.94,		50.00,				1.06519,				0.83333
678,		42.00,		46.96,		48.00,				1.02223,				0.80000
679,		38.00,		46.90,		47.00,				1.00217,				0.78333
680,		38.00,		46.91,		50.00,				1.06596,				0.83333
681,		38.00,		46.94,		50.00,				1.06523,				0.83333
682,		36.00,		45.93,		48.00,				1.04507,				0.80000
683,		36.00,		46.19,		50.00,				1.08253,				0.83333
684,		36.00,		46.63,		50.00,				1.07223,				0.83333
685,		38.00,		46.71,		48.00,				1.02753,				0.80000
686,		36.00,		46.88,		50.00,				1.06646,				0.83333
687,		38.00,		46.88,		48.00,				1.02380,				0.80000
688,		39.00,		46.92,		50.00,				1.06564,				0.83333
689,		38.00,		46.84,		49.00,				1.04607,				0.81667
690,		38.00,		46.85,		50.00,				1.06728,				0.83333
691,		38.00,		46.95,		50.00,				1.06501,				0.83333
692,		38.00,		46.95,		49.00,				1.04371,				0.81667
693,		38.00,		46.96,		49.00,				1.04344,				0.81667
694,		37.00,		46.94,		50.00,				1.06528,				0.83333
695,		38.00,		46.92,		50.00,				1.06560,				0.83333
696,		38.00,		46.91,		49.00,				1.04455,				0.81667
697,		38.00,		46.92,		49.00,				1.04438,				0.81667
698,		38.00,		46.94,		49.00,				1.04384,				0.81667
699,		38.00,		46.95,		48.00,				1.02241,				0.80000
700,		38.00,		46.88,		50.00,				1.06655,				0.83333
701,		38.00,		46.86,		48.00,				1.02442,				0.80000
702,		38.00,		46.91,		50.00,				1.06592,				0.83333
703,		38.00,		46.93,		50.00,				1.06537,				0.83333
704,		42.00,		46.97,		48.00,				1.02202,				0.80000
705,		38.00,		46.87,		50.00,				1.06669,				0.83333
706,		38.00,		46.92,		50.00,				1.06560,				0.83333
707,		38.00,		46.96,		50.00,				1.06474,				0.83333
708,		38.00,		46.97,		50.00,				1.06446,				0.83333
709,		38.00,		46.93,		50.00,				1.06537,				0.83333
710,		38.00,		46.92,		50.00,				1.06555,				0.83333
711,		38.00,		46.93,		50.00,				1.06537,				0.83333
712,		38.00,		46.96,		50.00,				1.06483,				0.83333
713,		38.00,		46.91,		48.00,				1.02328,				0.80000
714,		38.00,		46.89,		48.00,				1.02367,				0.80000
715,		38.00,		46.96,		50.00,				1.06474,				0.83333
716,		38.00,		46.96,		50.00,				1.06469,				0.83333
717,		29.00,		42.48,		50.00,				1.17697,				0.83333
718,		33.00,		44.70,		50.00,				1.11847,				0.83333
719,		38.00,		46.01,		50.00,				1.08677,				0.83333
720,		38.00,		46.66,		50.00,				1.07158,				0.83333
721,		38.00,		46.86,		49.00,				1.04571,				0.81667
722,		36.00,		46.91,		48.00,				1.02328,				0.80000
723,		38.00,		46.94,		49.00,				1.04397,				0.81667
724,		38.00,		46.89,		48.00,				1.02367,				0.80000
725,		38.00,		46.91,		48.00,				1.02319,				0.80000
726,		38.00,		46.89,		49.00,				1.04504,				0.81667
727,		38.00,		46.94,		49.00,				1.04397,				0.81667
728,		38.00,		46.90,		49.00,				1.04487,				0.81667
729,		38.00,		46.79,		50.00,				1.06870,				0.83333
730,		38.00,		46.80,		48.00,				1.02560,				0.80000
731,		38.00,		45.87,		48.00,				1.04653,				0.80000
732,		29.00,		45.36,		50.00,				1.10220,				0.83333
733,		40.00,		45.21,		48.00,				1.06171,				0.80000
734,		38.00,		45.82,		49.00,				1.06950,				0.81667
735,		31.00,		46.34,		48.00,				1.03582,				0.80000
736,		31.00,		46.14,		48.00,				1.04027,				0.80000
737,		36.00,		45.53,		48.00,				1.05416,				0.80000
738,		38.00,		46.23,		50.00,				1.08164,				0.83333
739,		42.00,		46.67,		48.00,				1.02841,				0.80000
740,		36.00,		44.34,		48.00,				1.08250,				0.80000
741,		33.00,		44.73,		48.00,				1.07301,				0.80000
742,		33.00,		44.82,		51.00,				1.13788,				0.85000
743,		33.00,		44.92,		48.00,				1.06852,				0.80000
744,		33.00,		44.99,		48.00,				1.06686,				0.80000
745,		36.00,		45.03,		49.00,				1.08807,				0.81667
746,		42.00,		45.00,		49.00,				1.08884,				0.81667
747,		42.00,		45.02,		49.00,				1.08845,				0.81667
748,		36.00,		45.27,		49.00,				1.08244,				0.81667
749,		36.00,		45.12,		47.00,				1.04171,				0.78333
750,		40.00,		45.01,		47.00,				1.04417,				0.78333
751,		40.00,		44.66,		47.00,				1.05244,				0.78333
752,		40.00,		44.87,		47.00,				1.04747,				0.78333
753,		36.00,		44.91,		48.00,				1.06885,				0.80000
754,		36.00,		44.89,		48.00,				1.06919,				0.80000
755,		36.00,		44.92,		48.00,				1.06847,				0.80000
756,		36.00,		44.94,		48.00,				1.06800,				0.80000
757,		36.00,		44.96,		47.00,				1.04528,				0.78333
758,		36.00,		44.93,		48.00,				1.06838,				0.80000
759,		36.00,		44.94,		48.00,				1.06814,				0.80000
760,		40.00,		44.98,		48.00,				1.06724,				0.80000
761,		35.00,		44.45,		48.00,				1.07982,				0.80000
762,		39.00,		43.52,		46.00,				1.05694,				0.76667
763,		33.00,		43.76,		51.00,				1.16550,				0.85000
764,		33.00,		44.35,		51.00,				1.14984,				0.85000
765,		33.00,		43.78,		47.00,				1.07345,				0.78333
766,		33.00,		44.39,		48.00,				1.08142,				0.80000
767,		33.00,		44.23,		47.00,				1.06258,				0.78333
768,		36.00,		44.57,		47.00,				1.05457,				0.78333
769,		40.00,		44.79,		47.00,				1.04934,				0.78333
770,		33.00,		43.38,		47.00,				1.08355,				0.78333
771,		36.00,		44.13,		48.00,				1.08765,				0.80000
772,		36.00,		44.57,		47.00,				1.05447,				0.78333
773,		36.00,		44.72,		46.00,				1.02862,				0.76667
774,		36.00,		44.79,		47.00,				1.04929,				0.78333
775,		33.00,		44.86,		47.00,				1.04775,				0.78333
776,		36.00,		45.86,		49.00,				1.06852,				0.81667
777,		36.00,		46.38,		49.00,				1.05640,				0.81667
778,		38.00,		46.69,		48.00,				1.02815,				0.80000
779,		36.00,		46.78,		49.00,				1.04741,				0.81667
780,		38.00,		45.91,		48.00,				1.04543,				0.80000
781,		36.00,		46.40,		48.00,				1.03439,				0.80000
782,		36.00,		46.71,		48.00,				1.02771,				0.80000
783,		36.00,		45.81,		49.00,				1.06954,				0.81667
784,		36.00,		45.40,		48.00,				1.05736,				0.80000
785,		40.00,		45.23,		48.00,				1.06115,				0.80000
786,		40.00,		45.11,		49.00,				1.08623,				0.81667
787,		36.00,		45.05,		49.00,				1.08758,				0.81667
788,		36.00,		44.98,		47.00,				1.04500,				0.78333
789,		36.00,		44.99,		47.00,				1.04458,				0.78333
790,		36.00,		44.97,		47.00,				1.04509,				0.78333
791,		36.00,		44.92,		48.00,				1.06866,				0.80000
792,		36.00,		44.93,		47.00,				1.04598,				0.78333
793,		36.00,		44.99,		48.00,				1.06695,				0.80000
794,		36.00,		44.96,		47.00,				1.04533,				0.78333
795,		36.00,		44.94,		48.00,				1.06804,				0.80000
796,		36.00,		44.93,		46.00,				1.02391,				0.76667
797,		36.00,		44.92,		48.00,				1.06847,				0.80000
798,		40.00,		44.99,		48.00,				1.06700,				0.80000
799,		36.00,		44.95,		48.00,				1.06785,				0.80000
800,		36.00,		44.97,		48.00,				1.06747,				0.80000
801,		36.00,		44.91,		47.00,				1.04658,				0.78333
802,		36.00,		44.89,		47.00,				1.04700,				0.78333
803,		40.00,		44.94,		48.00,				1.06819,				0.80000
804,		35.00,		44.91,		48.00,				1.06871,				0.80000
805,		35.00,		44.96,		48.00,				1.06766,				0.80000
806,		35.00,		44.98,		48.00,				1.06705,				0.80000
807,		36.00,		44.94,		48.00,				1.06819,				0.80000
808,		36.00,		44.93,		48.00,				1.06828,				0.80000
809,		36.00,		44.91,		48.00,				1.06876,				0.80000
810,		36.00,		44.95,		48.00,				1.06781,				0.80000
811,		36.00,		44.94,		48.00,				1.06800,				0.80000
812,		36.00,		44.95,		48.00,				1.06781,				0.80000
813,		36.00,		44.97,		48.00,				1.06733,				0.80000
814,		36.00,		44.97,		48.00,				1.06747,				0.80000
815,		36.00,		44.92,		48.00,				1.06861,				0.80000
816,		36.00,		44.87,		47.00,				1.04752,				0.78333
817,		36.00,		44.88,		47.00,				1.04719,				0.78333
818,		36.00,		44.88,		48.00,				1.06961,				0.80000
819,		36.00,		44.91,		48.00,				1.06885,				0.80000
820,		35.00,		44.96,		48.00,				1.06766,				0.80000
821,		36.00,		44.95,		48.00,				1.06781,				0.80000
822,		40.00,		44.97,		48.00,				1.06733,				0.80000
823,		36.00,		44.92,		47.00,				1.04626,				0.78333
824,		36.00,		44.89,		47.00,				1.04710,				0.78333
825,		36.00,		44.91,		48.00,				1.06880,				0.80000
826,		36.00,		44.93,		48.00,				1.06828,				0.80000
827,		42.00,		44.98,		48.00,				1.06705,				0.80000
828,		40.00,		44.98,		48.00,				1.06724,				0.80000
829,		36.00,		44.94,		47.00,				1.04584,				0.78333
830,		36.00,		44.93,		48.00,				1.06842,				0.80000
831,		36.00,		44.91,		48.00,				1.06890,				0.80000
832,		36.00,		44.89,		46.00,				1.02464,				0.76667
833,		36.00,		44.89,		46.00,				1.02473,				0.76667
834,		36.00,		44.94,		46.00,				1.02359,				0.76667
835,		36.00,		44.90,		46.00,				1.02441,				0.76667
836,		36.00,		44.94,		46.00,				1.02359,				0.76667
837,		36.00,		44.95,		48.00,				1.06781,				0.80000
838,		36.00,		44.94,		48.00,				1.06819,				0.80000
839,		31.00,		44.43,		48.00,				1.08030,				0.80000
840,		31.00,		44.38,		46.00,				1.03646,				0.76667
841,		36.00,		44.64,		47.00,				1.05287,				0.78333
842,		36.00,		44.81,		48.00,				1.07129,				0.80000
843,		42.00,		44.90,		48.00,				1.06909,				0.80000
844,		36.00,		44.91,		47.00,				1.04649,				0.78333
845,		36.00,		44.90,		47.00,				1.04668,				0.78333
846,		35.00,		44.89,		48.00,				1.06928,				0.80000
847,		40.00,		44.93,		47.00,				1.04607,				0.78333
848,		36.00,		44.94,		48.00,				1.06814,				0.80000
849,		40.00,		44.94,		48.00,				1.06814,				0.80000
850,		36.00,		44.93,		48.00,				1.06828,				0.80000
851,		36.00,		44.93,		48.00,				1.06828,				0.80000
852,		36.00,		44.96,		48.00,				1.06766,				0.80000
853,		36.00,		44.98,		48.00,				1.06714,				0.80000
854,		36.00,		44.93,		48.00,				1.06823,				0.80000
855,		36.00,		44.90,		47.00,				1.04668,				0.78333
856,		40.00,		44.97,		47.00,				1.04519,				0.78333
857,		36.00,		44.96,		47.00,				1.04537,				0.78333
858,		36.00,		44.91,		47.00,				1.04658,				0.78333
859,		36.00,		44.91,		48.00,				1.06871,				0.80000
860,		40.00,		44.95,		48.00,				1.06781,				0.80000
861,		36.00,		44.96,		48.00,				1.06752,				0.80000
862,		40.00,		44.95,		48.00,				1.06790,				0.80000
863,		36.00,		44.94,		48.00,				1.06819,				0.80000
864,		40.00,		44.95,		48.00,				1.06790,				0.80000
865,		36.00,		44.95,		48.00,				1.06785,				0.80000
866,		36.00,		44.92,		48.00,				1.06847,				0.80000
867,		36.00,		44.94,		48.00,				1.06814,				0.80000
868,		36.00,		44.89,		47.00,				1.04691,				0.78333
869,		36.00,		44.93,		48.00,				1.06838,				0.80000
870,		36.00,		44.92,		48.00,				1.06866,				0.80000
871,		36.00,		44.88,		48.00,				1.06952,				0.80000
872,		36.00,		44.89,		48.00,				1.06919,				0.80000
873,		36.00,		44.92,		47.00,				1.04635,				0.78333
874,		36.00,		44.92,		48.00,				1.06852,				0.80000
875,		36.00,		44.88,		48.00,				1.06947,				0.80000
876,		36.00,		44.94,		48.00,				1.06819,				0.80000
877,		36.00,		44.95,		46.00,				1.02340,				0.76667
878,		36.00,		44.95,		47.00,				1.04556,				0.78333
879,		36.00,		44.90,		47.00,				1.04668,				0.78333
880,		42.00,		44.98,		48.00,				1.06705,				0.80000
881,		36.00,		44.95,		47.00,				1.04570,				0.78333
882,		36.00,		44.92,		48.00,				1.06847,				0.80000
883,		33.00,		43.36,		47.00,				1.08405,				0.78333
884,		36.00,		44.12,		47.00,				1.06532,				0.78333
885,		36.00,		44.59,		48.00,				1.07647,				0.80000
886,		36.00,		44.82,		48.00,				1.07090,				0.80000
887,		36.00,		44.96,		48.00,				1.06762,				0.80000
888,		36.00,		44.93,		47.00,				1.04603,				0.78333
889,		36.00,		44.89,		48.00,				1.06933,				0.80000
890,		36.00,		44.94,		46.00,				1.02354,				0.76667
891,		36.00,		44.93,		46.00,				1.02377,				0.76667
892,		36.00,		44.91,		47.00,				1.04654,				0.78333
893,		36.00,		44.88,		47.00,				1.04719,				0.78333
894,		36.00,		44.94,		48.00,				1.06819,				0.80000
895,		36.00,		44.95,		48.00,				1.06781,				0.80000
896,		36.00,		44.97,		48.00,				1.06738,				0.80000
897,		35.00,		44.93,		47.00,				1.04612,				0.78333
898,		36.00,		44.91,		47.00,				1.04663,				0.78333
899,		36.00,		44.91,		48.00,				1.06871,				0.80000
900,		40.00,		44.97,		48.00,				1.06738,				0.80000
901,		42.00,		45.32,		48.00,				1.05923,				0.80000
902,		36.00,		45.13,		48.00,				1.06369,				0.80000
903,		36.00,		45.03,		47.00,				1.04370,				0.78333
904,		36.00,		44.96,		48.00,				1.06762,				0.80000
905,		36.00,		44.90,		48.00,				1.06904,				0.80000
906,		36.00,		44.87,		47.00,				1.04738,				0.78333
907,		35.00,		44.91,		48.00,				1.06880,				0.80000
908,		36.00,		44.96,		48.00,				1.06771,				0.80000
909,		36.00,		44.91,		48.00,				1.06871,				0.80000
910,		36.00,		44.94,		48.00,				1.06814,				0.80000
911,		36.00,		44.89,		48.00,				1.06928,				0.80000
912,		36.00,		44.95,		48.00,				1.06781,				0.80000
913,		36.00,		44.87,		48.00,				1.06976,				0.80000
914,		36.00,		44.90,		48.00,				1.06914,				0.80000
915,		36.00,		44.93,		48.00,				1.06828,				0.80000
916,		34.00,		43.95,		48.00,				1.09205,				0.80000
917,		34.00,		43.54,		46.00,				1.05655,				0.76667
918,		40.00,		44.34,		48.00,				1.08254,				0.80000
919,		34.00,		44.60,		48.00,				1.07628,				0.80000
920,		36.00,		44.81,		48.00,				1.07119,				0.80000
921,		36.00,		44.89,		48.00,				1.06928,				0.80000
922,		36.00,		44.91,		50.00,				1.11329,				0.83333
923,		36.00,		44.93,		48.00,				1.06833,				0.80000
924,		36.00,		44.98,		48.00,				1.06719,				0.80000
925,		36.00,		44.96,		48.00,				1.06766,				0.80000
926,		36.00,		44.94,		48.00,				1.06804,				0.80000
927,		36.00,		44.93,		46.00,				1.02372,				0.76667
928,		36.00,		44.91,		47.00,				1.04649,				0.78333
929,		36.00,		44.91,		48.00,				1.06885,				0.80000
930,		36.00,		44.92,		48.00,				1.06847,				0.80000
931,		36.00,		44.42,		47.00,				1.05808,				0.78333
932,		35.00,		44.16,		47.00,				1.06431,				0.78333
933,		35.00,		44.54,		47.00,				1.05518,				0.78333
934,		40.00,		44.82,		47.00,				1.04869,				0.78333
935,		36.00,		44.87,		47.00,				1.04752,				0.78333
936,		36.00,		44.86,		47.00,				1.04775,				0.78333
937,		36.00,		44.89,		47.00,				1.04691,				0.78333
938,		37.00,		44.93,		47.00,				1.04616,				0.78333
939,		36.00,		44.89,		47.00,				1.04705,				0.78333
940,		36.00,		44.90,		47.00,				1.04677,				0.78333
941,		36.00,		44.92,		48.00,				1.06852,				0.80000
942,		36.00,		44.89,		48.00,				1.06919,				0.80000
943,		36.00,		44.90,		46.00,				1.02459,				0.76667
944,		36.00,		44.96,		48.00,				1.06771,				0.80000
945,		40.00,		44.96,		46.00,				1.02313,				0.76667
946,		36.00,		44.93,		48.00,				1.06833,				0.80000
947,		36.00,		44.90,		48.00,				1.06909,				0.80000
948,		36.00,		44.89,		48.00,				1.06933,				0.80000
949,		36.00,		44.90,		47.00,				1.04677,				0.78333
950,		36.00,		44.88,		47.00,				1.04714,				0.78333
951,		36.00,		44.85,		48.00,				1.07033,				0.80000
952,		38.00,		44.93,		48.00,				1.06833,				0.80000
953,		36.00,		44.89,		48.00,				1.06928,				0.80000
954,		36.00,		44.90,		47.00,				1.04682,				0.78333
955,		36.00,		44.86,		48.00,				1.07000,				0.80000
956,		36.00,		44.94,		47.00,				1.04575,				0.78333
957,		42.00,		44.96,		46.00,				1.02322,				0.76667
958,		36.00,		44.89,		48.00,				1.06919,				0.80000
959,		36.00,		44.91,		48.00,				1.06871,				0.80000
960,		36.00,		44.97,		48.00,				1.06747,				0.80000
961,		36.00,		45.40,		48.00,				1.05727,				0.80000
962,		36.00,		45.12,		47.00,				1.04167,				0.78333
963,		36.00,		45.01,		48.00,				1.06648,				0.80000
964,		36.00,		44.94,		48.00,				1.06819,				0.80000
965,		36.00,		44.88,		47.00,				1.04728,				0.78333
966,		36.00,		44.93,		47.00,				1.04598,				0.78333
967,		40.00,		44.95,		47.00,				1.04556,				0.78333
968,		36.00,		44.95,		48.00,				1.06776,				0.80000
969,		36.00,		44.92,		47.00,				1.04640,				0.78333
970,		36.00,		44.93,		46.00,				1.02386,				0.76667
971,		36.00,		44.93,		48.00,				1.06842,				0.80000
972,		36.00,		44.92,		48.00,				1.06847,				0.80000
973,		36.00,		45.35,		48.00,				1.05853,				0.80000
974,		38.00,		45.71,		48.00,				1.05001,				0.80000
975,		36.00,		45.35,		50.00,				1.10249,				0.83333
976,		35.00,		44.67,		49.00,				1.09703,				0.81667
977,		40.00,		44.86,		47.00,				1.04761,				0.78333
978,		35.00,		44.39,		47.00,				1.05870,				0.78333
979,		35.00,		44.19,		49.00,				1.10875,				0.81667
980,		35.00,		44.58,		49.00,				1.09910,				0.81667
981,		35.00,		44.28,		49.00,				1.10654,				0.81667
982,		35.00,		44.40,		49.00,				1.10355,				0.81667
983,		35.00,		44.10,		46.00,				1.04308,				0.76667
984,		35.00,		43.93,		45.00,				1.02426,				0.75000
985,		35.00,		43.97,		49.00,				1.11435,				0.81667
986,		35.00,		43.96,		49.00,				1.11460,				0.81667
987,		35.00,		43.97,		49.00,				1.11450,				0.81667
988,		35.00,		43.99,		49.00,				1.11399,				0.81667
989,		35.00,		43.92,		49.00,				1.11577,				0.81667
990,		39.00,		43.98,		49.00,				1.11419,				0.81667
991,		35.00,		43.96,		49.00,				1.11460,				0.81667
992,		35.00,		43.94,		49.00,				1.11526,				0.81667
993,		35.00,		43.96,		49.00,				1.11460,				0.81667
994,		35.00,		43.96,		49.00,				1.11470,				0.81667
995,		35.00,		43.98,		49.00,				1.11414,				0.81667
996,		35.00,		43.95,		49.00,				1.11500,				0.81667
997,		35.00,		43.87,		46.00,				1.04865,				0.76667
998,		35.00,		43.91,		46.00,				1.04769,				0.76667
999,		35.00,		43.93,		46.00,				1.04722,				0.76667
