RANDOM_SEED, 1698987328
GEN,		MIN,				AVE,				MAX,			CONV,					CONV_ACT,
  0,		14.00,		31.96,		55.00,				1.72101,				0.91667
  1,		10.00,		25.89,		53.00,				2.04681,				0.88333
  2,		12.00,		35.23,		50.00,				1.41908,				0.83333
  3,		17.00,		33.25,		47.00,				1.41353,				0.78333
  4,		18.00,		31.04,		46.00,				1.48186,				0.76667
  5,		22.00,		35.53,		48.00,				1.35082,				0.80000
  6,		19.00,		34.87,		46.00,				1.31903,				0.76667
  7,		27.00,		36.58,		48.00,				1.31226,				0.80000
  8,		27.00,		39.98,		50.00,				1.25050,				0.83333
  9,		27.00,		39.68,		48.00,				1.20980,				0.80000
 10,		28.00,		39.37,		46.00,				1.16828,				0.76667
 11,		29.00,		39.13,		46.00,				1.17551,				0.76667
 12,		30.00,		39.58,		46.00,				1.16232,				0.76667
 13,		28.00,		39.33,		46.00,				1.16971,				0.76667
 14,		30.00,		39.17,		48.00,				1.22555,				0.80000
 15,		30.00,		38.68,		48.00,				1.24108,				0.80000
 16,		30.00,		38.35,		47.00,				1.22568,				0.78333
 17,		33.00,		38.24,		47.00,				1.22902,				0.78333
 18,		35.00,		38.14,		47.00,				1.23230,				0.78333
 19,		33.00,		38.10,		47.00,				1.23373,				0.78333
 20,		29.00,		38.03,		47.00,				1.23600,				0.78333
 21,		29.00,		37.99,		44.00,				1.15832,				0.73333
 22,		33.00,		38.03,		47.00,				1.23580,				0.78333
 23,		33.00,		38.02,		41.00,				1.07844,				0.68333
 24,		33.00,		38.51,		42.00,				1.09051,				0.70000
 25,		29.00,		38.49,		42.00,				1.09108,				0.70000
 26,		29.00,		38.75,		46.00,				1.18704,				0.76667
 27,		29.00,		38.46,		47.00,				1.22192,				0.78333
 28,		30.00,		38.80,		47.00,				1.21122,				0.78333
 29,		30.00,		38.71,		47.00,				1.21428,				0.78333
 30,		35.00,		38.89,		47.00,				1.20847,				0.78333
 31,		35.00,		38.47,		46.00,				1.19580,				0.76667
 32,		35.00,		38.71,		47.00,				1.21403,				0.78333
 33,		29.00,		38.35,		47.00,				1.22562,				0.78333
 34,		34.00,		38.75,		46.00,				1.18697,				0.76667
 35,		34.00,		38.89,		46.00,				1.18288,				0.76667
 36,		34.00,		38.97,		46.00,				1.18033,				0.76667
 37,		30.00,		38.94,		46.00,				1.18118,				0.76667
 38,		30.00,		38.99,		46.00,				1.17991,				0.76667
 39,		30.00,		39.01,		46.00,				1.17906,				0.76667
 40,		34.00,		38.99,		42.00,				1.07714,				0.70000
 41,		34.00,		39.02,		46.00,				1.17882,				0.76667
 42,		34.00,		38.98,		46.00,				1.17997,				0.76667
 43,		30.00,		38.98,		46.00,				1.18009,				0.76667
 44,		36.00,		39.03,		46.00,				1.17864,				0.76667
 45,		37.00,		39.04,		47.00,				1.20396,				0.78333
 46,		30.00,		39.00,		46.00,				1.17949,				0.76667
 47,		30.00,		38.98,		46.00,				1.18009,				0.76667
 48,		30.00,		38.94,		46.00,				1.18130,				0.76667
 49,		30.00,		38.99,		42.00,				1.07720,				0.70000
 50,		36.00,		39.01,		46.00,				1.17906,				0.76667
 51,		36.00,		39.01,		46.00,				1.17912,				0.76667
 52,		34.00,		38.14,		42.00,				1.10109,				0.70000
 53,		28.00,		38.59,		42.00,				1.08836,				0.70000
 54,		30.00,		38.76,		41.00,				1.05768,				0.68333
 55,		30.00,		38.82,		42.00,				1.08197,				0.70000
 56,		30.00,		38.89,		42.00,				1.07986,				0.70000
 57,		30.00,		38.98,		42.00,				1.07759,				0.70000
 58,		30.00,		38.94,		42.00,				1.07847,				0.70000
 59,		34.00,		39.00,		42.00,				1.07703,				0.70000
 60,		34.00,		38.98,		42.00,				1.07737,				0.70000
 61,		34.00,		38.96,		42.00,				1.07797,				0.70000
 62,		34.00,		38.98,		42.00,				1.07737,				0.70000
 63,		30.00,		39.00,		46.00,				1.17937,				0.76667
 64,		30.00,		39.00,		46.00,				1.17961,				0.76667
 65,		34.00,		38.96,		42.00,				1.07792,				0.70000
 66,		34.00,		39.01,		46.00,				1.17912,				0.76667
 67,		36.00,		40.50,		45.00,				1.11106,				0.75000
 68,		33.00,		41.31,		49.00,				1.18615,				0.81667
 69,		37.00,		40.24,		49.00,				1.21763,				0.81667
 70,		33.00,		40.46,		45.00,				1.11232,				0.75000
 71,		33.00,		41.30,		49.00,				1.18656,				0.81667
 72,		30.00,		40.15,		45.00,				1.12074,				0.75000
 73,		36.00,		41.06,		45.00,				1.09585,				0.75000
 74,		38.00,		40.11,		45.00,				1.12203,				0.75000
 75,		36.00,		39.53,		45.00,				1.13838,				0.75000
 76,		36.00,		40.79,		46.00,				1.12762,				0.76667
 77,		34.00,		39.93,		46.00,				1.15207,				0.76667
 78,		34.00,		39.51,		42.00,				1.06313,				0.70000
 79,		33.00,		40.40,		43.00,				1.06441,				0.71667
 80,		33.00,		41.11,		45.00,				1.09462,				0.75000
 81,		37.00,		41.59,		45.00,				1.08199,				0.75000
 82,		37.00,		41.79,		49.00,				1.17242,				0.81667
 83,		37.00,		41.86,		43.00,				1.02723,				0.71667
 84,		37.00,		41.93,		45.00,				1.07311,				0.75000
 85,		33.00,		41.97,		49.00,				1.16761,				0.81667
 86,		39.00,		42.03,		49.00,				1.16583,				0.81667
 87,		33.00,		41.95,		45.00,				1.07260,				0.75000
 88,		33.00,		41.95,		45.00,				1.07271,				0.75000
 89,		33.00,		41.92,		49.00,				1.16878,				0.81667
 90,		33.00,		41.91,		45.00,				1.07383,				0.75000
 91,		40.00,		42.01,		49.00,				1.16650,				0.81667
 92,		33.00,		41.96,		44.00,				1.04872,				0.73333
 93,		33.00,		41.92,		44.00,				1.04972,				0.73333
 94,		33.00,		41.95,		43.00,				1.02493,				0.71667
 95,		33.00,		41.94,		44.00,				1.04912,				0.73333
 96,		33.00,		41.91,		44.00,				1.04992,				0.73333
 97,		33.00,		41.95,		45.00,				1.07276,				0.75000
 98,		39.00,		42.00,		49.00,				1.16672,				0.81667
 99,		33.00,		41.96,		44.00,				1.04857,				0.73333
100,		33.00,		41.92,		44.00,				1.04962,				0.73333
101,		33.00,		41.90,		43.00,				1.02630,				0.71667
102,		33.00,		41.93,		43.00,				1.02547,				0.71667
103,		33.00,		41.94,		49.00,				1.16828,				0.81667
104,		33.00,		41.97,		49.00,				1.16761,				0.81667
105,		33.00,		41.96,		44.00,				1.04862,				0.73333
106,		41.00,		42.01,		45.00,				1.07117,				0.75000
107,		33.00,		41.98,		49.00,				1.16722,				0.81667
108,		33.00,		41.97,		49.00,				1.16750,				0.81667
109,		33.00,		41.94,		49.00,				1.16822,				0.81667
110,		33.00,		41.96,		45.00,				1.07250,				0.75000
111,		33.00,		41.92,		45.00,				1.07358,				0.75000
112,		33.00,		42.40,		45.00,				1.06137,				0.75000
113,		33.00,		42.45,		49.00,				1.15424,				0.81667
114,		34.00,		42.64,		49.00,				1.14905,				0.81667
115,		34.00,		42.83,		45.00,				1.05067,				0.75000
116,		34.00,		42.39,		43.00,				1.01439,				0.71667
117,		34.00,		42.68,		48.00,				1.12465,				0.80000
118,		34.00,		42.51,		44.00,				1.03505,				0.73333
119,		34.00,		42.72,		45.00,				1.05332,				0.75000
120,		34.00,		42.86,		45.00,				1.04998,				0.75000
121,		31.00,		42.93,		48.00,				1.11815,				0.80000
122,		34.00,		42.91,		48.00,				1.11852,				0.80000
123,		34.00,		42.96,		48.00,				1.11732,				0.80000
124,		38.00,		42.97,		46.00,				1.07046,				0.76667
125,		34.00,		42.88,		48.00,				1.11930,				0.80000
126,		34.00,		42.91,		48.00,				1.11857,				0.80000
127,		34.00,		42.96,		48.00,				1.11737,				0.80000
128,		34.00,		42.68,		48.00,				1.12460,				0.80000
129,		34.00,		42.84,		48.00,				1.12034,				0.80000
130,		34.00,		42.93,		48.00,				1.11820,				0.80000
131,		34.00,		42.91,		48.00,				1.11852,				0.80000
132,		34.00,		42.92,		48.00,				1.11831,				0.80000
133,		38.00,		42.96,		45.00,				1.04749,				0.75000
134,		38.00,		42.95,		48.00,				1.11763,				0.80000
135,		34.00,		42.97,		48.00,				1.11716,				0.80000
136,		34.00,		43.01,		48.00,				1.11612,				0.80000
137,		34.00,		42.97,		48.00,				1.11716,				0.80000
138,		38.00,		41.79,		48.00,				1.14849,				0.80000
139,		34.00,		42.44,		48.00,				1.13101,				0.80000
140,		34.00,		42.65,		48.00,				1.12544,				0.80000
141,		34.00,		42.81,		48.00,				1.12113,				0.80000
142,		34.00,		42.89,		48.00,				1.11925,				0.80000
143,		34.00,		42.94,		48.00,				1.11773,				0.80000
144,		40.00,		42.98,		48.00,				1.11685,				0.80000
145,		34.00,		42.98,		48.00,				1.11685,				0.80000
146,		34.00,		42.97,		48.00,				1.11711,				0.80000
147,		34.00,		42.93,		45.00,				1.04812,				0.75000
148,		34.00,		42.93,		48.00,				1.11820,				0.80000
149,		34.00,		42.93,		45.00,				1.04827,				0.75000
150,		34.00,		42.96,		48.00,				1.11732,				0.80000
151,		38.00,		42.99,		48.00,				1.11659,				0.80000
152,		40.00,		42.97,		45.00,				1.04719,				0.75000
153,		34.00,		42.96,		48.00,				1.11742,				0.80000
154,		34.00,		42.95,		46.00,				1.07106,				0.76667
155,		38.00,		42.95,		45.00,				1.04763,				0.75000
156,		40.00,		42.99,		45.00,				1.04685,				0.75000
157,		38.00,		42.95,		45.00,				1.04783,				0.75000
158,		32.00,		42.64,		45.00,				1.05545,				0.75000
159,		38.00,		42.85,		48.00,				1.12029,				0.80000
160,		32.00,		42.82,		48.00,				1.12097,				0.80000
161,		32.00,		42.88,		48.00,				1.11940,				0.80000
162,		32.00,		42.93,		48.00,				1.11820,				0.80000
163,		32.00,		42.90,		48.00,				1.11893,				0.80000
164,		32.00,		42.89,		48.00,				1.11909,				0.80000
165,		34.00,		42.94,		48.00,				1.11773,				0.80000
166,		34.00,		42.93,		45.00,				1.04817,				0.75000
167,		34.00,		42.96,		48.00,				1.11737,				0.80000
168,		34.00,		42.99,		48.00,				1.11643,				0.80000
169,		34.00,		42.92,		48.00,				1.11826,				0.80000
170,		34.00,		42.94,		48.00,				1.11789,				0.80000
171,		38.00,		42.95,		43.00,				1.00121,				0.71667
172,		34.00,		42.94,		48.00,				1.11784,				0.80000
173,		38.00,		42.99,		48.00,				1.11654,				0.80000
174,		38.00,		43.00,		48.00,				1.11638,				0.80000
175,		34.00,		42.96,		48.00,				1.11737,				0.80000
176,		34.00,		42.90,		48.00,				1.11883,				0.80000
177,		34.00,		42.94,		48.00,				1.11773,				0.80000
178,		34.00,		42.89,		45.00,				1.04915,				0.75000
179,		34.00,		42.94,		45.00,				1.04797,				0.75000
180,		34.00,		42.95,		45.00,				1.04783,				0.75000
181,		34.00,		42.97,		45.00,				1.04729,				0.75000
182,		34.00,		42.99,		45.00,				1.04671,				0.75000
183,		34.00,		42.96,		48.00,				1.11732,				0.80000
184,		40.00,		42.99,		48.00,				1.11654,				0.80000
185,		41.00,		43.01,		48.00,				1.11592,				0.80000
186,		34.00,		42.98,		48.00,				1.11669,				0.80000
187,		38.00,		42.96,		48.00,				1.11737,				0.80000
188,		34.00,		42.91,		45.00,				1.04861,				0.75000
189,		38.00,		42.97,		48.00,				1.11706,				0.80000
190,		40.00,		42.98,		48.00,				1.11685,				0.80000
191,		34.00,		42.93,		48.00,				1.11810,				0.80000
192,		34.00,		42.94,		48.00,				1.11779,				0.80000
193,		34.00,		43.54,		48.00,				1.10243,				0.80000
194,		34.00,		43.24,		48.00,				1.10998,				0.80000
195,		34.00,		43.14,		48.00,				1.11255,				0.80000
196,		38.00,		43.09,		48.00,				1.11400,				0.80000
197,		34.00,		42.95,		48.00,				1.11763,				0.80000
198,		34.00,		42.94,		48.00,				1.11784,				0.80000
199,		34.00,		42.95,		48.00,				1.11747,				0.80000
200,		38.00,		43.01,		48.00,				1.11612,				0.80000
201,		34.00,		42.96,		48.00,				1.11737,				0.80000
202,		40.00,		42.96,		48.00,				1.11727,				0.80000
203,		40.00,		42.95,		45.00,				1.04773,				0.75000
204,		38.00,		42.95,		45.00,				1.04773,				0.75000
205,		34.00,		42.92,		48.00,				1.11846,				0.80000
206,		34.00,		42.97,		48.00,				1.11706,				0.80000
207,		34.00,		42.93,		48.00,				1.11815,				0.80000
208,		34.00,		42.93,		45.00,				1.04832,				0.75000
209,		34.00,		42.91,		45.00,				1.04880,				0.75000
210,		34.00,		42.91,		43.00,				1.00210,				0.71667
211,		34.00,		42.91,		48.00,				1.11852,				0.80000
212,		34.00,		42.95,		48.00,				1.11768,				0.80000
213,		34.00,		42.96,		48.00,				1.11742,				0.80000
214,		34.00,		45.45,		49.00,				1.07811,				0.81667
215,		38.00,		45.63,		50.00,				1.09572,				0.83333
216,		41.00,		46.83,		50.00,				1.06769,				0.83333
217,		38.00,		47.16,		50.00,				1.06022,				0.83333
218,		39.00,		47.64,		50.00,				1.04958,				0.83333
219,		34.00,		47.32,		50.00,				1.05655,				0.83333
220,		39.00,		47.59,		50.00,				1.05055,				0.83333
221,		39.00,		47.73,		50.00,				1.04752,				0.83333
222,		39.00,		47.89,		50.00,				1.04406,				0.83333
223,		43.00,		47.96,		50.00,				1.04245,				0.83333
224,		40.00,		48.38,		51.00,				1.05407,				0.85000
225,		39.00,		48.16,		51.00,				1.05893,				0.85000
226,		39.00,		48.11,		50.00,				1.03924,				0.83333
227,		39.00,		48.37,		51.00,				1.05437,				0.85000
228,		39.00,		48.16,		50.00,				1.03816,				0.83333
229,		39.00,		48.18,		50.00,				1.03782,				0.83333
230,		39.00,		48.04,		50.00,				1.04084,				0.83333
231,		39.00,		48.72,		53.00,				1.08776,				0.88333
232,		39.00,		48.63,		53.00,				1.08986,				0.88333
233,		39.00,		48.30,		51.00,				1.05599,				0.85000
234,		39.00,		48.07,		50.00,				1.04015,				0.83333
235,		39.00,		48.01,		50.00,				1.04136,				0.83333
236,		39.00,		47.99,		50.00,				1.04180,				0.83333
237,		39.00,		47.94,		50.00,				1.04297,				0.83333
238,		38.00,		47.90,		50.00,				1.04388,				0.83333
239,		39.00,		47.85,		51.00,				1.06574,				0.85000
240,		39.00,		47.87,		50.00,				1.04445,				0.83333
241,		37.00,		47.89,		50.00,				1.04397,				0.83333
242,		39.00,		47.88,		49.00,				1.02343,				0.81667
243,		39.00,		47.93,		49.00,				1.02232,				0.81667
244,		39.00,		47.93,		50.00,				1.04310,				0.83333
245,		43.00,		47.99,		50.00,				1.04193,				0.83333
246,		39.00,		47.93,		51.00,				1.06401,				0.85000
247,		39.00,		47.94,		50.00,				1.04288,				0.83333
248,		43.00,		47.49,		50.00,				1.05290,				0.83333
249,		38.00,		47.72,		51.00,				1.06864,				0.85000
250,		38.00,		47.83,		51.00,				1.06623,				0.85000
251,		38.00,		47.86,		50.00,				1.04467,				0.83333
252,		38.00,		47.91,		51.00,				1.06450,				0.85000
253,		39.00,		47.95,		51.00,				1.06365,				0.85000
254,		39.00,		47.94,		51.00,				1.06374,				0.85000
255,		39.00,		47.93,		51.00,				1.06396,				0.85000
256,		39.00,		46.96,		51.00,				1.08612,				0.85000
257,		37.00,		46.96,		51.00,				1.08598,				0.85000
258,		39.00,		47.28,		50.00,				1.05744,				0.83333
259,		43.00,		47.64,		50.00,				1.04963,				0.83333
260,		39.00,		47.71,		49.00,				1.02695,				0.81667
261,		37.00,		47.36,		51.00,				1.07690,				0.85000
262,		37.00,		46.69,		51.00,				1.09240,				0.85000
263,		41.00,		46.32,		48.00,				1.03622,				0.80000
264,		41.00,		46.16,		49.00,				1.06143,				0.81667
265,		37.00,		45.99,		49.00,				1.06545,				0.81667
266,		37.00,		45.98,		49.00,				1.06563,				0.81667
267,		37.00,		45.46,		49.00,				1.07792,				0.81667
268,		36.00,		45.71,		49.00,				1.07202,				0.81667
269,		41.00,		45.88,		49.00,				1.06810,				0.81667
270,		39.00,		45.89,		51.00,				1.11130,				0.85000
271,		41.00,		45.95,		49.00,				1.06628,				0.81667
272,		41.00,		45.97,		49.00,				1.06591,				0.81667
273,		37.00,		45.93,		49.00,				1.06684,				0.81667
274,		37.00,		45.93,		48.00,				1.04511,				0.80000
275,		37.00,		45.93,		48.00,				1.04507,				0.80000
276,		41.00,		45.97,		49.00,				1.06601,				0.81667
277,		41.00,		45.98,		49.00,				1.06568,				0.81667
278,		37.00,		45.95,		48.00,				1.04452,				0.80000
279,		37.00,		45.93,		49.00,				1.06689,				0.81667
280,		37.00,		45.95,		48.00,				1.04470,				0.80000
281,		37.00,		45.95,		49.00,				1.06638,				0.81667
282,		41.00,		45.97,		48.00,				1.04425,				0.80000
283,		41.00,		45.99,		49.00,				1.06540,				0.81667
284,		41.00,		45.95,		48.00,				1.04452,				0.80000
285,		37.00,		45.93,		48.00,				1.04511,				0.80000
286,		37.00,		45.94,		48.00,				1.04475,				0.80000
287,		37.00,		45.95,		48.00,				1.04461,				0.80000
288,		41.00,		45.99,		49.00,				1.06545,				0.81667
289,		41.00,		46.00,		49.00,				1.06526,				0.81667
290,		37.00,		45.94,		48.00,				1.04484,				0.80000
291,		37.00,		45.96,		48.00,				1.04448,				0.80000
292,		41.00,		45.97,		49.00,				1.06591,				0.81667
293,		41.00,		45.98,		49.00,				1.06573,				0.81667
294,		43.00,		46.01,		48.00,				1.04334,				0.80000
295,		41.00,		45.98,		48.00,				1.04389,				0.80000
296,		41.00,		45.98,		48.00,				1.04402,				0.80000
297,		38.00,		45.92,		47.00,				1.02343,				0.78333
298,		38.00,		45.94,		48.00,				1.04489,				0.80000
299,		41.00,		45.43,		48.00,				1.05648,				0.80000
300,		41.00,		45.70,		48.00,				1.05033,				0.80000
301,		35.00,		45.79,		48.00,				1.04826,				0.80000
302,		41.00,		45.87,		47.00,				1.02463,				0.78333
303,		41.00,		45.93,		49.00,				1.06689,				0.81667
304,		41.00,		45.98,		49.00,				1.06568,				0.81667
305,		41.00,		46.00,		48.00,				1.04357,				0.80000
306,		37.00,		45.98,		49.00,				1.06577,				0.81667
307,		41.00,		45.98,		48.00,				1.04384,				0.80000
308,		41.00,		45.99,		49.00,				1.06550,				0.81667
309,		41.00,		45.98,		48.00,				1.04393,				0.80000
310,		41.00,		45.96,		49.00,				1.06619,				0.81667
311,		41.00,		45.94,		49.00,				1.06661,				0.81667
312,		32.00,		45.96,		49.00,				1.06605,				0.81667
313,		41.00,		45.96,		49.00,				1.06619,				0.81667
314,		41.00,		45.49,		49.00,				1.07716,				0.81667
315,		37.00,		45.23,		49.00,				1.08335,				0.81667
316,		40.00,		45.14,		49.00,				1.08551,				0.81667
317,		40.00,		45.09,		48.00,				1.06463,				0.80000
318,		36.00,		45.00,		48.00,				1.06671,				0.80000
319,		36.00,		44.95,		47.00,				1.04556,				0.78333
320,		40.00,		44.99,		48.00,				1.06700,				0.80000
321,		36.00,		44.95,		48.00,				1.06776,				0.80000
322,		36.00,		44.93,		48.00,				1.06833,				0.80000
323,		40.00,		44.97,		48.00,				1.06738,				0.80000
324,		40.00,		44.99,		48.00,				1.06681,				0.80000
325,		40.00,		44.98,		48.00,				1.06724,				0.80000
326,		40.00,		45.01,		48.00,				1.06652,				0.80000
327,		36.00,		45.01,		48.00,				1.06643,				0.80000
328,		40.00,		45.01,		48.00,				1.06648,				0.80000
329,		36.00,		44.97,		48.00,				1.06733,				0.80000
330,		36.00,		44.98,		48.00,				1.06719,				0.80000
331,		36.00,		44.98,		48.00,				1.06709,				0.80000
332,		40.00,		44.95,		48.00,				1.06781,				0.80000
333,		34.00,		43.96,		48.00,				1.09200,				0.80000
334,		36.00,		44.30,		48.00,				1.08342,				0.80000
335,		34.00,		43.64,		48.00,				1.09986,				0.80000
336,		36.00,		44.29,		48.00,				1.08372,				0.80000
337,		36.00,		44.39,		48.00,				1.08142,				0.80000
338,		35.00,		44.71,		48.00,				1.07359,				0.80000
339,		36.00,		44.84,		46.00,				1.02596,				0.76667
340,		36.00,		44.91,		47.00,				1.04658,				0.78333
341,		40.00,		44.96,		47.00,				1.04542,				0.78333
342,		40.00,		44.97,		47.00,				1.04509,				0.78333
343,		40.00,		44.99,		48.00,				1.06686,				0.80000
344,		36.00,		44.98,		48.00,				1.06705,				0.80000
345,		36.00,		44.91,		48.00,				1.06876,				0.80000
346,		36.00,		44.94,		48.00,				1.06804,				0.80000
347,		36.00,		44.99,		48.00,				1.06700,				0.80000
348,		40.00,		44.95,		47.00,				1.04556,				0.78333
349,		36.00,		44.99,		48.00,				1.06686,				0.80000
350,		43.00,		45.00,		48.00,				1.06662,				0.80000
351,		40.00,		44.99,		48.00,				1.06700,				0.80000
352,		36.00,		44.98,		48.00,				1.06719,				0.80000
353,		40.00,		44.98,		48.00,				1.06705,				0.80000
354,		36.00,		44.98,		48.00,				1.06724,				0.80000
355,		40.00,		45.00,		48.00,				1.06676,				0.80000
356,		36.00,		44.96,		48.00,				1.06752,				0.80000
357,		36.00,		44.99,		48.00,				1.06686,				0.80000
358,		36.00,		45.03,		48.00,				1.06600,				0.80000
359,		40.00,		44.97,		48.00,				1.06747,				0.80000
360,		42.00,		45.00,		48.00,				1.06676,				0.80000
361,		36.00,		44.97,		48.00,				1.06747,				0.80000
362,		36.00,		45.00,		48.00,				1.06662,				0.80000
363,		36.00,		44.99,		48.00,				1.06681,				0.80000
364,		36.00,		44.41,		48.00,				1.08074,				0.80000
365,		35.00,		42.22,		48.00,				1.13685,				0.80000
366,		39.00,		42.58,		48.00,				1.12729,				0.80000
367,		31.00,		41.29,		46.00,				1.11407,				0.76667
368,		37.00,		40.66,		47.00,				1.15598,				0.78333
369,		35.00,		40.38,		47.00,				1.16383,				0.78333
370,		37.00,		40.20,		45.00,				1.11935,				0.75000
371,		37.00,		40.07,		45.00,				1.12292,				0.75000
372,		37.00,		40.07,		45.00,				1.12303,				0.75000
373,		37.00,		40.04,		45.00,				1.12388,				0.75000
374,		37.00,		40.02,		45.00,				1.12444,				0.75000
375,		37.00,		40.01,		45.00,				1.12466,				0.75000
376,		37.00,		40.04,		45.00,				1.12382,				0.75000
377,		37.00,		41.80,		48.00,				1.14833,				0.80000
378,		31.00,		40.79,		45.00,				1.10316,				0.75000
379,		31.00,		40.35,		45.00,				1.11513,				0.75000
380,		31.00,		40.12,		45.00,				1.12164,				0.75000
381,		31.00,		39.99,		45.00,				1.12523,				0.75000
382,		31.00,		39.99,		45.00,				1.12517,				0.75000
383,		31.00,		39.99,		45.00,				1.12539,				0.75000
384,		31.00,		39.97,		45.00,				1.12584,				0.75000
385,		31.00,		39.95,		43.00,				1.07629,				0.71667
386,		31.00,		39.91,		42.00,				1.05237,				0.70000
387,		31.00,		39.94,		42.00,				1.05168,				0.70000
388,		31.00,		39.95,		42.00,				1.05142,				0.70000
389,		30.00,		39.95,		43.00,				1.07645,				0.71667
390,		31.00,		40.33,		47.00,				1.16527,				0.78333
391,		31.00,		40.17,		47.00,				1.17009,				0.78333
392,		37.00,		40.08,		47.00,				1.17260,				0.78333
393,		37.00,		40.05,		45.00,				1.12348,				0.75000
394,		35.00,		39.41,		47.00,				1.19265,				0.78333
395,		33.00,		39.94,		43.00,				1.07651,				0.71667
396,		35.00,		39.96,		43.00,				1.07613,				0.71667
397,		35.00,		39.95,		42.00,				1.05131,				0.70000
398,		35.00,		39.84,		42.00,				1.05411,				0.70000
399,		32.00,		39.41,		43.00,				1.09115,				0.71667
400,		36.00,		39.61,		43.00,				1.08558,				0.71667
401,		34.00,		39.30,		42.00,				1.06870,				0.70000
402,		34.00,		39.15,		45.00,				1.14931,				0.75000
403,		34.00,		39.07,		44.00,				1.12624,				0.73333
404,		32.00,		39.00,		44.00,				1.12821,				0.73333
405,		32.00,		38.99,		42.00,				1.07725,				0.70000
406,		32.00,		38.99,		42.00,				1.07709,				0.70000
407,		36.00,		39.04,		44.00,				1.12716,				0.73333
408,		32.00,		39.02,		44.00,				1.12751,				0.73333
409,		34.00,		39.01,		44.00,				1.12797,				0.73333
410,		32.00,		38.41,		44.00,				1.14548,				0.73333
411,		28.00,		36.77,		44.00,				1.19650,				0.73333
412,		28.00,		35.86,		44.00,				1.22693,				0.73333
413,		33.00,		35.71,		42.00,				1.17608,				0.70000
414,		32.00,		35.40,		44.00,				1.24280,				0.73333
415,		28.00,		35.14,		40.00,				1.13817,				0.66667
416,		30.00,		35.06,		40.00,				1.14097,				0.66667
417,		32.00,		35.05,		40.00,				1.14110,				0.66667
418,		30.00,		35.01,		40.00,				1.14266,				0.66667
419,		28.00,		35.00,		40.00,				1.14279,				0.66667
420,		28.00,		34.97,		40.00,				1.14397,				0.66667
421,		28.00,		35.01,		40.00,				1.14240,				0.66667
422,		32.00,		35.09,		40.00,				1.13986,				0.66667
423,		30.00,		35.09,		40.00,				1.13980,				0.66667
424,		28.00,		35.07,		40.00,				1.14058,				0.66667
425,		28.00,		35.09,		41.00,				1.16842,				0.68333
426,		28.00,		35.03,		40.00,				1.14201,				0.66667
427,		28.00,		34.98,		40.00,				1.14364,				0.66667
428,		28.00,		35.00,		40.00,				1.14286,				0.66667
429,		28.00,		35.02,		40.00,				1.14220,				0.66667
430,		30.00,		35.03,		40.00,				1.14201,				0.66667
431,		30.00,		35.02,		40.00,				1.14214,				0.66667
432,		28.00,		35.00,		40.00,				1.14273,				0.66667
433,		28.00,		34.99,		40.00,				1.14318,				0.66667
434,		28.00,		35.01,		40.00,				1.14247,				0.66667
435,		28.00,		34.96,		36.00,				1.02969,				0.60000
436,		28.00,		34.96,		37.00,				1.05829,				0.61667
437,		28.00,		34.94,		37.00,				1.05890,				0.61667
438,		28.00,		34.96,		38.00,				1.08683,				0.63333
439,		30.00,		35.00,		40.00,				1.14273,				0.66667
440,		30.00,		35.01,		40.00,				1.14266,				0.66667
441,		28.00,		35.01,		40.00,				1.14260,				0.66667
442,		28.00,		35.03,		40.00,				1.14194,				0.66667
443,		28.00,		34.96,		40.00,				1.14403,				0.66667
444,		30.00,		34.97,		40.00,				1.14371,				0.66667
445,		30.00,		34.97,		42.00,				1.20096,				0.70000
446,		30.00,		34.99,		42.00,				1.20021,				0.70000
447,		28.00,		34.96,		40.00,				1.14410,				0.66667
448,		28.00,		35.82,		40.00,				1.11669,				0.66667
449,		28.00,		35.47,		40.00,				1.12765,				0.66667
450,		28.00,		35.24,		40.00,				1.13514,				0.66667
451,		30.00,		35.18,		40.00,				1.13707,				0.66667
452,		30.00,		35.11,		40.00,				1.13941,				0.66667
453,		30.00,		35.06,		40.00,				1.14084,				0.66667
454,		30.00,		35.04,		40.00,				1.14149,				0.66667
455,		28.00,		35.03,		40.00,				1.14201,				0.66667
456,		30.00,		35.05,		40.00,				1.14136,				0.66667
457,		33.00,		35.04,		40.00,				1.14168,				0.66667
458,		33.00,		35.01,		40.00,				1.14253,				0.66667
459,		28.00,		35.02,		40.00,				1.14207,				0.66667
460,		28.00,		35.00,		40.00,				1.14273,				0.66667
461,		28.00,		35.48,		41.00,				1.15552,				0.68333
462,		29.00,		35.25,		40.00,				1.13482,				0.66667
463,		29.00,		35.59,		39.00,				1.09569,				0.65000
464,		29.00,		35.69,		41.00,				1.14872,				0.68333
465,		29.00,		35.84,		38.00,				1.06039,				0.63333
466,		33.00,		35.91,		41.00,				1.14168,				0.68333
467,		30.00,		35.74,		41.00,				1.14724,				0.68333
468,		30.00,		35.89,		41.00,				1.14244,				0.68333
469,		29.00,		35.90,		41.00,				1.14212,				0.68333
470,		29.00,		35.58,		41.00,				1.15220,				0.68333
471,		29.00,		35.49,		41.00,				1.15512,				0.68333
472,		28.00,		35.23,		40.00,				1.13552,				0.66667
473,		30.00,		35.16,		40.00,				1.13779,				0.66667
474,		33.00,		35.14,		40.00,				1.13830,				0.66667
475,		30.00,		35.14,		40.00,				1.13843,				0.66667
476,		28.00,		35.08,		40.00,				1.14025,				0.66667
477,		28.00,		35.02,		40.00,				1.14207,				0.66667
478,		28.00,		35.00,		40.00,				1.14286,				0.66667
479,		30.00,		35.01,		40.00,				1.14247,				0.66667
480,		28.00,		35.03,		40.00,				1.14194,				0.66667
481,		28.00,		34.99,		40.00,				1.14305,				0.66667
482,		30.00,		35.03,		40.00,				1.14201,				0.66667
483,		32.00,		35.03,		40.00,				1.14201,				0.66667
484,		30.00,		35.02,		40.00,				1.14214,				0.66667
485,		30.00,		37.53,		45.00,				1.19910,				0.75000
486,		32.00,		36.40,		46.00,				1.26381,				0.76667
487,		32.00,		36.59,		46.00,				1.25717,				0.76667
488,		30.00,		36.09,		46.00,				1.27459,				0.76667
489,		33.00,		38.06,		45.00,				1.18228,				0.75000
490,		33.00,		36.74,		43.00,				1.17045,				0.71667
491,		30.00,		35.97,		41.00,				1.13978,				0.68333
492,		28.00,		35.45,		41.00,				1.15662,				0.68333
493,		28.00,		35.19,		40.00,				1.13669,				0.66667
494,		28.00,		35.13,		40.00,				1.13876,				0.66667
495,		28.00,		35.05,		40.00,				1.14129,				0.66667
496,		28.00,		37.49,		45.00,				1.20032,				0.75000
497,		30.00,		36.47,		41.00,				1.12415,				0.68333
498,		28.00,		36.15,		41.00,				1.13410,				0.68333
499,		34.00,		38.02,		45.00,				1.18359,				0.75000
500,		28.00,		36.57,		45.00,				1.23065,				0.75000
501,		28.00,		37.90,		43.00,				1.13462,				0.71667
502,		28.00,		38.98,		43.00,				1.10302,				0.71667
503,		33.00,		39.51,		43.00,				1.08828,				0.71667
504,		33.00,		39.80,		42.00,				1.05522,				0.70000
505,		33.00,		39.91,		42.00,				1.05232,				0.70000
506,		35.00,		39.98,		45.00,				1.12545,				0.75000
507,		33.00,		39.96,		43.00,				1.07618,				0.71667
508,		33.00,		39.97,		42.00,				1.05084,				0.70000
509,		35.00,		39.99,		42.00,				1.05032,				0.70000
510,		35.00,		40.00,		45.00,				1.12500,				0.75000
511,		33.00,		39.96,		42.00,				1.05110,				0.70000
512,		33.00,		39.98,		45.00,				1.12562,				0.75000
513,		38.00,		39.99,		42.00,				1.05026,				0.70000
514,		32.00,		40.14,		43.00,				1.07136,				0.71667
515,		35.00,		40.09,		42.00,				1.04764,				0.70000
516,		33.00,		40.05,		45.00,				1.12371,				0.75000
517,		33.00,		40.01,		42.00,				1.04963,				0.70000
518,		33.00,		40.02,		43.00,				1.07446,				0.71667
519,		35.00,		40.02,		45.00,				1.12449,				0.75000
520,		35.00,		39.98,		43.00,				1.07543,				0.71667
521,		35.00,		40.00,		43.00,				1.07505,				0.71667
522,		34.00,		40.13,		43.00,				1.07146,				0.71667
523,		33.00,		40.01,		43.00,				1.07468,				0.71667
524,		34.00,		40.51,		45.00,				1.11095,				0.75000
525,		34.00,		40.76,		45.00,				1.10402,				0.75000
526,		34.00,		40.86,		44.00,				1.07680,				0.73333
527,		34.00,		40.46,		44.00,				1.08744,				0.73333
528,		33.00,		40.20,		44.00,				1.09453,				0.73333
529,		33.00,		40.31,		44.00,				1.09165,				0.73333
530,		35.00,		40.13,		43.00,				1.07157,				0.71667
531,		37.00,		40.08,		45.00,				1.12275,				0.75000
532,		34.00,		40.31,		45.00,				1.11640,				0.75000
533,		35.00,		40.13,		45.00,				1.12124,				0.75000
534,		35.00,		40.05,		43.00,				1.07377,				0.71667
535,		33.00,		40.49,		43.00,				1.06189,				0.71667
536,		33.00,		40.23,		46.00,				1.14348,				0.76667
537,		33.00,		40.56,		46.00,				1.13407,				0.76667
538,		33.00,		40.27,		45.00,				1.11735,				0.75000
539,		33.00,		40.36,		44.00,				1.09008,				0.73333
540,		33.00,		40.32,		44.00,				1.09127,				0.73333
541,		37.00,		40.14,		42.00,				1.04639,				0.70000
542,		33.00,		40.54,		46.00,				1.13474,				0.76667
543,		33.00,		40.25,		44.00,				1.09328,				0.73333
544,		34.00,		40.14,		45.00,				1.12108,				0.75000
545,		34.00,		40.22,		45.00,				1.11885,				0.75000
546,		34.00,		40.42,		46.00,				1.13805,				0.76667
547,		34.00,		39.71,		44.00,				1.10792,				0.73333
548,		35.00,		39.83,		44.00,				1.10458,				0.73333
549,		34.00,		39.80,		44.00,				1.10558,				0.73333
550,		37.00,		39.92,		44.00,				1.10231,				0.73333
551,		37.00,		39.43,		44.00,				1.11584,				0.73333
552,		32.00,		39.17,		44.00,				1.12325,				0.73333
553,		32.00,		39.60,		45.00,				1.13642,				0.75000
554,		32.00,		39.33,		45.00,				1.14428,				0.75000
555,		32.00,		39.17,		45.00,				1.14896,				0.75000
556,		32.00,		39.08,		44.00,				1.12590,				0.73333
557,		32.00,		39.11,		44.00,				1.12515,				0.73333
558,		33.00,		39.57,		45.00,				1.13728,				0.75000
559,		31.00,		39.78,		45.00,				1.13116,				0.75000
560,		31.00,		39.59,		45.00,				1.13671,				0.75000
561,		32.00,		39.78,		45.00,				1.13116,				0.75000
562,		35.00,		39.89,		43.00,				1.07786,				0.71667
563,		32.00,		40.26,		44.00,				1.09290,				0.73333
564,		33.00,		40.12,		43.00,				1.07178,				0.71667
565,		32.00,		39.98,		41.00,				1.02546,				0.68333
566,		33.00,		39.96,		41.00,				1.02597,				0.68333
567,		33.00,		39.99,		46.00,				1.15017,				0.76667
568,		33.00,		40.00,		41.00,				1.02510,				0.68333
569,		35.00,		40.01,		45.00,				1.12466,				0.75000
570,		33.00,		40.00,		45.00,				1.12506,				0.75000
571,		33.00,		40.05,		45.00,				1.12360,				0.75000
572,		33.00,		40.00,		45.00,				1.12506,				0.75000
573,		33.00,		40.00,		45.00,				1.12494,				0.75000
574,		33.00,		40.03,		45.00,				1.12421,				0.75000
575,		35.00,		40.02,		45.00,				1.12433,				0.75000
576,		35.00,		40.03,		45.00,				1.12410,				0.75000
577,		35.00,		40.51,		46.00,				1.13547,				0.76667
578,		34.00,		40.71,		47.00,				1.15439,				0.78333
579,		34.00,		40.33,		45.00,				1.11585,				0.75000
580,		34.00,		40.64,		46.00,				1.13195,				0.76667
581,		33.00,		40.83,		46.00,				1.12657,				0.76667
582,		32.00,		40.87,		46.00,				1.12546,				0.76667
583,		32.00,		40.87,		44.00,				1.07664,				0.73333
584,		34.00,		40.90,		46.00,				1.12458,				0.76667
585,		34.00,		40.46,		45.00,				1.11226,				0.75000
586,		33.00,		40.71,		46.00,				1.13000,				0.76667
587,		33.00,		40.74,		46.00,				1.12917,				0.76667
588,		34.00,		40.83,		46.00,				1.12668,				0.76667
589,		34.00,		40.92,		46.00,				1.12403,				0.76667
590,		34.00,		40.97,		46.00,				1.12272,				0.76667
591,		34.00,		41.01,		46.00,				1.12157,				0.76667
592,		39.00,		41.01,		46.00,				1.12168,				0.76667
593,		34.00,		40.99,		46.00,				1.12222,				0.76667
594,		34.00,		40.95,		46.00,				1.12338,				0.76667
595,		39.00,		41.02,		46.00,				1.12151,				0.76667
596,		34.00,		40.95,		46.00,				1.12332,				0.76667
597,		34.00,		41.00,		46.00,				1.12190,				0.76667
598,		34.00,		41.81,		45.00,				1.07635,				0.75000
599,		39.00,		41.81,		50.00,				1.19583,				0.83333
600,		34.00,		41.46,		50.00,				1.20592,				0.83333
601,		33.00,		41.16,		45.00,				1.09329,				0.75000
602,		40.00,		41.57,		46.00,				1.10646,				0.76667
603,		35.00,		41.27,		46.00,				1.11456,				0.76667
604,		34.00,		41.14,		46.00,				1.11808,				0.76667
605,		34.00,		41.58,		47.00,				1.13024,				0.78333
606,		34.00,		41.52,		47.00,				1.13209,				0.78333
607,		40.00,		41.77,		47.00,				1.12510,				0.78333
608,		33.00,		41.84,		43.00,				1.02763,				0.71667
609,		40.00,		41.94,		47.00,				1.12054,				0.78333
610,		33.00,		41.93,		47.00,				1.12092,				0.78333
611,		40.00,		41.99,		47.00,				1.11921,				0.78333
612,		40.00,		41.50,		44.00,				1.06034,				0.73333
613,		35.00,		41.71,		47.00,				1.12677,				0.78333
614,		33.00,		41.77,		42.00,				1.00551,				0.70000
615,		33.00,		41.90,		47.00,				1.12166,				0.78333
616,		35.00,		41.94,		47.00,				1.12060,				0.78333
617,		35.00,		42.45,		45.00,				1.06012,				0.75000
618,		40.00,		42.67,		44.00,				1.03117,				0.73333
619,		33.00,		42.26,		46.00,				1.08845,				0.76667
620,		33.00,		42.13,		45.00,				1.06812,				0.75000
621,		33.00,		42.04,		43.00,				1.02293,				0.71667
622,		33.00,		42.00,		43.00,				1.02391,				0.71667
623,		33.00,		42.00,		44.00,				1.04767,				0.73333
624,		35.00,		41.49,		46.00,				1.10881,				0.76667
625,		34.00,		41.25,		46.00,				1.11526,				0.76667
626,		34.00,		41.58,		45.00,				1.08215,				0.75000
627,		33.00,		41.77,		43.00,				1.02945,				0.71667
628,		35.00,		41.90,		45.00,				1.07409,				0.75000
629,		39.00,		41.95,		45.00,				1.07281,				0.75000
630,		34.00,		41.94,		45.00,				1.07291,				0.75000
631,		35.00,		41.95,		45.00,				1.07276,				0.75000
632,		35.00,		41.93,		43.00,				1.02542,				0.71667
633,		35.00,		40.66,		43.00,				1.05760,				0.71667
634,		38.00,		41.94,		48.00,				1.14455,				0.80000
635,		38.00,		40.85,		45.00,				1.10148,				0.75000
636,		30.00,		40.96,		45.00,				1.09853,				0.75000
637,		33.00,		41.98,		44.00,				1.04817,				0.73333
638,		30.00,		40.45,		48.00,				1.18671,				0.80000
639,		39.00,		41.25,		47.00,				1.13939,				0.78333
640,		30.00,		40.97,		47.00,				1.14729,				0.78333
641,		33.00,		41.43,		47.00,				1.13450,				0.78333
642,		35.00,		41.67,		47.00,				1.12786,				0.78333
643,		35.00,		42.29,		48.00,				1.13507,				0.80000
644,		33.00,		42.09,		48.00,				1.14041,				0.80000
645,		33.00,		42.58,		48.00,				1.12729,				0.80000
646,		33.00,		42.22,		48.00,				1.13679,				0.80000
647,		34.00,		42.08,		48.00,				1.14074,				0.80000
648,		39.00,		42.47,		48.00,				1.13016,				0.80000
649,		37.00,		42.24,		45.00,				1.06534,				0.75000
650,		40.00,		42.62,		45.00,				1.05579,				0.75000
651,		33.00,		42.29,		44.00,				1.04044,				0.73333
652,		35.00,		42.11,		44.00,				1.04493,				0.73333
653,		33.00,		40.52,		43.00,				1.06110,				0.71667
654,		30.00,		39.78,		43.00,				1.08084,				0.71667
655,		30.00,		39.59,		43.00,				1.08619,				0.71667
656,		30.00,		39.26,		43.00,				1.09537,				0.71667
657,		30.00,		38.02,		42.00,				1.10457,				0.70000
658,		34.00,		38.54,		42.00,				1.08978,				0.70000
659,		34.00,		38.53,		44.00,				1.14191,				0.73333
660,		32.00,		38.75,		41.00,				1.05817,				0.68333
661,		28.00,		37.83,		40.00,				1.05747,				0.66667
662,		28.00,		37.45,		46.00,				1.22817,				0.76667
663,		30.00,		37.19,		46.00,				1.23696,				0.76667
664,		32.00,		37.12,		39.00,				1.05059,				0.65000
665,		30.00,		37.04,		46.00,				1.24183,				0.76667
666,		30.00,		37.06,		46.00,				1.24110,				0.76667
667,		28.00,		36.96,		46.00,				1.24459,				0.76667
668,		28.00,		36.99,		46.00,				1.24371,				0.76667
669,		28.00,		37.06,		46.00,				1.24130,				0.76667
670,		36.00,		37.03,		46.00,				1.24230,				0.76667
671,		28.00,		36.96,		46.00,				1.24472,				0.76667
672,		28.00,		36.98,		40.00,				1.08167,				0.66667
673,		32.00,		37.02,		46.00,				1.24244,				0.76667
674,		30.00,		37.02,		46.00,				1.24264,				0.76667
675,		30.00,		36.99,		46.00,				1.24365,				0.76667
676,		30.00,		36.97,		45.00,				1.21707,				0.75000
677,		31.00,		36.69,		46.00,				1.25382,				0.76667
678,		29.00,		36.39,		45.00,				1.23647,				0.75000
679,		29.00,		36.67,		45.00,				1.22703,				0.75000
680,		29.00,		36.31,		45.00,				1.23933,				0.75000
681,		29.00,		36.11,		39.00,				1.08015,				0.65000
682,		29.00,		36.06,		39.00,				1.08147,				0.65000
683,		33.00,		36.11,		45.00,				1.24612,				0.75000
684,		29.00,		36.06,		45.00,				1.24806,				0.75000
685,		29.00,		36.02,		45.00,				1.24944,				0.75000
686,		29.00,		36.03,		45.00,				1.24910,				0.75000
687,		34.00,		36.00,		39.00,				1.08333,				0.65000
688,		29.00,		36.18,		39.00,				1.07800,				0.65000
689,		29.00,		36.10,		45.00,				1.24668,				0.75000
690,		29.00,		36.05,		45.00,				1.24834,				0.75000
691,		29.00,		36.03,		39.00,				1.08255,				0.65000
692,		31.00,		36.02,		39.00,				1.08267,				0.65000
693,		34.00,		36.03,		39.00,				1.08255,				0.65000
694,		28.00,		35.59,		45.00,				1.26454,				0.75000
695,		28.00,		35.64,		45.00,				1.26263,				0.75000
696,		30.00,		35.90,		45.00,				1.25334,				0.75000
697,		29.00,		35.92,		39.00,				1.08587,				0.65000
698,		29.00,		35.96,		45.00,				1.25153,				0.75000
699,		29.00,		36.03,		45.00,				1.24910,				0.75000
700,		29.00,		36.01,		45.00,				1.24958,				0.75000
701,		29.00,		36.03,		45.00,				1.24903,				0.75000
702,		31.00,		36.01,		45.00,				1.24951,				0.75000
703,		31.00,		35.97,		38.00,				1.05644,				0.63333
704,		29.00,		35.95,		38.00,				1.05696,				0.63333
705,		29.00,		35.97,		45.00,				1.25118,				0.75000
706,		29.00,		35.98,		45.00,				1.25056,				0.75000
707,		29.00,		35.94,		45.00,				1.25209,				0.75000
708,		29.00,		35.96,		45.00,				1.25146,				0.75000
709,		29.00,		35.99,		45.00,				1.25035,				0.75000
710,		29.00,		36.00,		45.00,				1.25007,				0.75000
711,		29.00,		36.00,		45.00,				1.25000,				0.75000
712,		29.00,		35.99,		45.00,				1.25049,				0.75000
713,		29.00,		36.00,		45.00,				1.25000,				0.75000
714,		29.00,		36.09,		45.00,				1.24681,				0.75000
715,		28.00,		33.66,		45.00,				1.33706,				0.75000
716,		28.00,		35.46,		46.00,				1.29724,				0.76667
717,		28.00,		35.80,		46.00,				1.28484,				0.76667
718,		28.00,		35.98,		45.00,				1.25083,				0.75000
719,		29.00,		35.99,		39.00,				1.08375,				0.65000
720,		29.00,		35.98,		39.00,				1.08394,				0.65000
721,		29.00,		35.99,		45.00,				1.25049,				0.75000
722,		29.00,		35.98,		45.00,				1.25056,				0.75000
723,		29.00,		35.95,		37.00,				1.02921,				0.61667
724,		29.00,		35.95,		37.00,				1.02921,				0.61667
725,		32.00,		35.98,		38.00,				1.05614,				0.63333
726,		29.00,		35.93,		38.00,				1.05773,				0.63333
727,		29.00,		35.96,		37.00,				1.02904,				0.61667
728,		29.00,		35.94,		37.00,				1.02938,				0.61667
729,		31.00,		35.98,		37.00,				1.02841,				0.61667
730,		34.00,		35.99,		37.00,				1.02806,				0.61667
731,		29.00,		35.97,		37.00,				1.02869,				0.61667
732,		29.00,		36.01,		45.00,				1.24972,				0.75000
733,		29.00,		35.98,		45.00,				1.25076,				0.75000
734,		29.00,		35.94,		39.00,				1.08526,				0.65000
735,		29.00,		35.91,		38.00,				1.05808,				0.63333
736,		31.00,		35.92,		39.00,				1.08569,				0.65000
737,		29.00,		35.96,		39.00,				1.08466,				0.65000
738,		29.00,		35.96,		39.00,				1.08454,				0.65000
739,		31.00,		35.98,		39.00,				1.08394,				0.65000
740,		34.00,		35.99,		37.00,				1.02812,				0.61667
741,		33.00,		36.00,		39.00,				1.08339,				0.65000
742,		29.00,		36.02,		45.00,				1.24917,				0.75000
743,		31.00,		35.99,		39.00,				1.08363,				0.65000
744,		29.00,		35.96,		39.00,				1.08454,				0.65000
745,		29.00,		36.49,		40.00,				1.09607,				0.66667
746,		28.00,		36.24,		45.00,				1.24158,				0.75000
747,		29.00,		36.08,		45.00,				1.24723,				0.75000
748,		30.00,		36.38,		39.00,				1.07196,				0.65000
749,		29.00,		34.67,		46.00,				1.32687,				0.76667
750,		31.00,		35.22,		38.00,				1.07899,				0.63333
751,		31.00,		34.64,		45.00,				1.29893,				0.75000
752,		28.00,		35.35,		45.00,				1.27298,				0.75000
753,		29.00,		35.68,		45.00,				1.26114,				0.75000
754,		29.00,		35.83,		45.00,				1.25600,				0.75000
755,		29.00,		35.46,		45.00,				1.26896,				0.75000
756,		32.00,		35.14,		39.00,				1.10978,				0.65000
757,		29.00,		35.60,		45.00,				1.26419,				0.75000
758,		29.00,		35.82,		45.00,				1.25642,				0.75000
759,		29.00,		35.90,		42.00,				1.16979,				0.70000
760,		29.00,		36.15,		45.00,				1.24481,				0.75000
761,		29.00,		36.06,		45.00,				1.24785,				0.75000
762,		30.00,		36.06,		45.00,				1.24806,				0.75000
763,		29.00,		36.10,		45.00,				1.24661,				0.75000
764,		29.00,		36.09,		45.00,				1.24681,				0.75000
765,		29.00,		36.08,		45.00,				1.24709,				0.75000
766,		29.00,		36.09,		45.00,				1.24674,				0.75000
767,		29.00,		36.10,		45.00,				1.24647,				0.75000
768,		29.00,		36.07,		45.00,				1.24757,				0.75000
769,		29.00,		35.56,		45.00,				1.26561,				0.75000
770,		31.00,		35.80,		45.00,				1.25698,				0.75000
771,		28.00,		35.82,		45.00,				1.25614,				0.75000
772,		29.00,		35.41,		44.00,				1.24273,				0.73333
773,		29.00,		35.19,		44.00,				1.25050,				0.73333
774,		30.00,		35.12,		45.00,				1.28132,				0.75000
775,		28.00,		35.01,		45.00,				1.28527,				0.75000
776,		30.00,		35.55,		45.00,				1.26582,				0.75000
777,		29.00,		35.45,		45.00,				1.26954,				0.75000
778,		28.00,		35.73,		45.00,				1.25945,				0.75000
779,		28.00,		35.30,		37.00,				1.04822,				0.61667
780,		28.00,		35.61,		37.00,				1.03898,				0.61667
781,		29.00,		35.77,		37.00,				1.03450,				0.61667
782,		31.00,		35.63,		37.00,				1.03857,				0.61667
783,		29.00,		35.82,		39.00,				1.08866,				0.65000
784,		29.00,		35.89,		37.00,				1.03087,				0.61667
785,		29.00,		35.93,		37.00,				1.02984,				0.61667
786,		29.00,		36.01,		45.00,				1.24979,				0.75000
787,		29.00,		35.95,		38.00,				1.05696,				0.63333
788,		34.00,		36.00,		38.00,				1.05544,				0.63333
789,		29.00,		35.99,		45.00,				1.25035,				0.75000
790,		29.00,		35.98,		45.00,				1.25056,				0.75000
791,		29.00,		35.94,		45.00,				1.25195,				0.75000
792,		29.00,		36.93,		45.00,				1.21846,				0.75000
793,		29.00,		38.05,		48.00,				1.26163,				0.80000
794,		29.00,		38.59,		48.00,				1.24391,				0.80000
795,		29.00,		38.80,		49.00,				1.26295,				0.81667
796,		29.00,		38.87,		48.00,				1.23501,				0.80000
797,		32.00,		38.96,		48.00,				1.23203,				0.80000
798,		32.00,		39.03,		48.00,				1.22976,				0.80000
799,		32.00,		39.01,		48.00,				1.23058,				0.80000
800,		32.00,		39.00,		48.00,				1.23090,				0.80000
801,		32.00,		39.02,		48.00,				1.23014,				0.80000
802,		32.00,		38.51,		48.00,				1.24630,				0.80000
803,		32.00,		38.52,		48.00,				1.24617,				0.80000
804,		32.00,		38.82,		47.00,				1.21072,				0.78333
805,		37.00,		38.52,		48.00,				1.24604,				0.80000
806,		32.00,		38.39,		48.00,				1.25033,				0.80000
807,		35.00,		38.42,		47.00,				1.22319,				0.78333
808,		31.00,		38.22,		47.00,				1.22985,				0.78333
809,		31.00,		38.08,		47.00,				1.23418,				0.78333
810,		31.00,		38.02,		41.00,				1.07827,				0.68333
811,		31.00,		39.00,		49.00,				1.25647,				0.81667
812,		31.00,		39.45,		49.00,				1.24195,				0.81667
813,		32.00,		39.76,		49.00,				1.23227,				0.81667
814,		30.00,		38.80,		47.00,				1.21122,				0.78333
815,		31.00,		38.36,		47.00,				1.22536,				0.78333
816,		31.00,		39.13,		42.00,				1.07329,				0.70000
817,		30.00,		38.46,		42.00,				1.09210,				0.70000
818,		30.00,		38.25,		47.00,				1.22863,				0.78333
819,		31.00,		39.16,		48.00,				1.22587,				0.80000
820,		30.00,		39.22,		48.00,				1.22380,				0.80000
821,		30.00,		39.14,		47.00,				1.20076,				0.78333
822,		30.00,		38.54,		41.00,				1.06383,				0.68333
823,		31.00,		37.93,		47.00,				1.23899,				0.78333
824,		31.00,		38.97,		50.00,				1.28317,				0.83333
825,		33.00,		39.06,		50.00,				1.28008,				0.83333
826,		33.00,		38.53,		40.00,				1.03821,				0.66667
827,		31.00,		38.37,		47.00,				1.22504,				0.78333
828,		31.00,		38.56,		47.00,				1.21875,				0.78333
829,		30.00,		38.80,		49.00,				1.26302,				0.81667
830,		31.00,		38.88,		49.00,				1.26022,				0.81667
831,		32.00,		38.38,		47.00,				1.22460,				0.78333
832,		35.00,		38.73,		48.00,				1.23948,				0.80000
833,		31.00,		38.57,		48.00,				1.24449,				0.80000
834,		31.00,		38.53,		48.00,				1.24572,				0.80000
835,		30.00,		38.86,		48.00,				1.23508,				0.80000
836,		30.00,		38.37,		41.00,				1.06865,				0.68333
837,		31.00,		39.16,		49.00,				1.25115,				0.81667
838,		31.00,		39.60,		49.00,				1.23744,				0.81667
839,		31.00,		38.73,		47.00,				1.21359,				0.78333
840,		31.00,		38.54,		48.00,				1.24546,				0.80000
841,		29.00,		34.77,		45.00,				1.29429,				0.75000
842,		29.00,		36.73,		45.00,				1.22522,				0.75000
843,		30.00,		37.37,		41.00,				1.09725,				0.68333
844,		31.00,		38.30,		48.00,				1.25333,				0.80000
845,		30.00,		38.63,		48.00,				1.24269,				0.80000
846,		31.00,		38.29,		41.00,				1.07078,				0.68333
847,		31.00,		38.23,		44.00,				1.15093,				0.73333
848,		30.00,		38.10,		48.00,				1.25978,				0.80000
849,		30.00,		38.05,		40.00,				1.05130,				0.66667
850,		30.00,		38.03,		39.00,				1.02551,				0.65000
851,		31.00,		37.99,		39.00,				1.02659,				0.65000
852,		31.00,		38.02,		47.00,				1.23613,				0.78333
853,		31.00,		37.98,		40.00,				1.05313,				0.66667
854,		35.00,		38.04,		47.00,				1.23554,				0.78333
855,		31.00,		38.00,		47.00,				1.23697,				0.78333
856,		31.00,		38.03,		47.00,				1.23600,				0.78333
857,		31.00,		38.01,		47.00,				1.23645,				0.78333
858,		31.00,		37.99,		47.00,				1.23710,				0.78333
859,		31.00,		37.95,		39.00,				1.02767,				0.65000
860,		31.00,		37.98,		40.00,				1.05313,				0.66667
861,		32.00,		38.51,		47.00,				1.22053,				0.78333
862,		31.00,		38.22,		47.00,				1.22985,				0.78333
863,		31.00,		38.60,		48.00,				1.24359,				0.80000
864,		31.00,		38.26,		40.00,				1.04548,				0.66667
865,		31.00,		38.12,		47.00,				1.23282,				0.78333
866,		31.00,		38.04,		47.00,				1.23561,				0.78333
867,		31.00,		38.00,		47.00,				1.23671,				0.78333
868,		31.00,		37.96,		47.00,				1.23808,				0.78333
869,		31.00,		37.96,		40.00,				1.05380,				0.66667
870,		31.00,		37.96,		47.00,				1.23815,				0.78333
871,		31.00,		37.97,		40.00,				1.05357,				0.66667
872,		31.00,		37.97,		47.00,				1.23788,				0.78333
873,		30.00,		37.97,		47.00,				1.23782,				0.78333
874,		30.00,		37.95,		39.00,				1.02772,				0.65000
875,		31.00,		37.94,		39.00,				1.02805,				0.65000
876,		31.00,		37.99,		47.00,				1.23723,				0.78333
877,		31.00,		37.98,		47.00,				1.23743,				0.78333
878,		31.00,		38.02,		47.00,				1.23619,				0.78333
879,		33.00,		37.02,		47.00,				1.26972,				0.78333
880,		29.00,		37.50,		47.00,				1.25340,				0.78333
881,		31.00,		36.97,		47.00,				1.27130,				0.78333
882,		31.00,		37.04,		39.00,				1.05292,				0.65000
883,		31.00,		37.52,		40.00,				1.06604,				0.66667
884,		31.00,		37.76,		39.00,				1.03289,				0.65000
885,		31.00,		37.80,		40.00,				1.05831,				0.66667
886,		31.00,		37.89,		47.00,				1.24043,				0.78333
887,		31.00,		37.96,		47.00,				1.23801,				0.78333
888,		35.00,		38.00,		40.00,				1.05274,				0.66667
889,		30.00,		37.97,		40.00,				1.05341,				0.66667
890,		31.00,		37.99,		40.00,				1.05285,				0.66667
891,		31.00,		37.99,		47.00,				1.23730,				0.78333
892,		31.00,		38.01,		47.00,				1.23665,				0.78333
893,		35.00,		38.01,		46.00,				1.21034,				0.76667
894,		31.00,		38.01,		47.00,				1.23658,				0.78333
895,		31.00,		38.04,		47.00,				1.23567,				0.78333
896,		35.00,		38.08,		47.00,				1.23431,				0.78333
897,		31.00,		38.04,		47.00,				1.23548,				0.78333
898,		31.00,		38.06,		47.00,				1.23489,				0.78333
899,		31.00,		38.07,		47.00,				1.23444,				0.78333
900,		31.00,		38.07,		47.00,				1.23470,				0.78333
901,		31.00,		38.03,		47.00,				1.23574,				0.78333
902,		31.00,		38.05,		47.00,				1.23509,				0.78333
903,		31.00,		38.03,		47.00,				1.23574,				0.78333
904,		31.00,		37.49,		47.00,				1.25353,				0.78333
905,		30.00,		37.52,		40.00,				1.06621,				0.66667
906,		30.00,		37.29,		40.00,				1.07256,				0.66667
907,		30.00,		37.68,		40.00,				1.06151,				0.66667
908,		30.00,		37.82,		47.00,				1.24273,				0.78333
909,		30.00,		37.89,		47.00,				1.24030,				0.78333
910,		31.00,		37.98,		47.00,				1.23743,				0.78333
911,		31.00,		38.06,		47.00,				1.23476,				0.78333
912,		31.00,		38.02,		47.00,				1.23613,				0.78333
913,		31.00,		38.00,		47.00,				1.23684,				0.78333
914,		31.00,		37.99,		47.00,				1.23717,				0.78333
915,		31.00,		38.02,		47.00,				1.23632,				0.78333
916,		31.00,		38.01,		47.00,				1.23665,				0.78333
917,		31.00,		38.03,		47.00,				1.23593,				0.78333
918,		31.00,		38.00,		47.00,				1.23691,				0.78333
919,		31.00,		38.01,		47.00,				1.23658,				0.78333
920,		31.00,		38.02,		47.00,				1.23619,				0.78333
921,		31.00,		38.00,		47.00,				1.23678,				0.78333
922,		35.00,		37.99,		39.00,				1.02669,				0.65000
923,		31.00,		37.93,		39.00,				1.02832,				0.65000
924,		31.00,		37.96,		39.00,				1.02740,				0.65000
925,		31.00,		38.23,		41.00,				1.07251,				0.68333
926,		31.00,		38.06,		40.00,				1.05108,				0.66667
927,		31.00,		38.04,		40.00,				1.05158,				0.66667
928,		31.00,		38.02,		47.00,				1.23613,				0.78333
929,		31.00,		37.99,		39.00,				1.02659,				0.65000
930,		31.00,		37.96,		47.00,				1.23801,				0.78333
931,		31.00,		37.87,		39.00,				1.02989,				0.65000
932,		31.00,		37.90,		39.00,				1.02902,				0.65000
933,		31.00,		37.93,		39.00,				1.02810,				0.65000
934,		31.00,		37.95,		47.00,				1.23854,				0.78333
935,		31.00,		37.94,		47.00,				1.23873,				0.78333
936,		31.00,		38.03,		47.00,				1.23580,				0.78333
937,		31.00,		38.07,		47.00,				1.23444,				0.78333
938,		31.00,		38.03,		47.00,				1.23574,				0.78333
939,		31.00,		37.96,		47.00,				1.23801,				0.78333
940,		31.00,		37.94,		47.00,				1.23886,				0.78333
941,		31.00,		37.95,		47.00,				1.23841,				0.78333
942,		31.00,		38.02,		47.00,				1.23606,				0.78333
943,		31.00,		38.08,		47.00,				1.23418,				0.78333
944,		31.00,		38.04,		47.00,				1.23541,				0.78333
945,		31.00,		38.11,		47.00,				1.23321,				0.78333
946,		31.00,		38.04,		47.00,				1.23554,				0.78333
947,		31.00,		38.03,		47.00,				1.23600,				0.78333
948,		31.00,		37.94,		40.00,				1.05419,				0.66667
949,		31.00,		37.98,		40.00,				1.05319,				0.66667
950,		31.00,		37.98,		47.00,				1.23743,				0.78333
951,		31.00,		37.94,		40.00,				1.05424,				0.66667
952,		31.00,		37.93,		47.00,				1.23899,				0.78333
953,		31.00,		37.99,		47.00,				1.23717,				0.78333
954,		31.00,		38.06,		47.00,				1.23502,				0.78333
955,		31.00,		38.01,		47.00,				1.23652,				0.78333
956,		31.00,		37.97,		48.00,				1.26409,				0.80000
957,		31.00,		37.97,		47.00,				1.23795,				0.78333
958,		31.00,		37.98,		40.00,				1.05313,				0.66667
959,		31.00,		37.92,		40.00,				1.05480,				0.66667
960,		31.00,		37.91,		40.00,				1.05519,				0.66667
961,		31.00,		37.97,		47.00,				1.23782,				0.78333
962,		31.00,		37.97,		47.00,				1.23782,				0.78333
963,		36.00,		38.00,		39.00,				1.02626,				0.65000
964,		31.00,		37.97,		40.00,				1.05335,				0.66667
965,		31.00,		37.94,		40.00,				1.05424,				0.66667
966,		31.00,		37.98,		47.00,				1.23743,				0.78333
967,		31.00,		38.03,		47.00,				1.23580,				0.78333
968,		31.00,		38.17,		47.00,				1.23133,				0.78333
969,		35.00,		38.17,		41.00,				1.07425,				0.68333
970,		31.00,		38.11,		47.00,				1.23334,				0.78333
971,		31.00,		38.07,		47.00,				1.23470,				0.78333
972,		31.00,		38.04,		47.00,				1.23561,				0.78333
973,		31.00,		37.98,		47.00,				1.23749,				0.78333
974,		31.00,		37.99,		47.00,				1.23730,				0.78333
975,		31.00,		38.02,		47.00,				1.23613,				0.78333
976,		35.00,		38.03,		47.00,				1.23593,				0.78333
977,		31.00,		37.97,		47.00,				1.23782,				0.78333
978,		31.00,		37.97,		47.00,				1.23782,				0.78333
979,		31.00,		37.98,		39.00,				1.02691,				0.65000
980,		31.00,		37.98,		40.00,				1.05313,				0.66667
981,		28.00,		37.96,		39.00,				1.02751,				0.65000
982,		31.00,		37.97,		39.00,				1.02723,				0.65000
983,		31.00,		37.99,		39.00,				1.02669,				0.65000
984,		36.00,		38.01,		46.00,				1.21014,				0.76667
985,		31.00,		38.00,		39.00,				1.02642,				0.65000
986,		31.00,		37.96,		40.00,				1.05369,				0.66667
987,		35.00,		37.97,		40.00,				1.05357,				0.66667
988,		31.00,		37.96,		40.00,				1.05374,				0.66667
989,		31.00,		37.94,		39.00,				1.02794,				0.65000
990,		31.00,		37.91,		39.00,				1.02881,				0.65000
991,		31.00,		37.94,		47.00,				1.23880,				0.78333
992,		31.00,		38.00,		47.00,				1.23684,				0.78333
993,		31.00,		38.05,		47.00,				1.23509,				0.78333
994,		31.00,		38.03,		47.00,				1.23587,				0.78333
995,		31.00,		37.98,		47.00,				1.23743,				0.78333
996,		31.00,		37.95,		47.00,				1.23841,				0.78333
997,		31.00,		37.98,		47.00,				1.23756,				0.78333
998,		31.00,		38.00,		47.00,				1.23691,				0.78333
999,		31.00,		38.00,		47.00,				1.23691,				0.78333
