RANDOM_SEED, 1698986907
GEN,		MIN,			AVE,			MAX,
0,		-22.00,		-2.79,		12.00,
1,		-22.00,		-1.25,		15.00,
2,		-21.00,		-0.25,		15.00,
3,		-17.00,		-1.23,		12.00,
4,		-15.00,		-0.34,		13.00,
5,		-16.00,		-1.12,		13.00,
6,		-16.00,		-1.37,		13.00,
7,		-16.00,		-1.42,		11.00,
8,		-12.00,		-1.90,		11.00,
9,		-12.00,		-1.74,		15.00,
10,		-13.00,		-2.91,		2.00,
11,		-13.00,		-2.64,		2.00,
12,		-13.00,		-2.88,		2.00,
13,		-12.00,		-3.41,		1.00,
14,		-6.00,		-2.63,		9.00,
15,		-7.00,		-3.23,		7.00,
16,		-7.00,		-3.71,		0.00,
17,		-7.00,		-2.98,		0.00,
18,		-7.00,		-4.00,		-1.00,
19,		-8.00,		-4.52,		-1.00,
20,		-7.00,		-3.23,		-1.00,
21,		-7.00,		-4.08,		-1.00,
22,		-7.00,		-3.79,		8.00,
23,		-12.00,		-3.48,		-1.00,
24,		-12.00,		-3.22,		8.00,
25,		-12.00,		-2.65,		9.00,
26,		-11.00,		-4.54,		0.00,
27,		-11.00,		-3.21,		2.00,
28,		-16.00,		-2.64,		9.00,
29,		-16.00,		-3.07,		1.00,
30,		-7.00,		-2.54,		2.00,
31,		-7.00,		-2.91,		9.00,
32,		-7.00,		-2.47,		9.00,
33,		-7.00,		-2.17,		9.00,
34,		-7.00,		-2.15,		9.00,
35,		-7.00,		-2.09,		1.00,
36,		-7.00,		-2.00,		9.00,
37,		-7.00,		-1.99,		9.00,
38,		-11.00,		-1.99,		9.00,
39,		-11.00,		-1.92,		9.00,
40,		-11.00,		-2.08,		0.00,
41,		-11.00,		-2.03,		1.00,
42,		-11.00,		-2.03,		9.00,
43,		-11.00,		-2.02,		1.00,
44,		-11.00,		-1.99,		9.00,
45,		-11.00,		-2.02,		1.00,
46,		-5.00,		-2.00,		9.00,
47,		-11.00,		-2.02,		1.00,
48,		-11.00,		-2.00,		-1.00,
49,		-11.00,		-1.99,		9.00,
50,		-11.00,		-2.04,		9.00,
51,		-5.00,		-1.97,		1.00,
52,		-5.00,		-1.94,		9.00,
53,		-10.00,		-1.52,		2.00,
54,		-10.00,		-1.73,		9.00,
55,		-11.00,		-1.85,		2.00,
56,		-11.00,		-1.65,		11.00,
57,		-11.00,		-1.76,		1.00,
58,		-11.00,		-1.84,		2.00,
59,		-11.00,		-1.93,		9.00,
60,		-11.00,		-3.26,		9.00,
61,		-11.00,		-2.62,		1.00,
62,		-11.00,		-3.79,		6.00,
63,		-8.00,		-4.41,		6.00,
64,		-8.00,		-3.21,		1.00,
65,		-11.00,		-2.57,		6.00,
66,		-11.00,		-2.29,		9.00,
67,		-11.00,		-2.13,		9.00,
68,		-11.00,		-2.03,		9.00,
69,		-11.00,		-1.97,		9.00,
70,		-11.00,		-1.99,		1.00,
71,		-11.00,		-3.48,		1.00,
72,		-5.00,		-2.73,		9.00,
73,		-8.00,		-4.00,		1.00,
74,		-6.00,		-3.04,		9.00,
75,		-5.00,		-2.56,		9.00,
76,		-5.00,		-2.25,		1.00,
77,		-5.00,		-2.14,		1.00,
78,		-5.00,		-2.08,		9.00,
79,		-11.00,		-2.08,		9.00,
80,		-11.00,		-2.02,		6.00,
81,		-11.00,		-2.01,		9.00,
82,		-11.00,		-3.45,		9.00,
83,		-11.00,		-4.19,		6.00,
84,		-6.00,		-4.55,		6.00,
85,		-8.00,		-4.66,		6.00,
86,		-8.00,		-4.84,		6.00,
87,		-8.00,		-4.91,		6.00,
88,		-8.00,		-4.95,		-2.00,
89,		-8.00,		-4.91,		6.00,
90,		-8.00,		-4.93,		6.00,
91,		-8.00,		-4.95,		-2.00,
92,		-8.00,		-4.94,		-2.00,
93,		-8.00,		-4.94,		-2.00,
94,		-8.00,		-4.99,		-2.00,
95,		-6.00,		-4.94,		6.00,
96,		-8.00,		-4.98,		-2.00,
97,		-8.00,		-4.94,		-2.00,
98,		-8.00,		-4.91,		6.00,
99,		-8.00,		-4.95,		6.00,
100,		-8.00,		-4.95,		6.00,
101,		-8.00,		-4.97,		-2.00,
102,		-8.00,		-4.96,		-2.00,
103,		-8.00,		-4.99,		-2.00,
104,		-8.00,		-4.97,		-2.00,
105,		-8.00,		-4.93,		6.00,
106,		-6.00,		-4.93,		6.00,
107,		-8.00,		-4.96,		6.00,
108,		-8.00,		-4.94,		6.00,
109,		-8.00,		-4.97,		-2.00,
110,		-8.00,		-4.93,		6.00,
111,		-8.00,		-3.64,		6.00,
112,		-6.00,		-4.53,		6.00,
113,		-8.00,		-4.84,		6.00,
114,		-8.00,		-4.94,		-1.00,
115,		-8.00,		-4.98,		-2.00,
116,		-8.00,		-4.97,		-2.00,
117,		-8.00,		-4.96,		-2.00,
118,		-8.00,		-4.93,		7.00,
119,		-8.00,		-4.95,		6.00,
120,		-8.00,		-4.93,		6.00,
121,		-8.00,		-4.97,		-2.00,
122,		-8.00,		-4.96,		6.00,
123,		-8.00,		-4.93,		6.00,
124,		-8.00,		-4.95,		6.00,
125,		-8.00,		-4.96,		-2.00,
126,		-8.00,		-4.99,		-3.00,
127,		-8.00,		-4.98,		-2.00,
128,		-8.00,		-4.97,		-2.00,
129,		-6.00,		-4.93,		6.00,
130,		-6.00,		-4.96,		6.00,
131,		-6.00,		-4.91,		6.00,
132,		-6.00,		-4.93,		6.00,
133,		-6.00,		-4.19,		6.00,
134,		-6.00,		-3.71,		0.00,
135,		-8.00,		-4.35,		-1.00,
136,		-6.00,		-3.66,		0.00,
137,		-8.00,		-4.31,		0.00,
138,		-8.00,		-4.63,		6.00,
139,		-8.00,		-4.80,		6.00,
140,		-7.00,		-4.81,		6.00,
141,		-5.00,		-3.84,		8.00,
142,		-8.00,		-4.15,		0.00,
143,		-8.00,		-4.53,		6.00,
144,		-6.00,		-3.34,		1.00,
145,		-9.00,		-4.16,		6.00,
146,		-6.00,		-3.18,		1.00,
147,		-8.00,		-4.11,		1.00,
148,		-6.00,		-3.02,		1.00,
149,		-5.00,		-2.69,		1.00,
150,		-6.00,		-3.55,		9.00,
151,		-8.00,		-4.29,		-1.00,
152,		-8.00,		-4.59,		-1.00,
153,		-8.00,		-4.81,		-1.00,
154,		-9.00,		-3.62,		9.00,
155,		-9.00,		-4.25,		6.00,
156,		-6.00,		-4.67,		6.00,
157,		-6.00,		-3.85,		0.00,
158,		-8.00,		-4.43,		-1.00,
159,		-8.00,		-4.67,		-2.00,
160,		-8.00,		-4.81,		6.00,
161,		-8.00,		-4.90,		-2.00,
162,		-8.00,		-4.95,		-2.00,
163,		-8.00,		-4.94,		-2.00,
164,		-8.00,		-4.89,		6.00,
165,		-8.00,		-4.73,		6.00,
166,		-8.00,		-4.92,		-2.00,
167,		-8.00,		-4.92,		-2.00,
168,		-8.00,		-4.94,		6.00,
169,		-8.00,		-4.97,		-2.00,
170,		-6.00,		-4.64,		-2.00,
171,		-8.00,		-4.80,		-2.00,
172,		-6.00,		-4.61,		6.00,
173,		-6.00,		-4.75,		6.00,
174,		-6.00,		-4.86,		6.00,
175,		-6.00,		-4.83,		6.00,
176,		-8.00,		-4.95,		-2.00,
177,		-8.00,		-4.94,		6.00,
178,		-6.00,		-4.97,		-2.00,
179,		-8.00,		-4.95,		6.00,
180,		-6.00,		-4.92,		6.00,
181,		-6.00,		-4.96,		-2.00,
182,		-6.00,		-4.86,		6.00,
183,		-6.00,		-4.96,		-2.00,
184,		-6.00,		-4.92,		6.00,
185,		-8.00,		-4.94,		6.00,
186,		-6.00,		-4.96,		-2.00,
187,		-6.00,		-4.96,		-2.00,
188,		-6.00,		-4.47,		-1.00,
189,		-6.00,		-4.23,		-1.00,
190,		-6.00,		-4.51,		-1.00,
191,		-6.00,		-4.17,		5.00,
192,		-6.00,		-4.02,		5.00,
193,		-6.00,		-3.97,		5.00,
194,		-7.00,		-4.02,		-2.00,
195,		-7.00,		-3.98,		5.00,
196,		-7.00,		-3.96,		5.00,
197,		-8.00,		-4.49,		5.00,
198,		-8.00,		-4.24,		5.00,
199,		-8.00,		-4.62,		5.00,
200,		-8.00,		-4.68,		-2.00,
201,		-8.00,		-4.87,		-2.00,
202,		-8.00,		-4.95,		-3.00,
203,		-8.00,		-4.97,		4.00,
204,		-8.00,		-4.96,		4.00,
205,		-7.00,		-4.97,		4.00,
206,		-8.00,		-4.94,		4.00,
207,		-8.00,		-4.94,		4.00,
208,		-8.00,		-4.97,		4.00,
209,		-8.00,		-3.96,		6.00,
210,		-8.00,		-4.56,		-1.00,
211,		-7.00,		-3.78,		-2.00,
212,		-7.00,		-4.36,		-2.00,
213,		-8.00,		-3.62,		6.00,
214,		-8.00,		-4.31,		6.00,
215,		-8.00,		-3.62,		6.00,
216,		-8.00,		-4.21,		4.00,
217,		-8.00,		-3.62,		4.00,
218,		-8.00,		-3.50,		-1.00,
219,		-6.00,		-4.21,		0.00,
220,		-6.00,		-4.24,		6.00,
221,		-8.00,		-4.65,		6.00,
222,		-8.00,		-4.82,		-1.00,
223,		-8.00,		-4.86,		6.00,
224,		-8.00,		-4.93,		0.00,
225,		-8.00,		-4.97,		-2.00,
226,		-8.00,		-4.97,		4.00,
227,		-6.00,		-4.95,		4.00,
228,		-6.00,		-4.98,		-2.00,
229,		-6.00,		-4.99,		-2.00,
230,		-8.00,		-4.97,		4.00,
231,		-7.00,		-5.09,		5.00,
232,		-8.00,		-5.07,		-2.00,
233,		-8.00,		-5.04,		4.00,
234,		-7.00,		-4.99,		4.00,
235,		-7.00,		-5.02,		-2.00,
236,		-7.00,		-4.98,		4.00,
237,		-7.00,		-4.95,		0.00,
238,		-8.00,		-4.96,		4.00,
239,		-8.00,		-4.98,		4.00,
240,		-8.00,		-5.00,		4.00,
241,		-8.00,		-4.96,		4.00,
242,		-8.00,		-4.99,		4.00,
243,		-8.00,		-5.30,		5.00,
244,		-8.00,		-5.18,		-3.00,
245,		-8.00,		-5.58,		-3.00,
246,		-9.00,		-5.58,		-3.00,
247,		-9.00,		-5.73,		5.00,
248,		-9.00,		-5.86,		5.00,
249,		-9.00,		-5.87,		5.00,
250,		-8.00,		-5.93,		-3.00,
251,		-8.00,		-5.97,		-4.00,
252,		-9.00,		-5.96,		5.00,
253,		-9.00,		-5.48,		5.00,
254,		-10.00,		-5.31,		5.00,
255,		-10.00,		-5.13,		5.00,
256,		-9.00,		-5.50,		6.00,
257,		-10.00,		-5.29,		-2.00,
258,		-10.00,		-5.13,		6.00,
259,		-10.00,		-5.06,		6.00,
260,		-10.00,		-5.02,		-2.00,
261,		-7.00,		-4.95,		6.00,
262,		-7.00,		-4.95,		6.00,
263,		-10.00,		-4.98,		6.00,
264,		-7.00,		-4.96,		-2.00,
265,		-10.00,		-4.96,		-2.00,
266,		-10.00,		-4.96,		6.00,
267,		-10.00,		-4.97,		6.00,
268,		-6.00,		-4.94,		6.00,
269,		-6.00,		-4.92,		6.00,
270,		-10.00,		-4.95,		6.00,
271,		-10.00,		-4.98,		6.00,
272,		-6.00,		-4.99,		-2.00,
273,		-10.00,		-4.99,		-2.00,
274,		-6.00,		-4.97,		6.00,
275,		-10.00,		-4.95,		6.00,
276,		-10.00,		-4.94,		6.00,
277,		-10.00,		-4.98,		6.00,
278,		-10.00,		-4.98,		6.00,
279,		-10.00,		-4.96,		6.00,
280,		-6.00,		-4.95,		6.00,
281,		-10.00,		-4.96,		-1.00,
282,		-10.00,		-4.91,		6.00,
283,		-10.00,		-4.92,		6.00,
284,		-10.00,		-4.66,		6.00,
285,		-10.00,		-3.84,		8.00,
286,		-10.00,		-4.23,		10.00,
287,		-10.00,		-3.67,		8.00,
288,		-10.00,		-3.95,		8.00,
289,		-6.00,		-4.22,		8.00,
290,		-5.00,		-3.75,		8.00,
291,		-7.00,		-4.35,		6.00,
292,		-7.00,		-4.71,		-1.00,
293,		-7.00,		-4.20,		-2.00,
294,		-7.00,		-4.66,		-2.00,
295,		-7.00,		-4.64,		-1.00,
296,		-10.00,		-4.85,		-2.00,
297,		-7.00,		-4.86,		6.00,
298,		-10.00,		-4.95,		-2.00,
299,		-10.00,		-4.96,		-2.00,
300,		-10.00,		-4.98,		-2.00,
301,		-10.00,		-4.95,		6.00,
302,		-10.00,		-4.96,		6.00,
303,		-10.00,		-4.97,		6.00,
304,		-10.00,		-4.95,		6.00,
305,		-10.00,		-4.98,		-2.00,
306,		-6.00,		-4.98,		-2.00,
307,		-10.00,		-4.98,		-2.00,
308,		-10.00,		-4.96,		-2.00,
309,		-10.00,		-4.99,		-2.00,
310,		-10.00,		-4.96,		6.00,
311,		-10.00,		-4.97,		-2.00,
312,		-11.00,		-7.46,		-2.00,
313,		-12.00,		-6.35,		-1.00,
314,		-11.00,		-6.32,		-1.00,
315,		-13.00,		-5.51,		-1.00,
316,		-10.00,		-5.31,		6.00,
317,		-10.00,		-5.21,		-3.00,
318,		-10.00,		-5.17,		-2.00,
319,		-10.00,		-5.16,		-3.00,
320,		-10.00,		-7.55,		6.00,
321,		-13.00,		-6.42,		-1.00,
322,		-10.00,		-5.81,		-3.00,
323,		-11.00,		-5.52,		-2.00,
324,		-10.00,		-5.23,		-2.00,
325,		-10.00,		-5.17,		-2.00,
326,		-10.00,		-5.07,		6.00,
327,		-10.00,		-5.03,		6.00,
328,		-10.00,		-4.98,		6.00,
329,		-13.00,		-3.52,		1.00,
330,		-10.00,		-4.21,		9.00,
331,		-10.00,		-4.57,		6.00,
332,		-10.00,		-4.81,		0.00,
333,		-10.00,		-4.89,		6.00,
334,		-13.00,		-4.26,		0.00,
335,		-12.00,		-2.61,		1.00,
336,		-7.00,		-1.99,		1.00,
337,		-12.00,		-2.99,		10.00,
338,		-6.00,		-3.49,		7.00,
339,		-5.00,		-3.68,		10.00,
340,		-9.00,		-3.86,		7.00,
341,		-9.00,		-3.92,		7.00,
342,		-9.00,		-3.96,		-1.00,
343,		-5.00,		-3.95,		7.00,
344,		-9.00,		-4.01,		-2.00,
345,		-9.00,		-3.98,		-1.00,
346,		-9.00,		-4.00,		7.00,
347,		-9.00,		-4.00,		7.00,
348,		-9.00,		-3.90,		8.00,
349,		-9.00,		1.56,		10.00,
350,		-9.00,		1.48,		9.00,
351,		-9.00,		-1.75,		10.00,
352,		-9.00,		-3.31,		7.00,
353,		-9.00,		-3.64,		7.00,
354,		-9.00,		-4.14,		7.00,
355,		-9.00,		-4.08,		7.00,
356,		-5.00,		-3.96,		7.00,
357,		-5.00,		-3.93,		7.00,
358,		-9.00,		-4.52,		-2.00,
359,		-6.00,		-4.71,		-1.00,
360,		-6.00,		-4.86,		-2.00,
361,		-6.00,		-4.36,		7.00,
362,		-7.00,		-4.66,		6.00,
363,		-8.00,		-4.77,		6.00,
364,		-8.00,		-4.83,		6.00,
365,		-8.00,		-4.76,		-1.00,
366,		-8.00,		-5.39,		5.00,
367,		-8.00,		-4.79,		7.00,
368,		-7.00,		-5.41,		5.00,
369,		-7.00,		-5.76,		-1.00,
370,		-7.00,		-5.34,		-2.00,
371,		-7.00,		-5.61,		-2.00,
372,		-7.00,		-5.82,		-3.00,
373,		-9.00,		-5.14,		-1.00,
374,		-9.00,		-4.60,		-1.00,
375,		-8.00,		-4.62,		-1.00,
376,		-7.00,		-5.31,		7.00,
377,		-7.00,		-5.35,		-3.00,
378,		-7.00,		-5.67,		-1.00,
379,		-7.00,		-5.82,		-3.00,
380,		-7.00,		-5.38,		-2.00,
381,		-6.00,		-5.18,		-2.00,
382,		-7.00,		-5.07,		-2.00,
383,		-6.00,		-5.03,		-3.00,
384,		-6.00,		-4.99,		4.00,
385,		-6.00,		-4.94,		4.00,
386,		-6.00,		-4.95,		4.00,
387,		-6.00,		-4.96,		-2.00,
388,		-6.00,		-4.95,		4.00,
389,		-6.00,		-4.98,		-2.00,
390,		-6.00,		-4.98,		-2.00,
391,		-6.00,		-4.99,		-2.00,
392,		-6.00,		-4.99,		-2.00,
393,		-7.00,		-5.48,		-2.00,
394,		-7.00,		-5.26,		-2.00,
395,		-7.00,		-5.51,		-2.00,
396,		-9.00,		-5.43,		4.00,
397,		-9.00,		-4.72,		4.00,
398,		-6.00,		-4.87,		4.00,
399,		-6.00,		-4.91,		4.00,
400,		-7.00,		-5.49,		-1.00,
401,		-7.00,		-5.49,		3.00,
402,		-7.00,		-5.24,		4.00,
403,		-9.00,		-5.40,		5.00,
404,		-9.00,		-5.44,		4.00,
405,		-7.00,		-5.54,		-3.00,
406,		-9.00,		-5.75,		-3.00,
407,		-8.00,		-5.67,		3.00,
408,		-7.00,		-5.84,		-3.00,
409,		-9.00,		-5.94,		3.00,
410,		-7.00,		-5.97,		-3.00,
411,		-7.00,		-5.98,		-3.00,
412,		-7.00,		-5.96,		-3.00,
413,		-8.00,		-5.95,		3.00,
414,		-7.00,		-5.95,		3.00,
415,		-9.00,		-5.93,		3.00,
416,		-9.00,		-5.95,		3.00,
417,		-9.00,		-5.96,		-1.00,
418,		-8.00,		-5.98,		-3.00,
419,		-9.00,		-5.97,		3.00,
420,		-9.00,		-6.01,		3.00,
421,		-9.00,		-5.97,		3.00,
422,		-8.00,		-5.96,		3.00,
423,		-9.00,		-5.97,		3.00,
424,		-9.00,		-6.00,		-3.00,
425,		-7.00,		-5.98,		-3.00,
426,		-8.00,		-5.96,		-3.00,
427,		-8.00,		-5.99,		-3.00,
428,		-9.00,		-5.97,		3.00,
429,		-9.00,		-5.98,		-3.00,
430,		-9.00,		-5.98,		-3.00,
431,		-9.00,		-5.96,		3.00,
432,		-9.00,		-5.98,		-4.00,
433,		-9.00,		-5.97,		3.00,
434,		-8.00,		-5.46,		4.00,
435,		-7.00,		-5.23,		4.00,
436,		-8.00,		-5.52,		4.00,
437,		-8.00,		-5.47,		-2.00,
438,		-8.00,		-5.18,		-2.00,
439,		-8.00,		-5.10,		-2.00,
440,		-8.00,		-5.01,		4.00,
441,		-8.00,		-5.02,		-2.00,
442,		-8.00,		-4.98,		-2.00,
443,		-8.00,		-4.99,		-2.00,
444,		-8.00,		-4.99,		-2.00,
445,		-8.00,		-5.00,		-2.00,
446,		-8.00,		-5.02,		-2.00,
447,		-8.00,		-4.15,		-1.00,
448,		-8.00,		-4.56,		-1.00,
449,		-8.00,		-4.70,		-2.00,
450,		-8.00,		-3.35,		4.00,
451,		-8.00,		-2.98,		-1.00,
452,		-6.00,		-2.52,		1.00,
453,		-8.00,		-2.42,		0.00,
454,		-8.00,		-3.70,		1.00,
455,		-8.00,		-4.36,		4.00,
456,		-8.00,		-4.71,		4.00,
457,		-7.00,		-4.87,		1.00,
458,		-8.00,		-4.95,		4.00,
459,		-6.00,		-4.96,		4.00,
460,		-8.00,		-4.97,		4.00,
461,		-8.00,		-5.01,		4.00,
462,		-8.00,		-4.99,		4.00,
463,		-8.00,		-5.00,		-3.00,
464,		-8.00,		-4.96,		4.00,
465,		-8.00,		-5.02,		-2.00,
466,		-8.00,		-4.98,		4.00,
467,		-8.00,		-5.02,		-2.00,
468,		-8.00,		-5.00,		-2.00,
469,		-8.00,		-4.99,		-2.00,
470,		-8.00,		-5.00,		-2.00,
471,		-8.00,		-4.99,		-2.00,
472,		-8.00,		-4.97,		4.00,
473,		-8.00,		-4.97,		4.00,
474,		-7.00,		-5.50,		-2.00,
475,		-7.00,		-5.55,		-2.00,
476,		-9.00,		-5.79,		-2.00,
477,		-8.00,		-5.40,		-2.00,
478,		-8.00,		-5.45,		3.00,
479,		-8.00,		-5.18,		4.00,
480,		-7.00,		-5.55,		3.00,
481,		-9.00,		-5.53,		4.00,
482,		-9.00,		-5.76,		3.00,
483,		-9.00,		-5.32,		3.00,
484,		-9.00,		-5.19,		4.00,
485,		-8.00,		-5.05,		4.00,
486,		-8.00,		-5.03,		-2.00,
487,		-8.00,		-4.99,		-1.00,
488,		-8.00,		-4.97,		-1.00,
489,		-8.00,		-4.97,		-2.00,
490,		-8.00,		-4.94,		4.00,
491,		-8.00,		-4.95,		4.00,
492,		-8.00,		-4.97,		4.00,
493,		-8.00,		-4.98,		-2.00,
494,		-6.00,		-4.97,		4.00,
495,		-8.00,		-4.99,		4.00,
496,		-8.00,		-4.99,		-2.00,
497,		-8.00,		-5.00,		-2.00,
498,		-8.00,		-5.00,		4.00,
499,		-8.00,		-5.00,		4.00,
500,		-8.00,		-4.99,		4.00,
501,		-8.00,		-5.01,		-2.00,
502,		-8.00,		-4.96,		4.00,
503,		-7.00,		-4.94,		4.00,
504,		-8.00,		-4.99,		4.00,
505,		-8.00,		-4.97,		5.00,
506,		-8.00,		-5.00,		-2.00,
507,		-8.00,		-4.97,		4.00,
508,		-8.00,		-5.01,		4.00,
509,		-8.00,		-5.02,		-2.00,
510,		-8.00,		-5.00,		-2.00,
511,		-8.00,		-4.96,		-2.00,
512,		-7.00,		-4.93,		4.00,
513,		-8.00,		-4.99,		-2.00,
514,		-8.00,		-4.98,		3.00,
515,		-8.00,		-5.01,		-2.00,
516,		-8.00,		-5.00,		-2.00,
517,		-8.00,		-5.02,		-4.00,
518,		-8.00,		-5.00,		4.00,
519,		-8.00,		-5.02,		-2.00,
520,		-8.00,		-5.02,		-4.00,
521,		-6.00,		-4.98,		4.00,
522,		-8.00,		-4.96,		4.00,
523,		-8.00,		-4.98,		4.00,
524,		-9.00,		-5.03,		-4.00,
525,		-8.00,		-5.05,		-3.00,
526,		-8.00,		-5.01,		-2.00,
527,		-8.00,		-5.00,		-2.00,
528,		-8.00,		-4.97,		4.00,
529,		-8.00,		-5.46,		4.00,
530,		-6.00,		-5.68,		3.00,
531,		-9.00,		-5.78,		3.00,
532,		-7.00,		-5.87,		3.00,
533,		-9.00,		-5.83,		3.00,
534,		-7.00,		-5.40,		-2.00,
535,		-9.00,		-5.71,		-3.00,
536,		-9.00,		-5.37,		-2.00,
537,		-9.00,		-5.67,		3.00,
538,		-9.00,		-5.85,		-4.00,
539,		-9.00,		-5.95,		-3.00,
540,		-9.00,		-5.94,		3.00,
541,		-9.00,		-5.97,		-3.00,
542,		-9.00,		-5.98,		-3.00,
543,		-9.00,		-6.00,		3.00,
544,		-10.00,		-6.63,		3.00,
545,		-9.00,		-6.32,		-3.00,
546,		-10.00,		-6.68,		-3.00,
547,		-10.00,		-6.45,		-4.00,
548,		-10.00,		-6.74,		2.00,
549,		-10.00,		-6.36,		3.00,
550,		-10.00,		-6.66,		3.00,
551,		-10.00,		-6.34,		3.00,
552,		-10.00,		-6.68,		-3.00,
553,		-10.00,		-6.35,		-3.00,
554,		-10.00,		-6.51,		-3.00,
555,		-10.00,		-6.68,		-3.00,
556,		-10.00,		-6.82,		2.00,
557,		-10.00,		-6.87,		2.00,
558,		-10.00,		-6.96,		-4.00,
559,		-10.00,		-6.92,		2.00,
560,		-10.00,		-6.90,		2.00,
561,		-10.00,		-6.94,		2.00,
562,		-10.00,		-6.97,		2.00,
563,		-10.00,		-6.96,		-4.00,
564,		-10.00,		-6.95,		-4.00,
565,		-10.00,		-6.98,		-4.00,
566,		-11.00,		-6.98,		2.00,
567,		-10.00,		-6.99,		-4.00,
568,		-10.00,		-6.98,		-4.00,
569,		-10.00,		-6.97,		2.00,
570,		-10.00,		-6.99,		-3.00,
571,		-10.00,		-6.96,		2.00,
572,		-10.00,		-6.94,		2.00,
573,		-10.00,		-6.96,		-4.00,
574,		-10.00,		-6.96,		2.00,
575,		-10.00,		-7.01,		2.00,
576,		-10.00,		-6.96,		2.00,
577,		-10.00,		-6.99,		-4.00,
578,		-10.00,		-6.95,		-4.00,
579,		-8.00,		-6.95,		-4.00,
580,		-10.00,		-6.98,		-4.00,
581,		-10.00,		-6.94,		2.00,
582,		-10.00,		-6.96,		2.00,
583,		-11.00,		-6.99,		-4.00,
584,		-11.00,		-7.00,		-4.00,
585,		-11.00,		-7.00,		-4.00,
586,		-10.00,		-7.02,		-4.00,
587,		-10.00,		-6.99,		-4.00,
588,		-10.00,		-6.97,		2.00,
589,		-11.00,		-6.95,		2.00,
590,		-10.00,		-6.99,		2.00,
591,		-10.00,		-7.04,		-5.00,
592,		-10.00,		-7.00,		-4.00,
593,		-10.00,		-6.98,		2.00,
594,		-10.00,		-7.00,		2.00,
595,		-10.00,		-7.03,		-4.00,
596,		-11.00,		-6.99,		2.00,
597,		-10.00,		-6.97,		-4.00,
598,		-10.00,		-6.98,		2.00,
599,		-10.00,		-6.96,		2.00,
600,		-10.00,		-6.96,		2.00,
601,		-10.00,		-7.00,		-4.00,
602,		-10.00,		-7.01,		-4.00,
603,		-10.00,		-7.03,		-4.00,
604,		-10.00,		-6.98,		-4.00,
605,		-10.00,		-7.00,		-4.00,
606,		-10.00,		-6.95,		2.00,
607,		-8.00,		-6.95,		2.00,
608,		-10.00,		-6.98,		-4.00,
609,		-10.00,		-6.95,		2.00,
610,		-10.00,		-6.97,		2.00,
611,		-10.00,		-7.00,		-4.00,
612,		-10.00,		-6.98,		-4.00,
613,		-10.00,		-6.98,		-4.00,
614,		-8.00,		-6.97,		-4.00,
615,		-10.00,		-6.97,		-4.00,
616,		-10.00,		-6.96,		-4.00,
617,		-10.00,		-6.99,		-4.00,
618,		-13.00,		-8.43,		2.00,
619,		-13.00,		-8.19,		2.00,
620,		-11.00,		-7.55,		2.00,
621,		-11.00,		-7.34,		-5.00,
622,		-10.00,		-7.17,		2.00,
623,		-10.00,		-7.07,		-4.00,
624,		-10.00,		-7.00,		-4.00,
625,		-10.00,		-7.00,		-3.00,
626,		-10.00,		-7.00,		-4.00,
627,		-8.00,		-6.98,		-4.00,
628,		-10.00,		-7.02,		-4.00,
629,		-10.00,		-7.02,		-4.00,
630,		-10.00,		-6.99,		-4.00,
631,		-10.00,		-7.03,		-5.00,
632,		-10.00,		-7.00,		2.00,
633,		-10.00,		-7.01,		-4.00,
634,		-10.00,		-7.01,		-4.00,
635,		-10.00,		-7.00,		-4.00,
636,		-10.00,		-6.98,		-4.00,
637,		-11.00,		-6.96,		2.00,
638,		-11.00,		-6.99,		-4.00,
639,		-11.00,		-7.01,		-4.00,
640,		-11.00,		-7.02,		-4.00,
641,		-11.00,		-7.02,		-4.00,
642,		-10.00,		-7.00,		2.00,
643,		-10.00,		-6.99,		2.00,
644,		-11.00,		-7.01,		-4.00,
645,		-10.00,		-7.00,		-4.00,
646,		-10.00,		-7.02,		-4.00,
647,		-10.00,		-7.00,		2.00,
648,		-10.00,		-7.00,		-4.00,
649,		-8.00,		-6.99,		-5.00,
650,		-10.00,		-6.98,		2.00,
651,		-10.00,		-6.93,		2.00,
652,		-10.00,		-7.00,		-4.00,
653,		-10.00,		-7.00,		-4.00,
654,		-10.00,		-5.99,		-2.00,
655,		-10.00,		-6.50,		2.00,
656,		-10.00,		-6.17,		2.00,
657,		-10.00,		-5.62,		0.00,
658,		-10.00,		-5.46,		-2.00,
659,		-10.00,		-5.25,		-3.00,
660,		-8.00,		-5.10,		2.00,
661,		-7.00,		-5.08,		-2.00,
662,		-8.00,		-5.04,		-2.00,
663,		-8.00,		-5.03,		0.00,
664,		-8.00,		-5.00,		0.00,
665,		-8.00,		-4.97,		0.00,
666,		-8.00,		-5.01,		0.00,
667,		-8.00,		-5.03,		0.00,
668,		-8.00,		-5.02,		-2.00,
669,		-8.00,		-4.99,		0.00,
670,		-8.00,		-5.00,		0.00,
671,		-8.00,		-5.03,		-2.00,
672,		-8.00,		-5.03,		-3.00,
673,		-8.00,		-4.98,		-2.00,
674,		-6.00,		-3.99,		-2.00,
675,		-8.00,		-4.01,		0.00,
676,		-8.00,		-3.62,		0.00,
677,		-8.00,		-4.25,		0.00,
678,		-8.00,		-4.10,		0.00,
679,		-8.00,		-3.55,		0.00,
680,		-6.00,		-3.74,		1.00,
681,		-7.00,		-3.42,		1.00,
682,		-6.00,		-3.19,		1.00,
683,		-7.00,		-3.61,		0.00,
684,		-7.00,		-3.31,		0.00,
685,		-6.00,		-3.21,		0.00,
686,		-6.00,		-3.11,		0.00,
687,		-9.00,		-3.05,		0.00,
688,		-6.00,		-3.52,		1.00,
689,		-7.00,		-3.80,		1.00,
690,		-7.00,		-3.89,		0.00,
691,		-7.00,		-3.95,		0.00,
692,		-7.00,		-4.00,		-3.00,
693,		-7.00,		-3.99,		1.00,
694,		-7.00,		-4.01,		-1.00,
695,		-7.00,		-4.02,		-1.00,
696,		-7.00,		-4.00,		-1.00,
697,		-6.00,		-3.98,		1.00,
698,		-6.00,		-4.01,		-2.00,
699,		-7.00,		-4.01,		-1.00,
700,		-7.00,		-4.02,		1.00,
701,		-7.00,		-4.02,		1.00,
702,		-7.00,		-4.01,		1.00,
703,		-7.00,		-3.97,		1.00,
704,		-7.00,		-3.97,		1.00,
705,		-7.00,		-4.01,		1.00,
706,		-7.00,		-3.98,		1.00,
707,		-6.00,		-3.99,		1.00,
708,		-7.00,		-4.02,		-1.00,
709,		-7.00,		-4.02,		-2.00,
710,		-7.00,		-4.02,		-2.00,
711,		-7.00,		-3.99,		1.00,
712,		-7.00,		-3.99,		1.00,
713,		-6.00,		-3.98,		1.00,
714,		-7.00,		-4.01,		-2.00,
715,		-7.00,		-4.00,		1.00,
716,		-7.00,		-4.02,		1.00,
717,		-7.00,		-4.02,		-2.00,
718,		-7.00,		-4.00,		-2.00,
719,		-6.00,		-4.00,		-3.00,
720,		-6.00,		-3.99,		-1.00,
721,		-5.00,		-3.98,		-1.00,
722,		-5.00,		-3.99,		-1.00,
723,		-7.00,		-4.00,		1.00,
724,		-7.00,		-3.99,		1.00,
725,		-7.00,		-3.99,		1.00,
726,		-7.00,		-4.00,		1.00,
727,		-6.00,		-4.00,		1.00,
728,		-7.00,		-3.49,		1.00,
729,		-7.00,		-3.42,		-1.00,
730,		-6.00,		-3.65,		-2.00,
731,		-5.00,		-3.32,		2.00,
732,		-6.00,		-3.30,		2.00,
733,		-7.00,		-3.62,		1.00,
734,		-7.00,		-3.28,		2.00,
735,		-6.00,		-3.13,		1.00,
736,		-7.00,		-3.58,		-1.00,
737,		-7.00,		-3.26,		-1.00,
738,		-7.00,		-3.15,		-2.00,
739,		-5.00,		-3.07,		2.00,
740,		-6.00,		-0.50,		4.00,
741,		-6.00,		-1.88,		4.00,
742,		-6.00,		-2.60,		3.00,
743,		-6.00,		-2.85,		2.00,
744,		-6.00,		-2.96,		2.00,
745,		-6.00,		-0.79,		3.00,
746,		-4.00,		0.71,		5.00,
747,		-3.00,		1.44,		2.00,
748,		-5.00,		0.41,		5.00,
749,		-6.00,		1.16,		5.00,
750,		-4.00,		1.05,		5.00,
751,		-3.00,		1.47,		5.00,
752,		-4.00,		1.62,		5.00,
753,		-3.00,		1.76,		5.00,
754,		-3.00,		1.83,		5.00,
755,		-3.00,		1.94,		5.00,
756,		-3.00,		2.91,		5.00,
757,		-3.00,		2.46,		5.00,
758,		-3.00,		3.63,		7.00,
759,		-3.00,		4.28,		7.00,
760,		-3.00,		3.18,		7.00,
761,		-4.00,		4.03,		7.00,
762,		-4.00,		2.96,		7.00,
763,		-4.00,		3.90,		7.00,
764,		-4.00,		4.32,		7.00,
765,		-1.00,		4.20,		8.00,
766,		-4.00,		2.58,		8.00,
767,		-4.00,		2.14,		8.00,
768,		-4.00,		0.50,		7.00,
769,		-4.00,		1.25,		7.00,
770,		-5.00,		1.62,		5.00,
771,		-3.00,		1.77,		5.00,
772,		-3.00,		1.84,		5.00,
773,		-6.00,		0.46,		5.00,
774,		-2.00,		0.42,		5.00,
775,		-3.00,		-0.24,		5.00,
776,		-6.00,		0.82,		4.00,
777,		-6.00,		-0.09,		4.00,
778,		-2.00,		0.91,		4.00,
779,		-2.00,		-0.12,		3.00,
780,		-6.00,		-0.60,		3.00,
781,		-6.00,		-0.90,		3.00,
782,		-5.00,		-0.96,		2.00,
783,		-4.00,		-0.98,		2.00,
784,		-6.00,		-1.00,		1.00,
785,		-6.00,		-1.15,		1.00,
786,		-6.00,		-1.08,		2.00,
787,		-6.00,		-1.02,		2.00,
788,		-3.00,		-0.98,		2.00,
789,		-3.00,		-0.99,		2.00,
790,		-6.00,		-1.01,		2.00,
791,		-6.00,		-1.03,		2.00,
792,		-6.00,		-1.01,		1.00,
793,		-6.00,		-1.04,		1.00,
794,		-7.00,		-1.00,		2.00,
795,		-6.00,		-1.02,		1.00,
796,		-6.00,		-1.02,		1.00,
797,		-2.00,		-1.00,		1.00,
798,		-2.00,		-1.00,		1.00,
799,		-3.00,		-1.02,		2.00,
800,		-3.00,		-0.99,		2.00,
801,		-6.00,		-1.03,		2.00,
802,		-6.00,		-1.02,		2.00,
803,		-6.00,		-1.52,		1.00,
804,		-5.00,		-1.48,		1.00,
805,		-5.00,		-1.29,		1.00,
806,		-5.00,		-1.54,		1.00,
807,		-4.00,		-1.27,		1.00,
808,		-6.00,		-1.15,		1.00,
809,		-5.00,		-1.09,		0.00,
810,		-6.00,		-1.04,		1.00,
811,		-6.00,		-1.01,		2.00,
812,		-6.00,		-1.01,		2.00,
813,		-6.00,		-1.01,		2.00,
814,		-4.00,		-0.99,		2.00,
815,		-4.00,		-1.01,		2.00,
816,		-4.00,		-0.99,		2.00,
817,		-4.00,		-1.00,		2.00,
818,		-4.00,		-0.99,		2.00,
819,		-4.00,		-1.01,		1.00,
820,		-4.00,		-1.01,		1.00,
821,		-4.00,		-0.98,		1.00,
822,		-4.00,		-1.28,		2.00,
823,		-6.00,		-1.17,		1.00,
824,		-4.00,		-0.62,		3.00,
825,		-4.00,		-0.30,		1.00,
826,		-4.00,		-0.33,		2.00,
827,		-7.00,		-0.88,		1.00,
828,		-10.00,		-1.96,		3.00,
829,		-10.00,		-1.07,		3.00,
830,		-6.00,		-0.54,		6.00,
831,		-6.00,		-0.38,		2.00,
832,		-5.00,		0.29,		3.00,
833,		-5.00,		0.22,		3.00,
834,		-6.00,		-1.22,		3.00,
835,		-6.00,		-1.36,		6.00,
836,		-6.00,		-0.66,		3.00,
837,		-8.00,		-1.91,		3.00,
838,		-8.00,		-2.45,		2.00,
839,		-6.00,		-2.69,		6.00,
840,		-6.00,		-2.81,		0.00,
841,		-4.00,		-2.89,		0.00,
842,		-4.00,		-2.93,		6.00,
843,		-6.00,		-2.96,		6.00,
844,		-8.00,		-2.99,		6.00,
845,		-8.00,		-2.96,		6.00,
846,		-5.00,		-2.99,		0.00,
847,		-6.00,		-2.98,		6.00,
848,		-6.00,		-2.97,		6.00,
849,		-6.00,		-2.74,		1.00,
850,		-8.00,		-2.88,		6.00,
851,		-8.00,		-2.95,		6.00,
852,		-6.00,		-2.98,		6.00,
853,		-6.00,		-2.96,		6.00,
854,		-6.00,		-2.97,		6.00,
855,		-6.00,		-3.01,		-2.00,
856,		-8.00,		-3.00,		6.00,
857,		-6.00,		-3.02,		-1.00,
858,		-8.00,		-3.05,		-2.00,
859,		-8.00,		-3.04,		0.00,
860,		-8.00,		-3.01,		6.00,
861,		-9.00,		-3.01,		6.00,
862,		-9.00,		-3.01,		6.00,
863,		-8.00,		-2.97,		6.00,
864,		-5.00,		-2.96,		6.00,
865,		-4.00,		-2.96,		6.00,
866,		-4.00,		-2.96,		6.00,
867,		-8.00,		-2.98,		6.00,
868,		-4.00,		-2.96,		6.00,
869,		-4.00,		-2.94,		6.00,
870,		-6.00,		-2.99,		0.00,
871,		-6.00,		-3.01,		-1.00,
872,		-8.00,		-3.03,		-1.00,
873,		-8.00,		-3.03,		0.00,
874,		-8.00,		-2.98,		6.00,
875,		-8.00,		-3.04,		0.00,
876,		-8.00,		-3.04,		0.00,
877,		-8.00,		-3.03,		0.00,
878,		-8.00,		-3.02,		0.00,
879,		-6.00,		-3.00,		0.00,
880,		-8.00,		-3.01,		-1.00,
881,		-8.00,		-3.05,		-1.00,
882,		-8.00,		-3.04,		-1.00,
883,		-8.00,		-3.00,		6.00,
884,		-8.00,		-3.01,		6.00,
885,		-8.00,		-3.01,		6.00,
886,		-5.00,		-2.97,		6.00,
887,		-8.00,		-3.51,		0.00,
888,		-8.00,		-3.25,		0.00,
889,		-7.00,		-3.62,		0.00,
890,		-8.00,		-3.35,		-1.00,
891,		-8.00,		-3.15,		6.00,
892,		-8.00,		-3.03,		6.00,
893,		-8.00,		-2.97,		6.00,
894,		-8.00,		-2.97,		6.00,
895,		-7.00,		-3.00,		6.00,
896,		-5.00,		-3.00,		0.00,
897,		-8.00,		-3.02,		-1.00,
898,		-6.00,		-3.02,		-1.00,
899,		-8.00,		-3.01,		0.00,
900,		-8.00,		-3.00,		0.00,
901,		-8.00,		-2.48,		7.00,
902,		-4.00,		-2.71,		6.00,
903,		-8.00,		-1.89,		2.00,
904,		-5.00,		-1.77,		8.00,
905,		-4.00,		-1.66,		8.00,
906,		-6.00,		-2.34,		8.00,
907,		-9.00,		-3.24,		0.00,
908,		-8.00,		-3.16,		-1.00,
909,		-9.00,		-3.64,		-1.00,
910,		-9.00,		-3.85,		-1.00,
911,		-8.00,		-3.43,		0.00,
912,		-8.00,		-3.23,		0.00,
913,		-6.00,		-3.09,		6.00,
914,		-6.00,		-3.04,		6.00,
915,		-6.00,		-3.06,		6.00,
916,		-6.00,		-3.46,		-1.00,
917,		-5.00,		-3.17,		0.00,
918,		-6.00,		-3.61,		-1.00,
919,		-6.00,		-3.29,		5.00,
920,		-8.00,		-3.13,		5.00,
921,		-8.00,		-3.06,		0.00,
922,		-6.00,		-3.03,		0.00,
923,		-8.00,		-3.03,		0.00,
924,		-6.00,		-3.01,		0.00,
925,		-6.00,		-2.98,		0.00,
926,		-8.00,		-2.99,		0.00,
927,		-5.00,		-2.94,		6.00,
928,		-4.00,		-2.91,		6.00,
929,		-5.00,		-2.97,		6.00,
930,		-5.00,		-2.98,		0.00,
931,		-6.00,		-2.98,		6.00,
932,		-8.00,		-2.98,		6.00,
933,		-6.00,		-2.48,		7.00,
934,		-8.00,		-2.71,		6.00,
935,		-8.00,		-2.36,		6.00,
936,		-8.00,		-2.72,		7.00,
937,		-7.00,		-2.40,		0.00,
938,		-5.00,		-1.69,		1.00,
939,		-7.00,		-1.71,		8.00,
940,		-7.00,		-1.37,		2.00,
941,		-7.00,		-1.73,		8.00,
942,		-6.00,		-1.83,		7.00,
943,		-6.00,		-1.88,		7.00,
944,		-3.00,		-1.92,		1.00,
945,		-7.00,		-1.97,		1.00,
946,		-7.00,		-2.02,		1.00,
947,		-7.00,		-2.01,		1.00,
948,		-5.00,		-0.51,		4.00,
949,		-8.00,		-1.30,		4.00,
950,		-8.00,		-2.70,		4.00,
951,		-7.00,		-2.23,		1.00,
952,		-6.00,		-2.95,		1.00,
953,		-7.00,		-2.54,		1.00,
954,		-7.00,		-2.25,		7.00,
955,		-7.00,		-2.14,		7.00,
956,		-6.00,		-2.05,		1.00,
957,		-7.00,		-2.01,		7.00,
958,		-7.00,		-2.52,		1.00,
959,		-5.00,		-2.21,		1.00,
960,		-8.00,		-2.57,		6.00,
961,		-4.00,		-2.75,		6.00,
962,		-7.00,		-2.40,		1.00,
963,		-8.00,		-2.75,		1.00,
964,		-7.00,		-2.38,		1.00,
965,		-9.00,		-2.82,		6.00,
966,		-9.00,		-2.46,		1.00,
967,		-8.00,		-2.23,		1.00,
968,		-7.00,		-2.35,		7.00,
969,		-4.00,		-2.18,		1.00,
970,		-5.00,		-2.54,		7.00,
971,		-8.00,		-2.28,		1.00,
972,		-8.00,		-2.11,		7.00,
973,		-7.00,		-2.08,		1.00,
974,		-7.00,		-2.06,		1.00,
975,		-5.00,		-2.01,		1.00,
976,		-5.00,		-1.99,		7.00,
977,		-5.00,		-1.97,		7.00,
978,		-7.00,		-2.01,		1.00,
979,		-6.00,		-1.99,		7.00,
980,		-7.00,		-2.04,		1.00,
981,		-7.00,		-2.07,		7.00,
982,		-5.00,		-2.01,		7.00,
983,		-7.00,		-2.00,		7.00,
984,		-7.00,		-1.98,		7.00,
985,		-7.00,		-2.01,		7.00,
986,		-5.00,		-1.98,		7.00,
987,		-5.00,		-1.99,		7.00,
988,		-5.00,		-1.70,		2.00,
989,		-5.00,		-0.89,		4.00,
990,		-5.00,		-0.49,		3.00,
991,		-3.00,		-0.22,		3.00,
992,		-3.00,		-0.17,		3.00,
993,		-4.00,		-0.11,		5.00,
994,		-7.00,		-1.09,		1.00,
995,		-7.00,		-1.50,		5.00,
996,		-5.00,		-1.75,		1.00,
997,		-4.00,		-0.86,		3.00,
998,		-5.00,		-1.47,		5.00,
999,		-7.00,		-1.75,		5.00,
