RANDOM_SEED, 1698990019
GEN,		MIN,			AVE,			MAX,
0,		82.43,		252.19,		463.01,
1,		97.98,		250.95,		435.89,
2,		106.75,		252.11,		404.38,
3,		116.12,		212.16,		380.29,
4,		91.42,		187.88,		322.02,
5,		149.53,		208.98,		316.33,
6,		128.95,		216.26,		307.81,
7,		130.59,		219.90,		307.77,
8,		127.13,		222.76,		276.48,
9,		164.03,		224.02,		271.74,
10,		165.82,		225.55,		292.47,
11,		168.46,		225.99,		289.06,
12,		169.32,		226.46,		285.78,
13,		178.01,		226.30,		262.82,
14,		203.36,		225.97,		272.09,
15,		189.12,		226.69,		277.05,
16,		193.64,		227.47,		276.20,
17,		177.71,		227.54,		280.37,
18,		187.08,		227.27,		279.67,
19,		185.94,		229.01,		288.30,
20,		182.91,		229.29,		287.46,
21,		182.45,		228.62,		281.85,
22,		185.65,		227.75,		271.30,
23,		186.80,		227.09,		278.27,
24,		186.23,		226.94,		279.16,
25,		193.37,		227.50,		273.74,
26,		189.11,		219.56,		263.61,
27,		159.98,		211.25,		268.46,
28,		178.64,		206.49,		264.56,
29,		185.13,		222.45,		286.29,
30,		167.85,		211.49,		267.63,
31,		156.28,		224.40,		287.57,
32,		168.69,		213.93,		258.62,
33,		166.46,		207.76,		266.59,
34,		169.35,		204.30,		253.56,
35,		171.34,		203.03,		242.11,
36,		155.42,		202.19,		251.24,
37,		157.44,		201.49,		246.77,
38,		157.96,		201.41,		257.29,
39,		158.29,		201.20,		246.34,
40,		168.84,		201.43,		247.62,
41,		161.71,		202.36,		251.09,
42,		153.40,		202.59,		247.65,
43,		162.10,		202.30,		250.75,
44,		153.60,		201.92,		251.88,
45,		148.94,		203.75,		258.26,
46,		173.78,		204.11,		253.35,
47,		160.34,		204.95,		251.86,
48,		169.63,		205.23,		258.59,
49,		174.58,		206.68,		258.69,
50,		160.11,		206.03,		261.07,
51,		165.89,		205.87,		242.54,
52,		166.39,		207.13,		256.55,
53,		163.89,		205.86,		252.65,
54,		166.43,		205.67,		255.99,
55,		162.41,		207.15,		255.30,
56,		161.19,		206.23,		259.08,
57,		163.44,		206.08,		256.33,
58,		159.89,		207.31,		248.64,
59,		171.72,		208.31,		252.08,
60,		164.66,		207.33,		246.07,
61,		162.51,		197.14,		242.52,
62,		161.66,		195.23,		234.60,
63,		153.89,		186.38,		239.04,
64,		155.85,		192.42,		245.04,
65,		159.78,		184.11,		235.37,
66,		154.46,		182.39,		235.13,
67,		146.05,		185.11,		237.18,
68,		145.13,		180.04,		234.68,
69,		141.22,		177.94,		250.19,
70,		140.72,		178.18,		248.58,
71,		143.86,		178.83,		239.94,
72,		157.73,		178.61,		246.23,
73,		157.51,		177.77,		232.24,
74,		151.04,		193.47,		243.96,
75,		147.06,		192.02,		257.13,
76,		144.36,		197.60,		255.99,
77,		152.17,		195.33,		241.44,
78,		159.45,		199.24,		250.72,
79,		167.10,		205.16,		248.04,
80,		167.33,		203.61,		246.39,
81,		172.88,		207.14,		248.87,
82,		167.95,		205.21,		259.81,
83,		167.03,		204.07,		245.02,
84,		177.41,		215.77,		278.22,
85,		166.13,		208.61,		281.08,
86,		173.44,		204.75,		253.30,
87,		170.73,		203.37,		268.05,
88,		172.49,		203.01,		246.11,
89,		166.80,		202.33,		255.36,
90,		164.46,		201.91,		274.20,
91,		160.93,		201.63,		249.77,
92,		168.24,		202.12,		264.53,
93,		171.33,		204.73,		252.67,
94,		177.81,		206.49,		249.13,
95,		163.26,		204.16,		261.94,
96,		168.82,		200.35,		255.57,
97,		169.08,		205.18,		262.40,
98,		165.01,		199.48,		263.38,
99,		177.35,		201.11,		253.96,
100,		162.85,		191.01,		263.20,
101,		164.22,		194.07,		236.49,
102,		165.79,		194.98,		236.23,
103,		167.45,		198.00,		232.49,
104,		170.76,		200.00,		243.18,
105,		157.92,		193.99,		243.67,
106,		151.09,		191.95,		249.06,
107,		153.99,		195.75,		253.43,
108,		163.90,		196.59,		229.89,
109,		163.46,		199.83,		265.05,
110,		168.42,		201.87,		261.41,
111,		161.30,		199.81,		255.74,
112,		167.47,		200.96,		251.38,
113,		175.38,		202.45,		253.61,
114,		176.99,		202.62,		248.95,
115,		172.12,		203.32,		255.94,
116,		173.77,		203.59,		264.00,
117,		169.37,		203.46,		247.07,
118,		170.34,		203.71,		286.13,
119,		169.84,		204.00,		292.56,
120,		176.01,		203.85,		274.10,
121,		161.46,		200.90,		255.86,
122,		170.98,		202.58,		257.83,
123,		170.92,		203.18,		257.10,
124,		166.92,		203.83,		258.21,
125,		167.01,		203.29,		260.81,
126,		178.13,		203.43,		250.80,
127,		166.77,		203.25,		253.18,
128,		169.26,		203.32,		256.15,
129,		171.27,		203.13,		257.40,
130,		168.02,		203.49,		271.65,
131,		159.24,		209.19,		272.15,
132,		172.45,		206.50,		276.47,
133,		177.31,		205.15,		280.41,
134,		177.25,		204.03,		259.84,
135,		175.30,		203.48,		251.94,
136,		176.10,		203.04,		234.13,
137,		168.64,		204.40,		249.44,
138,		168.64,		205.65,		256.36,
139,		173.29,		205.52,		258.16,
140,		164.69,		206.46,		260.11,
141,		158.09,		208.62,		262.31,
142,		175.59,		209.16,		257.91,
143,		173.85,		206.23,		238.25,
144,		170.22,		206.54,		256.66,
145,		178.85,		206.49,		239.70,
146,		173.24,		205.58,		263.53,
147,		175.01,		219.73,		270.18,
148,		181.32,		226.30,		277.45,
149,		180.74,		230.42,		271.76,
150,		179.39,		232.41,		271.37,
151,		180.35,		233.52,		290.50,
152,		180.42,		234.29,		282.70,
153,		182.62,		234.23,		289.70,
154,		178.80,		237.39,		290.43,
155,		183.09,		235.84,		282.38,
156,		183.79,		234.93,		294.33,
157,		181.77,		237.08,		294.01,
158,		204.57,		237.39,		296.41,
159,		193.76,		236.50,		294.91,
160,		198.66,		245.75,		299.41,
161,		176.41,		240.05,		297.82,
162,		184.72,		244.08,		294.48,
163,		179.34,		248.59,		298.87,
164,		179.52,		235.65,		322.42,
165,		173.55,		244.56,		287.76,
166,		183.50,		243.77,		300.95,
167,		195.65,		238.76,		287.70,
168,		198.44,		238.59,		286.00,
169,		174.34,		233.99,		283.88,
170,		171.11,		235.07,		280.76,
171,		172.73,		234.76,		283.79,
172,		205.95,		238.91,		295.81,
173,		210.97,		239.65,		290.10,
174,		196.15,		235.35,		280.51,
175,		190.46,		230.25,		268.56,
176,		206.54,		228.19,		269.49,
177,		193.66,		230.65,		292.96,
178,		174.58,		227.36,		286.08,
179,		178.58,		225.83,		271.93,
180,		204.97,		227.17,		274.03,
181,		207.31,		226.01,		272.57,
182,		180.38,		225.30,		266.52,
183,		176.61,		225.09,		266.44,
184,		183.59,		219.50,		268.52,
185,		197.37,		221.61,		269.54,
186,		191.54,		217.47,		269.54,
187,		178.82,		214.55,		259.69,
188,		175.89,		213.88,		260.72,
189,		162.99,		214.33,		278.64,
190,		172.36,		217.25,		297.66,
191,		171.63,		214.48,		303.84,
192,		169.89,		211.00,		248.91,
193,		148.05,		208.00,		249.15,
194,		151.05,		209.50,		247.72,
195,		158.39,		211.44,		258.80,
196,		161.67,		211.12,		252.41,
197,		162.52,		211.66,		259.42,
198,		164.38,		212.00,		264.98,
199,		153.28,		211.99,		263.17,
200,		158.49,		213.25,		258.52,
201,		169.88,		204.15,		260.28,
202,		142.84,		203.14,		256.20,
203,		146.34,		200.17,		261.94,
204,		135.97,		188.49,		266.30,
205,		150.34,		193.74,		258.71,
206,		150.26,		195.87,		257.63,
207,		140.98,		204.38,		249.02,
208,		150.19,		212.17,		259.09,
209,		156.74,		206.09,		255.49,
210,		167.87,		204.72,		272.87,
211,		164.56,		204.09,		269.71,
212,		172.68,		198.91,		270.94,
213,		147.00,		198.41,		270.61,
214,		157.39,		196.08,		248.65,
215,		139.28,		197.94,		240.19,
216,		137.60,		194.97,		243.98,
217,		145.99,		193.28,		236.44,
218,		157.09,		192.50,		255.24,
219,		145.41,		192.57,		226.41,
220,		139.15,		192.23,		239.12,
221,		138.33,		191.92,		245.10,
222,		138.33,		192.19,		242.51,
223,		142.77,		190.64,		243.21,
224,		148.93,		191.15,		232.85,
225,		142.74,		192.02,		218.16,
226,		152.19,		191.96,		240.50,
227,		140.06,		191.90,		239.54,
228,		145.13,		192.25,		242.36,
229,		165.05,		192.21,		238.15,
230,		171.36,		194.52,		241.85,
231,		140.37,		194.69,		241.01,
232,		136.94,		186.94,		243.59,
233,		158.04,		186.13,		234.36,
234,		153.91,		190.68,		231.37,
235,		152.95,		185.41,		241.18,
236,		158.13,		205.51,		262.97,
237,		157.13,		212.98,		247.26,
238,		155.40,		209.94,		251.79,
239,		152.97,		209.21,		246.65,
240,		160.36,		209.46,		247.71,
241,		155.83,		210.24,		261.71,
242,		150.88,		209.98,		242.98,
243,		153.61,		209.33,		244.24,
244,		157.58,		208.93,		244.69,
245,		166.14,		208.60,		247.00,
246,		150.32,		208.40,		248.03,
247,		151.78,		208.56,		246.30,
248,		168.39,		208.66,		242.16,
249,		154.71,		208.25,		245.41,
250,		149.68,		208.78,		285.01,
251,		178.85,		209.20,		256.89,
252,		159.17,		209.17,		260.12,
253,		156.86,		209.02,		260.56,
254,		145.89,		208.98,		257.96,
255,		176.79,		204.08,		259.23,
256,		155.41,		205.45,		262.00,
257,		155.37,		206.27,		247.24,
258,		152.98,		205.25,		259.36,
259,		161.74,		206.62,		261.76,
260,		135.32,		206.27,		247.16,
261,		138.61,		206.64,		245.30,
262,		147.85,		206.67,		235.23,
263,		150.91,		207.14,		263.99,
264,		169.94,		207.58,		259.32,
265,		178.12,		207.83,		254.99,
266,		188.70,		208.07,		242.04,
267,		185.65,		207.93,		258.00,
268,		177.06,		207.96,		257.26,
269,		173.82,		207.68,		255.57,
270,		158.98,		207.77,		258.50,
271,		154.43,		207.73,		255.56,
272,		149.18,		207.47,		260.65,
273,		157.15,		207.07,		252.30,
274,		135.94,		207.65,		259.29,
275,		175.11,		207.49,		257.98,
276,		172.57,		207.41,		257.14,
277,		176.32,		207.27,		250.77,
278,		138.39,		205.48,		239.49,
279,		142.63,		206.18,		260.33,
280,		147.88,		205.32,		259.04,
281,		154.12,		204.51,		234.28,
282,		151.97,		204.46,		253.31,
283,		146.95,		204.29,		248.28,
284,		148.23,		204.38,		247.01,
285,		142.51,		204.66,		250.82,
286,		172.83,		204.31,		241.89,
287,		178.18,		205.19,		259.92,
288,		158.63,		205.32,		255.28,
289,		161.38,		205.82,		258.88,
290,		167.28,		206.57,		251.43,
291,		148.74,		205.29,		243.14,
292,		178.13,		205.99,		257.74,
293,		177.68,		205.42,		254.37,
294,		178.64,		206.13,		253.56,
295,		168.22,		207.25,		248.95,
296,		153.85,		207.49,		253.68,
297,		149.61,		206.60,		259.81,
298,		168.71,		206.53,		243.25,
299,		174.62,		206.32,		266.75,
300,		175.06,		206.70,		263.59,
301,		181.37,		206.90,		263.64,
302,		154.40,		207.23,		258.94,
303,		172.78,		207.29,		256.59,
304,		175.55,		207.33,		264.50,
305,		149.74,		206.68,		255.68,
306,		152.07,		206.40,		254.27,
307,		150.19,		206.33,		258.09,
308,		152.05,		207.30,		256.65,
309,		150.01,		207.01,		249.76,
310,		152.64,		206.42,		245.56,
311,		152.98,		206.63,		277.92,
312,		168.22,		207.05,		242.00,
313,		163.14,		207.53,		271.03,
314,		154.69,		207.14,		269.26,
315,		164.37,		207.79,		247.33,
316,		171.46,		207.83,		250.88,
317,		166.12,		207.59,		262.81,
318,		157.25,		206.30,		244.13,
319,		146.75,		205.80,		262.09,
320,		153.28,		206.43,		255.31,
321,		149.90,		205.87,		258.79,
322,		155.41,		206.33,		255.75,
323,		153.58,		206.27,		251.51,
324,		146.83,		206.78,		254.63,
325,		145.19,		206.70,		263.15,
326,		146.57,		206.84,		258.61,
327,		152.99,		204.83,		256.42,
328,		148.31,		206.81,		261.77,
329,		155.53,		229.47,		282.47,
330,		154.66,		217.35,		285.40,
331,		153.34,		215.02,		267.04,
332,		128.98,		203.36,		271.91,
333,		160.96,		203.08,		261.16,
334,		173.01,		202.98,		266.00,
335,		174.51,		202.64,		260.70,
336,		168.88,		202.63,		266.47,
337,		174.43,		202.24,		265.55,
338,		146.16,		197.89,		265.23,
339,		142.95,		195.11,		267.61,
340,		146.48,		194.08,		261.22,
341,		140.97,		193.56,		225.63,
342,		138.97,		192.86,		227.67,
343,		138.96,		192.37,		223.33,
344,		141.23,		192.08,		233.89,
345,		139.47,		195.35,		235.16,
346,		144.01,		196.69,		230.18,
347,		145.01,		197.72,		239.39,
348,		146.91,		201.18,		231.35,
349,		178.82,		203.66,		246.82,
350,		162.67,		204.39,		242.25,
351,		167.43,		205.46,		249.93,
352,		142.31,		208.71,		248.77,
353,		165.95,		207.60,		250.25,
354,		169.48,		210.01,		257.43,
355,		152.14,		211.06,		262.30,
356,		181.20,		208.81,		248.35,
357,		174.86,		219.98,		247.01,
358,		141.46,		212.48,		253.47,
359,		135.62,		212.17,		271.66,
360,		155.72,		211.22,		255.21,
361,		164.80,		204.72,		253.12,
362,		167.56,		205.11,		240.39,
363,		156.60,		203.66,		242.80,
364,		166.31,		201.27,		262.03,
365,		145.54,		206.30,		271.04,
366,		151.80,		204.93,		248.25,
367,		152.21,		208.63,		257.23,
368,		156.56,		206.44,		264.13,
369,		182.62,		208.99,		251.46,
370,		149.68,		207.76,		251.98,
371,		132.61,		209.72,		251.06,
372,		146.83,		211.49,		254.67,
373,		143.31,		211.12,		248.44,
374,		141.29,		213.36,		257.32,
375,		150.41,		210.87,		264.13,
376,		141.36,		209.23,		260.78,
377,		151.75,		208.43,		246.40,
378,		157.10,		208.22,		249.84,
379,		156.62,		207.96,		243.82,
380,		154.47,		207.67,		243.69,
381,		167.66,		207.69,		246.39,
382,		183.49,		207.59,		241.48,
383,		175.78,		208.68,		228.98,
384,		173.51,		209.77,		240.40,
385,		173.12,		212.67,		273.35,
386,		167.43,		210.00,		245.72,
387,		166.83,		213.11,		253.97,
388,		155.11,		210.12,		237.41,
389,		134.71,		208.67,		246.00,
390,		134.99,		218.38,		288.60,
391,		139.14,		204.47,		288.02,
392,		136.29,		198.55,		265.07,
393,		141.33,		194.86,		241.61,
394,		122.71,		194.39,		235.27,
395,		137.13,		192.99,		265.08,
396,		137.02,		191.32,		233.46,
397,		138.76,		202.59,		248.13,
398,		141.19,		196.89,		244.74,
399,		135.94,		204.41,		243.86,
400,		137.85,		197.87,		234.54,
401,		130.95,		184.15,		231.91,
402,		124.28,		191.71,		232.41,
403,		128.36,		164.67,		241.07,
404,		126.24,		177.43,		240.94,
405,		123.07,		161.39,		242.82,
406,		112.93,		161.70,		237.18,
407,		118.10,		161.41,		216.57,
408,		116.14,		148.32,		220.30,
409,		120.50,		173.88,		220.73,
410,		128.16,		187.17,		235.68,
411,		124.72,		166.75,		231.89,
412,		130.98,		182.21,		231.97,
413,		126.45,		188.37,		236.17,
414,		117.43,		167.01,		217.83,
415,		112.85,		156.94,		242.31,
416,		118.61,		151.15,		236.27,
417,		118.88,		173.73,		229.51,
418,		122.20,		185.26,		233.54,
419,		110.04,		187.14,		231.74,
420,		110.00,		168.25,		233.69,
421,		115.09,		159.15,		225.55,
422,		120.01,		153.72,		222.46,
423,		118.34,		150.94,		211.03,
424,		116.05,		150.32,		205.34,
425,		121.94,		149.83,		206.52,
426,		118.80,		149.93,		205.25,
427,		122.90,		149.70,		206.46,
428,		121.15,		149.45,		202.88,
429,		116.12,		142.75,		187.32,
430,		120.09,		146.23,		189.53,
431,		124.25,		147.88,		207.77,
432,		123.72,		148.26,		195.72,
433,		122.18,		150.82,		206.26,
434,		118.94,		152.40,		192.59,
435,		122.35,		153.50,		183.70,
436,		118.14,		153.42,		185.39,
437,		121.19,		153.10,		211.15,
438,		127.37,		153.28,		190.08,
439,		135.71,		153.21,		203.41,
440,		127.98,		157.64,		213.89,
441,		129.07,		161.50,		194.51,
442,		137.00,		162.48,		200.30,
443,		121.02,		168.95,		203.96,
444,		130.83,		165.77,		202.26,
445,		129.74,		164.29,		209.52,
446,		133.47,		162.69,		216.96,
447,		132.28,		163.77,		216.32,
448,		133.90,		162.46,		209.11,
449,		124.52,		162.07,		201.36,
450,		121.95,		158.80,		210.96,
451,		122.81,		156.99,		209.07,
452,		118.75,		154.47,		212.82,
453,		129.12,		152.98,		203.52,
454,		117.92,		149.79,		203.20,
455,		121.31,		149.53,		214.62,
456,		125.26,		157.89,		196.73,
457,		120.15,		153.33,		200.46,
458,		118.41,		162.28,		202.47,
459,		134.84,		163.26,		215.05,
460,		116.48,		163.19,		199.92,
461,		116.40,		164.37,		216.98,
462,		128.42,		163.26,		215.80,
463,		117.22,		161.07,		214.36,
464,		131.26,		161.31,		214.15,
465,		130.35,		163.36,		212.25,
466,		121.21,		159.70,		226.91,
467,		121.97,		158.54,		211.43,
468,		137.11,		160.64,		216.42,
469,		139.72,		159.16,		211.38,
470,		125.58,		163.42,		218.21,
471,		118.84,		160.28,		223.98,
472,		137.20,		161.93,		219.04,
473,		137.76,		159.77,		219.33,
474,		138.51,		158.52,		220.47,
475,		132.96,		158.10,		201.53,
476,		137.66,		158.17,		194.35,
477,		124.29,		158.10,		197.72,
478,		118.62,		157.64,		195.67,
479,		115.73,		157.93,		210.82,
480,		125.25,		158.03,		210.71,
481,		131.53,		157.84,		215.83,
482,		121.06,		157.72,		213.27,
483,		117.30,		157.32,		213.27,
484,		128.45,		161.56,		212.61,
485,		132.19,		168.01,		211.77,
486,		118.47,		162.87,		224.42,
487,		130.24,		167.93,		229.58,
488,		138.45,		171.56,		208.85,
489,		141.13,		171.14,		210.81,
490,		142.00,		171.96,		214.40,
491,		132.44,		177.57,		201.53,
492,		142.57,		175.44,		216.67,
493,		140.28,		180.46,		209.02,
494,		140.34,		179.00,		248.59,
495,		134.52,		175.19,		216.10,
496,		128.18,		183.34,		245.41,
497,		122.24,		187.48,		247.37,
498,		152.32,		192.26,		242.49,
499,		157.46,		194.83,		227.78,
500,		154.85,		196.57,		235.64,
501,		150.66,		196.47,		238.85,
502,		154.11,		196.74,		232.38,
503,		165.86,		197.46,		240.71,
504,		158.78,		197.99,		239.28,
505,		159.03,		198.12,		240.01,
506,		161.34,		197.80,		240.03,
507,		165.21,		214.35,		245.63,
508,		166.33,		207.98,		276.67,
509,		163.74,		202.31,		266.67,
510,		155.69,		200.78,		254.86,
511,		157.58,		199.07,		280.77,
512,		159.68,		215.32,		283.07,
513,		162.32,		222.86,		287.53,
514,		165.66,		226.73,		286.47,
515,		167.38,		218.45,		269.84,
516,		164.54,		212.76,		279.34,
517,		162.83,		205.76,		260.48,
518,		166.58,		201.20,		260.94,
519,		167.14,		198.70,		278.97,
520,		157.23,		199.93,		257.15,
521,		160.49,		200.97,		256.36,
522,		150.54,		194.36,		257.74,
523,		140.08,		189.17,		237.12,
524,		142.96,		186.28,		238.50,
525,		149.17,		191.47,		233.89,
526,		131.80,		195.80,		257.30,
527,		155.67,		197.05,		232.01,
528,		162.49,		200.90,		240.64,
529,		155.97,		200.42,		251.83,
530,		174.14,		201.75,		257.02,
531,		169.36,		200.54,		235.11,
532,		173.97,		201.30,		236.91,
533,		176.94,		198.77,		234.25,
534,		159.43,		200.40,		229.89,
535,		158.39,		197.81,		254.74,
536,		170.81,		197.20,		251.47,
537,		166.63,		196.18,		235.81,
538,		169.33,		198.65,		246.27,
539,		166.16,		196.68,		249.18,
540,		157.87,		196.75,		230.53,
541,		151.02,		197.47,		234.43,
542,		154.90,		196.53,		233.16,
543,		152.42,		197.15,		247.62,
544,		173.19,		205.61,		275.72,
545,		159.25,		201.37,		263.02,
546,		172.86,		212.97,		284.59,
547,		175.23,		205.45,		289.97,
548,		154.76,		202.54,		282.76,
549,		156.07,		200.69,		288.55,
550,		162.93,		198.99,		256.90,
551,		153.57,		199.27,		284.44,
552,		159.00,		198.46,		272.02,
553,		168.32,		197.60,		258.54,
554,		166.28,		197.51,		249.80,
555,		164.94,		195.76,		248.31,
556,		162.81,		196.39,		248.60,
557,		169.36,		197.14,		252.13,
558,		168.18,		197.01,		242.97,
559,		157.23,		195.67,		253.95,
560,		175.87,		196.75,		241.81,
561,		169.80,		197.09,		256.05,
562,		177.57,		197.11,		257.85,
563,		167.71,		197.72,		259.33,
564,		155.47,		197.43,		234.55,
565,		162.56,		196.64,		255.82,
566,		158.25,		194.79,		249.61,
567,		160.30,		196.43,		252.76,
568,		158.23,		196.63,		258.72,
569,		160.42,		195.05,		259.18,
570,		160.57,		194.65,		253.95,
571,		154.36,		195.73,		259.55,
572,		173.07,		194.55,		251.10,
573,		177.90,		193.67,		246.74,
574,		166.22,		193.59,		249.28,
575,		162.50,		194.29,		251.00,
576,		162.73,		195.18,		242.44,
577,		161.15,		200.06,		242.13,
578,		148.30,		194.83,		234.80,
579,		152.56,		200.78,		272.80,
580,		150.98,		198.39,		270.89,
581,		164.32,		196.61,		276.33,
582,		152.93,		191.79,		270.51,
583,		162.51,		198.79,		265.40,
584,		165.23,		207.77,		267.50,
585,		166.12,		213.25,		284.79,
586,		161.78,		203.49,		274.54,
587,		167.27,		198.48,		280.21,
588,		160.40,		190.52,		236.32,
589,		151.74,		186.75,		254.14,
590,		149.05,		197.60,		242.37,
591,		160.25,		189.96,		238.73,
592,		151.11,		186.52,		238.41,
593,		155.96,		184.57,		265.09,
594,		149.44,		183.38,		263.03,
595,		143.98,		182.55,		244.07,
596,		150.77,		184.21,		244.75,
597,		143.34,		178.74,		240.79,
598,		149.95,		182.21,		231.91,
599,		147.11,		181.84,		242.56,
600,		148.56,		182.52,		243.82,
601,		143.73,		182.45,		267.57,
602,		144.28,		182.26,		259.51,
603,		152.25,		187.29,		268.20,
604,		152.38,		185.44,		270.24,
605,		149.20,		187.82,		272.42,
606,		151.30,		189.23,		267.53,
607,		148.89,		189.82,		265.50,
608,		150.45,		190.18,		265.57,
609,		153.58,		190.31,		263.04,
610,		156.44,		190.41,		249.49,
611,		150.37,		190.91,		256.22,
612,		160.72,		190.80,		249.51,
613,		156.22,		191.55,		252.07,
614,		151.42,		191.83,		254.32,
615,		154.76,		193.26,		244.15,
616,		156.13,		192.44,		243.47,
617,		159.48,		192.64,		244.87,
618,		159.36,		193.65,		255.94,
619,		169.13,		194.10,		247.67,
620,		159.71,		193.65,		255.04,
621,		163.60,		193.96,		257.95,
622,		147.67,		193.52,		247.94,
623,		143.74,		180.96,		251.18,
624,		143.05,		178.27,		238.71,
625,		141.18,		173.75,		233.12,
626,		133.27,		170.94,		207.78,
627,		130.41,		169.63,		227.08,
628,		125.28,		168.90,		265.40,
629,		123.53,		168.67,		230.91,
630,		138.26,		168.40,		224.35,
631,		147.96,		168.70,		233.35,
632,		139.13,		168.99,		257.47,
633,		151.46,		168.71,		225.78,
634,		144.13,		167.20,		201.70,
635,		137.88,		168.04,		200.82,
636,		137.48,		166.30,		206.18,
637,		134.71,		167.38,		203.21,
638,		135.98,		167.24,		219.90,
639,		139.54,		167.87,		231.66,
640,		141.06,		168.07,		230.89,
641,		142.54,		168.44,		201.61,
642,		136.02,		168.69,		228.02,
643,		140.17,		168.27,		231.57,
644,		140.50,		168.87,		234.29,
645,		137.04,		168.76,		225.35,
646,		137.61,		168.70,		220.15,
647,		144.31,		168.32,		212.88,
648,		140.84,		168.36,		211.72,
649,		148.11,		168.56,		231.58,
650,		141.33,		169.78,		227.56,
651,		145.11,		168.88,		226.76,
652,		144.46,		168.15,		202.41,
653,		142.03,		164.17,		219.51,
654,		139.35,		165.44,		206.17,
655,		138.21,		167.06,		218.80,
656,		143.40,		163.93,		199.77,
657,		132.65,		161.44,		218.95,
658,		134.01,		162.13,		225.46,
659,		134.66,		165.07,		226.63,
660,		139.66,		163.53,		222.66,
661,		134.84,		162.16,		213.36,
662,		130.77,		175.29,		257.13,
663,		146.37,		183.18,		255.66,
664,		130.89,		186.06,		246.47,
665,		149.69,		187.60,		249.21,
666,		139.55,		184.66,		250.41,
667,		137.48,		187.57,		258.85,
668,		139.64,		174.60,		226.78,
669,		134.36,		172.58,		237.88,
670,		130.76,		180.47,		243.21,
671,		142.73,		194.37,		245.93,
672,		133.22,		201.26,		247.35,
673,		141.15,		195.03,		271.47,
674,		149.30,		202.61,		270.34,
675,		153.19,		206.61,		278.19,
676,		155.70,		208.42,		270.22,
677,		160.78,		199.60,		248.53,
678,		157.78,		205.12,		256.52,
679,		163.18,		208.34,		272.69,
680,		165.40,		209.29,		268.02,
681,		174.53,		210.39,		266.90,
682,		175.04,		211.83,		267.32,
683,		171.18,		211.82,		279.54,
684,		165.17,		212.06,		269.53,
685,		165.10,		211.99,		273.17,
686,		165.80,		211.57,		267.80,
687,		176.29,		211.49,		250.55,
688,		171.78,		208.95,		265.71,
689,		161.24,		209.97,		270.65,
690,		172.82,		209.27,		247.71,
691,		173.14,		208.91,		241.89,
692,		160.87,		210.56,		255.22,
693,		163.12,		207.65,		281.31,
694,		158.35,		206.25,		272.36,
695,		163.06,		207.40,		270.00,
696,		165.52,		203.41,		261.10,
697,		167.71,		217.76,		259.74,
698,		152.47,		209.36,		268.36,
699,		161.33,		204.76,		263.03,
700,		161.97,		200.39,		248.15,
701,		161.57,		200.60,		256.33,
702,		158.07,		199.10,		262.24,
703,		157.03,		199.47,		232.50,
704,		146.92,		199.16,		232.01,
705,		154.18,		199.82,		241.69,
706,		156.02,		199.53,		262.07,
707,		163.27,		198.60,		251.86,
708,		144.42,		194.80,		254.19,
709,		151.55,		197.68,		254.04,
710,		142.79,		198.45,		260.43,
711,		139.93,		193.08,		257.83,
712,		167.84,		195.40,		280.10,
713,		164.28,		197.61,		252.57,
714,		141.01,		182.25,		254.49,
715,		130.47,		183.96,		227.28,
716,		120.63,		176.70,		228.46,
717,		104.30,		188.46,		258.42,
718,		116.48,		192.94,		266.26,
719,		109.89,		186.13,		263.04,
720,		108.87,		182.00,		251.30,
721,		116.40,		179.72,		252.33,
722,		128.68,		179.31,		229.64,
723,		133.00,		177.95,		242.93,
724,		135.16,		178.83,		242.38,
725,		137.48,		179.35,		244.24,
726,		136.70,		179.67,		241.00,
727,		137.73,		179.86,		222.58,
728,		139.05,		179.73,		220.47,
729,		140.44,		179.69,		227.03,
730,		138.56,		180.11,		233.08,
731,		142.65,		179.83,		243.36,
732,		144.66,		180.51,		244.99,
733,		138.77,		180.62,		243.25,
734,		141.95,		180.86,		241.78,
735,		147.94,		180.20,		252.50,
736,		150.00,		180.39,		231.17,
737,		148.78,		180.73,		246.86,
738,		154.73,		181.04,		255.89,
739,		151.56,		180.86,		243.55,
740,		142.67,		180.73,		255.70,
741,		142.47,		172.88,		254.04,
742,		135.35,		171.35,		205.03,
743,		143.91,		176.37,		252.54,
744,		136.75,		171.41,		249.98,
745,		138.61,		176.48,		218.03,
746,		153.45,		192.85,		279.41,
747,		156.99,		199.82,		271.98,
748,		160.55,		204.21,		278.41,
749,		151.57,		206.63,		287.44,
750,		162.72,		207.72,		281.62,
751,		159.01,		208.01,		269.98,
752,		172.95,		208.01,		277.57,
753,		176.50,		209.25,		282.70,
754,		176.21,		208.41,		280.27,
755,		181.81,		209.74,		282.15,
756,		177.59,		209.20,		284.19,
757,		180.03,		209.77,		280.34,
758,		171.75,		210.14,		247.92,
759,		164.97,		213.05,		284.06,
760,		169.55,		221.13,		281.27,
761,		176.06,		218.41,		276.82,
762,		181.77,		223.58,		277.87,
763,		180.21,		220.18,		260.38,
764,		175.12,		218.03,		286.35,
765,		176.21,		223.58,		267.12,
766,		173.87,		227.03,		295.22,
767,		189.62,		228.48,		297.52,
768,		185.33,		228.82,		300.15,
769,		173.22,		228.68,		282.54,
770,		190.11,		228.94,		303.30,
771,		184.23,		233.20,		308.94,
772,		187.89,		238.83,		296.03,
773,		196.81,		233.72,		281.97,
774,		192.37,		236.61,		296.62,
775,		193.16,		233.32,		308.33,
776,		193.79,		231.08,		283.77,
777,		190.88,		230.34,		275.78,
778,		198.60,		229.79,		283.84,
779,		193.86,		228.97,		283.60,
780,		186.67,		229.12,		280.71,
781,		191.66,		228.51,		270.55,
782,		174.38,		229.84,		282.65,
783,		191.22,		229.25,		270.69,
784,		185.97,		228.78,		284.36,
785,		186.70,		230.97,		284.15,
786,		189.35,		231.13,		297.97,
787,		191.84,		232.28,		300.50,
788,		200.17,		232.28,		298.32,
789,		190.65,		241.55,		292.04,
790,		197.40,		241.67,		324.63,
791,		188.74,		238.78,		310.32,
792,		187.99,		230.53,		319.73,
793,		186.47,		230.59,		299.11,
794,		191.73,		231.56,		292.95,
795,		191.83,		224.99,		285.46,
796,		191.53,		223.22,		272.84,
797,		178.98,		221.66,		290.09,
798,		182.86,		221.35,		291.35,
799,		190.30,		220.83,		287.53,
800,		191.49,		220.68,		307.62,
801,		188.67,		219.88,		252.29,
802,		179.45,		219.54,		284.63,
803,		184.08,		219.35,		274.87,
804,		182.69,		218.86,		272.01,
805,		182.50,		219.64,		274.82,
806,		169.09,		216.62,		296.99,
807,		186.65,		216.36,		292.28,
808,		184.02,		219.16,		295.28,
809,		180.95,		219.68,		293.82,
810,		179.58,		221.02,		291.01,
811,		173.46,		214.08,		285.11,
812,		161.80,		201.74,		262.66,
813,		151.78,		202.52,		260.63,
814,		155.67,		195.83,		280.72,
815,		157.77,		203.13,		276.24,
816,		164.48,		207.92,		282.27,
817,		156.89,		198.62,		282.50,
818,		150.73,		193.40,		263.63,
819,		151.87,		191.30,		259.78,
820,		152.39,		190.41,		250.18,
821,		155.75,		189.49,		249.55,
822,		146.94,		185.17,		234.22,
823,		155.31,		183.58,		241.69,
824,		165.95,		186.84,		250.21,
825,		142.61,		184.00,		251.92,
826,		148.92,		186.30,		250.15,
827,		143.97,		185.42,		246.47,
828,		149.96,		186.04,		259.57,
829,		156.59,		184.41,		249.46,
830,		155.49,		186.57,		253.10,
831,		152.43,		188.84,		243.05,
832,		155.16,		185.28,		240.51,
833,		155.79,		195.06,		257.12,
834,		149.14,		187.74,		249.77,
835,		147.60,		183.68,		228.50,
836,		146.82,		193.26,		262.36,
837,		151.16,		190.63,		261.68,
838,		143.13,		210.85,		281.79,
839,		147.54,		206.71,		266.69,
840,		142.42,		193.87,		274.67,
841,		147.69,		187.63,		276.72,
842,		148.81,		184.52,		255.42,
843,		151.27,		185.81,		253.19,
844,		141.07,		186.44,		270.39,
845,		143.58,		183.65,		260.28,
846,		142.76,		185.55,		260.55,
847,		147.62,		183.12,		255.86,
848,		144.72,		182.29,		262.69,
849,		145.98,		181.19,		263.72,
850,		141.80,		180.74,		248.85,
851,		143.13,		189.81,		291.01,
852,		147.94,		184.88,		276.03,
853,		141.90,		182.52,		270.61,
854,		141.47,		174.70,		252.64,
855,		137.40,		167.29,		257.13,
856,		130.32,		173.23,		257.39,
857,		124.88,		167.98,		229.37,
858,		126.89,		175.79,		239.21,
859,		129.70,		173.48,		270.84,
860,		126.06,		172.10,		266.06,
861,		125.84,		170.28,		227.02,
862,		104.66,		154.33,		232.21,
863,		115.07,		167.23,		253.77,
864,		114.36,		165.65,		228.70,
865,		130.25,		164.93,		229.85,
866,		126.64,		162.04,		234.53,
867,		124.03,		161.10,		229.81,
868,		122.05,		162.53,		211.02,
869,		125.69,		161.85,		215.87,
870,		123.24,		161.84,		224.82,
871,		118.14,		168.92,		250.50,
872,		117.02,		166.47,		239.57,
873,		119.83,		165.43,		243.32,
874,		114.81,		170.16,		222.25,
875,		122.37,		165.56,		218.84,
876,		131.46,		164.96,		237.67,
877,		130.79,		163.52,		236.03,
878,		131.55,		162.56,		231.66,
879,		129.50,		161.32,		227.26,
880,		128.40,		161.40,		230.09,
881,		129.77,		161.64,		230.44,
882,		143.61,		160.97,		198.15,
883,		124.67,		161.11,		218.44,
884,		130.23,		161.08,		217.81,
885,		128.73,		161.12,		223.31,
886,		128.83,		161.33,		220.03,
887,		133.45,		158.30,		216.71,
888,		126.51,		159.36,		227.55,
889,		117.56,		158.22,		213.61,
890,		126.79,		176.23,		263.67,
891,		148.64,		185.01,		234.93,
892,		143.49,		190.17,		263.11,
893,		148.17,		192.21,		267.51,
894,		143.91,		193.34,		259.18,
895,		148.63,		193.27,		266.12,
896,		158.41,		193.62,		270.64,
897,		156.65,		195.28,		272.24,
898,		155.16,		192.15,		264.61,
899,		155.75,		192.85,		226.55,
900,		156.88,		188.83,		243.83,
901,		142.07,		187.72,		254.41,
902,		146.20,		188.52,		243.00,
903,		152.72,		186.53,		252.43,
904,		152.25,		190.28,		267.90,
905,		156.31,		196.14,		268.09,
906,		156.69,		194.95,		250.81,
907,		156.96,		193.51,		261.14,
908,		153.88,		189.00,		252.74,
909,		169.26,		191.00,		235.91,
910,		157.06,		192.47,		261.75,
911,		151.64,		186.02,		261.09,
912,		161.55,		189.56,		260.22,
913,		153.89,		191.43,		261.22,
914,		154.52,		192.27,		254.72,
915,		159.56,		194.07,		267.14,
916,		159.70,		193.89,		268.40,
917,		160.88,		194.70,		268.51,
918,		165.62,		195.09,		268.03,
919,		160.07,		198.80,		276.12,
920,		162.82,		198.58,		265.24,
921,		162.02,		201.02,		261.96,
922,		160.32,		197.76,		264.21,
923,		163.09,		192.83,		254.29,
924,		156.26,		190.22,		232.98,
925,		154.42,		191.76,		237.01,
926,		153.83,		190.25,		230.66,
927,		134.69,		191.99,		264.41,
928,		139.26,		190.74,		262.27,
929,		155.80,		199.37,		244.64,
930,		153.77,		194.21,		272.90,
931,		158.09,		191.97,		264.61,
932,		143.97,		190.62,		257.12,
933,		159.35,		191.77,		260.41,
934,		155.22,		190.08,		261.64,
935,		157.08,		191.41,		254.52,
936,		163.53,		205.41,		250.80,
937,		165.80,		213.37,		288.21,
938,		175.57,		231.69,		280.32,
939,		182.65,		226.89,		265.90,
940,		185.82,		238.12,		282.45,
941,		185.14,		229.06,		276.60,
942,		183.87,		224.57,		278.08,
943,		181.45,		236.35,		312.63,
944,		187.16,		243.50,		290.24,
945,		191.15,		245.57,		284.97,
946,		187.20,		247.47,		307.48,
947,		202.66,		248.54,		307.79,
948,		207.64,		248.30,		306.35,
949,		211.61,		248.84,		308.13,
950,		211.34,		249.16,		291.63,
951,		199.49,		248.99,		295.47,
952,		212.35,		249.32,		326.33,
953,		207.65,		248.82,		323.42,
954,		215.19,		249.10,		319.27,
955,		211.68,		248.81,		318.69,
956,		212.24,		247.77,		308.33,
957,		213.09,		260.51,		342.47,
958,		217.83,		253.78,		301.19,
959,		211.27,		257.42,		299.90,
960,		207.95,		253.17,		291.52,
961,		208.37,		250.76,		321.51,
962,		185.28,		260.26,		360.72,
963,		180.83,		253.73,		318.11,
964,		210.18,		250.89,		318.73,
965,		210.37,		249.67,		319.84,
966,		215.22,		249.57,		321.00,
967,		214.33,		272.40,		326.06,
968,		217.91,		285.69,		350.96,
969,		214.65,		288.86,		370.58,
970,		210.88,		281.14,		321.91,
971,		226.30,		290.53,		324.78,
972,		213.91,		295.29,		365.08,
973,		217.33,		295.20,		371.77,
974,		216.66,		298.23,		373.55,
975,		217.86,		298.91,		373.28,
976,		216.55,		299.62,		373.67,
977,		242.05,		314.82,		363.34,
978,		249.37,		322.65,		386.74,
979,		258.50,		314.11,		350.27,
980,		262.29,		322.36,		355.73,
981,		257.08,		337.72,		420.58,
982,		258.53,		345.03,		418.59,
983,		260.06,		348.74,		374.16,
984,		266.27,		349.82,		410.56,
985,		255.71,		351.45,		420.62,
986,		299.67,		352.29,		424.71,
987,		273.44,		339.01,		423.52,
988,		277.08,		332.84,		424.37,
989,		248.62,		329.38,		424.70,
990,		246.23,		341.54,		419.79,
991,		282.31,		334.09,		423.56,
992,		266.41,		329.82,		410.79,
993,		277.66,		341.33,		415.65,
994,		249.06,		344.38,		413.28,
995,		248.08,		341.05,		388.15,
996,		238.64,		314.81,		426.23,
997,		248.19,		300.08,		380.13,
998,		231.27,		292.15,		365.18,
999,		221.48,		289.66,		363.99,
