GEN,	MIN,			AVE,			MAX,
  0,		73.82,		252.71,		501.54
  1,		79.09,		245.59,		467.68
  2,		84.10,		245.44,		450.48
  3,		100.01,		249.33,		422.55
  4,		103.04,		244.06,		394.33
  5,		114.82,		239.44,		378.60
  6,		122.63,		239.06,		367.84
  7,		132.94,		238.77,		351.18
  8,		145.69,		240.50,		327.60
  9,		155.50,		240.09,		319.38
 10,		161.01,		239.28,		316.09
 11,		166.33,		240.00,		315.64
 12,		167.28,		239.81,		313.61
 13,		173.58,		238.33,		306.19
 14,		176.01,		237.99,		299.02
 15,		177.22,		235.81,		292.53
 16,		176.78,		235.83,		294.15
 17,		177.02,		235.74,		292.26
 18,		180.63,		236.46,		290.81
 19,		185.16,		236.77,		296.89
 20,		187.62,		237.15,		291.93
 21,		182.37,		235.29,		292.81
 22,		183.07,		235.97,		291.48
 23,		183.69,		236.36,		293.84
 24,		184.26,		237.24,		290.28
 25,		182.93,		237.58,		292.33
 26,		183.59,		236.21,		292.28
 27,		186.85,		236.47,		292.96
 28,		187.77,		235.72,		290.94
 29,		185.79,		237.12,		290.04
 30,		183.64,		237.72,		290.26
 31,		183.04,		237.60,		293.81
 32,		182.84,		238.33,		293.90
 33,		184.62,		239.06,		297.76
 34,		187.67,		240.07,		295.28
 35,		187.96,		240.56,		293.89
 36,		189.95,		241.56,		294.41
 37,		188.51,		239.64,		294.37
 38,		187.92,		239.68,		296.11
 39,		186.68,		240.79,		292.07
 40,		186.22,		240.74,		295.45
 41,		187.53,		239.20,		295.25
 42,		186.66,		237.47,		294.50
 43,		187.47,		237.89,		293.65
 44,		189.08,		237.71,		295.12
 45,		189.25,		237.13,		294.84
 46,		184.97,		235.55,		291.15
 47,		185.01,		234.80,		288.91
 48,		185.32,		233.41,		286.51
 49,		188.91,		233.59,		286.97
 50,		186.59,		234.54,		286.20
 51,		186.17,		234.73,		289.06
 52,		186.09,		235.02,		288.09
 53,		184.60,		235.13,		285.82
 54,		184.54,		234.60,		287.32
 55,		186.97,		234.73,		288.50
 56,		182.74,		234.96,		290.18
 57,		183.47,		234.67,		289.27
 58,		183.77,		233.85,		285.30
 59,		184.24,		233.86,		288.58
 60,		186.85,		233.95,		290.43
 61,		185.39,		233.94,		284.60
 62,		185.53,		235.07,		288.28
 63,		182.76,		232.83,		288.13
 64,		182.42,		232.10,		284.96
 65,		180.75,		232.63,		285.58
 66,		183.89,		232.81,		285.77
 67,		180.61,		231.08,		281.98
 68,		183.13,		231.83,		278.98
 69,		178.81,		232.27,		286.27
 70,		178.19,		233.11,		285.21
 71,		181.91,		232.14,		287.37
 72,		180.63,		231.71,		287.04
 73,		183.62,		232.46,		286.19
 74,		186.67,		232.82,		286.16
 75,		185.95,		234.36,		286.88
 76,		187.39,		233.63,		287.63
 77,		186.27,		232.98,		283.95
 78,		185.92,		233.17,		285.67
 79,		185.79,		233.46,		286.40
 80,		182.52,		233.22,		286.84
 81,		186.31,		232.60,		284.81
 82,		185.89,		231.99,		282.64
 83,		182.50,		231.96,		282.55
 84,		187.83,		233.01,		286.41
 85,		183.88,		234.25,		285.36
 86,		185.21,		232.93,		288.04
 87,		186.36,		233.37,		287.08
 88,		185.96,		233.95,		284.19
 89,		184.57,		234.92,		284.08
 90,		187.48,		234.81,		288.88
 91,		187.46,		234.86,		288.65
 92,		182.11,		233.39,		289.18
 93,		182.53,		235.29,		290.71
 94,		183.22,		235.59,		289.61
 95,		182.03,		234.05,		291.63
 96,		181.26,		233.94,		292.65
 97,		181.52,		232.38,		291.12
 98,		180.17,		231.15,		288.70
 99,		184.72,		232.71,		287.07
100,		183.91,		230.33,		285.48
101,		182.89,		232.28,		283.14
102,		187.54,		233.77,		290.78
103,		185.78,		235.68,		289.50
104,		185.47,		235.77,		289.44
105,		187.62,		235.63,		290.76
106,		183.79,		235.08,		288.58
107,		184.73,		235.14,		285.89
108,		185.55,		235.76,		287.30
109,		187.43,		238.31,		294.01
110,		189.38,		238.77,		292.94
111,		189.86,		240.35,		290.22
112,		189.52,		241.56,		294.32
113,		187.63,		241.11,		289.93
114,		187.61,		239.82,		291.61
115,		187.91,		238.73,		290.68
116,		186.22,		238.43,		295.37
117,		186.54,		238.81,		296.89
118,		184.80,		239.02,		293.49
119,		184.27,		239.24,		294.87
120,		186.18,		239.82,		298.94
121,		187.28,		239.63,		295.10
122,		188.65,		238.03,		294.79
123,		187.73,		237.99,		293.71
124,		190.46,		236.67,		293.61
125,		188.47,		236.83,		288.92
126,		186.07,		235.89,		284.70
127,		186.24,		236.46,		289.01
128,		187.17,		237.11,		287.44
129,		192.07,		237.27,		289.97
130,		187.02,		237.51,		289.22
131,		186.84,		237.44,		290.67
132,		187.41,		237.50,		288.71
133,		188.59,		238.10,		291.16
134,		187.27,		237.51,		289.25
135,		186.17,		236.56,		289.70
136,		189.90,		238.18,		293.05
137,		187.46,		237.73,		288.61
138,		187.23,		237.89,		293.53
139,		189.19,		238.95,		294.89
140,		186.76,		240.03,		291.88
141,		189.50,		240.53,		293.50
142,		189.45,		242.45,		293.09
143,		189.88,		242.33,		293.73
144,		192.63,		241.76,		295.45
145,		192.42,		242.50,		298.86
146,		190.88,		241.54,		296.13
147,		188.94,		242.43,		294.76
148,		191.46,		242.49,		297.03
149,		193.54,		242.34,		297.51
150,		191.13,		242.83,		297.37
151,		192.85,		242.64,		298.85
152,		192.93,		242.22,		294.67
153,		194.12,		242.60,		299.79
154,		193.95,		242.84,		295.43
155,		193.99,		242.37,		292.64
156,		192.10,		242.93,		294.24
157,		194.37,		244.09,		297.08
158,		196.07,		243.32,		297.21
159,		195.62,		244.96,		302.26
160,		195.64,		245.30,		296.48
161,		194.79,		245.60,		294.72
162,		195.66,		244.18,		299.41
163,		195.30,		243.42,		295.28
164,		196.15,		241.47,		297.81
165,		190.15,		239.73,		296.37
166,		190.33,		241.41,		295.13
167,		196.73,		244.31,		300.94
168,		191.90,		242.32,		298.49
169,		190.66,		241.25,		297.55
170,		188.81,		240.71,		299.25
171,		187.25,		240.35,		298.35
172,		188.74,		240.85,		295.41
173,		188.06,		240.85,		292.12
174,		189.76,		240.71,		295.53
175,		193.58,		242.33,		297.02
176,		189.40,		241.18,		298.38
177,		189.13,		242.50,		301.52
178,		188.55,		243.08,		296.72
179,		186.86,		242.98,		297.29
180,		189.39,		244.05,		294.98
181,		190.86,		243.30,		296.45
182,		189.23,		242.94,		293.61
183,		188.94,		244.35,		297.22
184,		191.50,		244.95,		302.17
185,		189.97,		245.28,		301.86
186,		190.22,		244.89,		301.44
187,		192.55,		244.41,		300.85
188,		192.90,		242.85,		300.69
189,		190.97,		244.25,		301.70
190,		190.36,		244.82,		303.43
191,		190.74,		244.79,		302.23
192,		192.79,		245.07,		302.95
193,		189.57,		243.57,		297.26
194,		191.55,		244.49,		300.36
195,		194.42,		244.56,		298.99
196,		191.72,		243.90,		296.53
197,		193.04,		244.30,		299.71
198,		194.71,		243.93,		295.91
199,		190.98,		242.65,		297.11
200,		191.37,		242.79,		294.99
201,		189.16,		243.43,		299.79
202,		188.76,		241.71,		299.40
203,		188.46,		241.02,		295.02
204,		188.15,		241.21,		297.84
205,		190.31,		242.34,		298.51
206,		188.01,		241.67,		296.11
207,		189.19,		241.02,		297.65
208,		190.63,		242.36,		299.60
209,		190.41,		241.35,		293.56
210,		189.41,		240.81,		297.34
211,		187.27,		240.64,		299.02
212,		190.54,		238.30,		292.03
213,		191.31,		240.00,		298.54
214,		191.24,		241.13,		291.19
215,		188.51,		240.87,		291.75
216,		187.87,		241.63,		293.48
217,		189.41,		243.67,		293.88
218,		189.00,		242.93,		300.25
219,		189.54,		243.19,		298.57
220,		193.83,		243.51,		297.56
221,		192.51,		244.15,		298.07
222,		193.17,		245.68,		303.57
223,		194.05,		247.50,		303.43
224,		198.56,		248.73,		300.23
225,		194.20,		249.48,		303.56
226,		195.31,		250.35,		304.57
227,		197.84,		251.64,		307.52
228,		198.51,		251.96,		306.35
229,		199.36,		252.52,		308.51
230,		199.01,		252.80,		306.39
231,		202.24,		253.63,		311.00
232,		202.61,		252.65,		304.87
233,		203.14,		253.16,		308.95
234,		201.21,		254.40,		310.48
235,		202.39,		254.30,		307.48
236,		199.47,		253.60,		307.61
237,		202.99,		254.58,		311.25
238,		200.01,		252.79,		307.48
239,		200.10,		251.77,		306.78
240,		198.97,		250.87,		307.17
241,		199.50,		251.10,		308.28
242,		197.70,		252.42,		302.85
243,		200.01,		252.74,		308.18
244,		200.48,		252.58,		306.82
245,		200.01,		253.01,		308.92
246,		194.29,		251.40,		309.69
247,		197.13,		251.90,		305.35
248,		199.48,		250.53,		304.02
249,		200.22,		249.00,		304.83
250,		197.53,		249.74,		306.06
251,		202.09,		250.61,		306.70
252,		199.70,		250.78,		306.28
253,		196.64,		250.36,		305.12
254,		198.75,		251.82,		305.98
255,		197.97,		250.22,		307.44
256,		199.75,		251.86,		308.25
257,		195.69,		250.73,		305.46
258,		196.93,		251.22,		305.48
259,		198.28,		250.74,		307.89
260,		197.58,		251.49,		306.31
261,		196.03,		251.55,		307.40
262,		197.73,		252.38,		307.00
263,		198.29,		252.41,		309.50
264,		198.58,		250.87,		308.43
265,		199.89,		250.76,		303.98
266,		201.86,		251.79,		305.80
267,		201.80,		251.03,		307.31
268,		201.41,		250.66,		307.90
269,		201.26,		250.31,		305.59
270,		199.39,		251.21,		303.40
271,		199.48,		251.71,		302.84
272,		198.33,		250.08,		304.12
273,		193.73,		247.85,		303.74
274,		193.55,		248.43,		299.58
275,		199.75,		250.05,		303.76
276,		199.70,		252.43,		308.30
277,		202.12,		253.77,		309.88
278,		195.83,		251.16,		305.36
279,		193.90,		252.05,		305.23
280,		195.50,		250.89,		300.99
281,		198.27,		249.96,		302.01
282,		197.47,		250.17,		305.94
283,		195.37,		247.83,		307.86
284,		192.27,		247.35,		303.01
285,		196.80,		248.21,		304.67
286,		196.88,		246.58,		305.07
287,		196.30,		246.12,		301.17
288,		195.87,		245.73,		299.85
289,		199.49,		246.44,		302.11
290,		197.89,		246.90,		300.14
291,		195.45,		246.74,		301.56
292,		194.48,		245.93,		302.87
293,		193.34,		245.63,		301.00
294,		194.95,		247.06,		304.74
295,		198.18,		247.70,		299.70
296,		196.24,		248.32,		303.44
297,		196.71,		248.13,		301.05
298,		197.86,		248.67,		300.74
299,		201.55,		248.78,		302.92
300,		201.74,		248.09,		302.07
301,		201.95,		248.62,		302.36
302,		198.60,		247.48,		299.89
303,		199.24,		248.32,		302.95
304,		200.68,		248.95,		307.64
305,		198.19,		248.74,		304.22
306,		200.31,		247.55,		302.24
307,		199.80,		248.70,		302.62
308,		198.16,		248.01,		298.56
309,		194.81,		247.02,		305.49
310,		198.64,		246.51,		300.92
311,		198.72,		248.57,		305.66
312,		196.75,		248.16,		302.86
313,		196.94,		248.64,		304.13
314,		196.76,		249.38,		304.63
315,		199.64,		249.38,		303.90
316,		198.64,		250.23,		305.82
317,		199.79,		249.63,		305.08
318,		197.92,		249.86,		303.53
319,		197.64,		248.73,		306.29
320,		197.61,		248.96,		305.88
321,		194.45,		249.93,		302.83
322,		196.28,		250.23,		303.92
323,		193.98,		250.03,		301.72
324,		194.37,		249.73,		305.84
325,		194.53,		249.81,		306.74
326,		194.03,		250.08,		308.86
327,		195.90,		249.70,		309.14
328,		197.51,		247.01,		302.86
329,		200.44,		247.19,		302.67
330,		194.35,		246.88,		303.81
331,		193.21,		246.03,		301.31
332,		193.44,		246.19,		300.77
333,		195.97,		245.60,		306.65
334,		195.50,		246.76,		303.85
335,		197.36,		245.93,		303.37
336,		196.96,		244.89,		301.86
337,		197.79,		246.17,		299.70
338,		196.27,		246.14,		298.32
339,		191.62,		245.28,		297.32
340,		193.19,		244.82,		297.48
341,		192.65,		244.61,		302.82
342,		192.46,		243.71,		297.84
343,		190.75,		242.87,		299.43
344,		190.64,		243.43,		299.98
345,		189.79,		243.33,		299.21
346,		192.58,		241.96,		297.12
347,		192.76,		242.17,		294.97
348,		194.03,		242.56,		297.17
349,		190.57,		244.51,		303.76
350,		194.82,		244.91,		299.27
351,		194.69,		245.28,		301.11
352,		193.57,		243.32,		302.44
353,		188.18,		241.38,		299.05
354,		189.65,		241.75,		300.72
355,		189.93,		240.30,		297.54
356,		190.23,		240.15,		298.94
357,		188.03,		240.91,		294.42
358,		188.84,		242.22,		293.84
359,		190.81,		242.40,		292.91
360,		190.81,		242.75,		297.34
361,		191.04,		241.90,		299.44
362,		192.91,		244.04,		298.17
363,		191.31,		244.43,		297.50
364,		192.13,		242.92,		296.28
365,		191.57,		243.58,		299.72
366,		191.34,		242.91,		296.29
367,		189.55,		242.96,		295.62
368,		194.16,		243.66,		296.06
369,		192.38,		244.13,		294.79
370,		189.46,		244.58,		300.52
371,		189.10,		245.03,		297.51
372,		187.10,		245.41,		300.20
373,		188.85,		244.53,		297.83
374,		189.27,		245.63,		303.88
375,		191.90,		246.28,		302.69
376,		190.76,		243.87,		296.70
377,		190.62,		244.95,		299.61
378,		191.04,		245.40,		298.25
379,		191.31,		245.03,		302.04
380,		191.13,		245.52,		301.23
381,		191.34,		245.32,		298.53
382,		190.12,		245.13,		299.35
383,		193.19,		244.66,		296.40
384,		194.19,		244.25,		294.81
385,		189.64,		243.97,		296.71
386,		190.50,		244.05,		302.52
387,		190.85,		244.77,		304.16
388,		193.32,		246.08,		299.25
389,		192.56,		244.76,		296.43
390,		193.82,		245.98,		298.66
391,		189.28,		244.39,		299.33
392,		188.69,		245.40,		299.39
393,		190.44,		246.27,		298.37
394,		189.21,		244.85,		295.08
395,		188.67,		244.79,		300.93
396,		191.25,		245.03,		298.93
397,		192.82,		245.66,		299.77
398,		195.15,		246.54,		297.26
399,		196.51,		247.47,		298.54
400,		194.45,		248.70,		302.53
401,		197.62,		249.15,		303.85
402,		201.13,		249.55,		301.58
403,		196.55,		249.45,		301.97
404,		198.07,		249.18,		306.42
405,		196.76,		248.83,		305.53
406,		197.08,		248.00,		306.71
407,		194.88,		246.88,		305.83
408,		194.08,		246.92,		300.72
409,		194.92,		248.53,		303.64
410,		198.68,		249.87,		303.81
411,		197.65,		248.11,		296.81
412,		199.04,		247.98,		301.45
413,		198.32,		248.02,		299.60
414,		197.99,		247.17,		297.65
415,		197.03,		247.47,		300.90
416,		194.98,		247.00,		301.22
417,		197.22,		247.80,		300.82
418,		198.33,		247.60,		297.19
419,		194.47,		247.01,		300.84
420,		191.51,		245.76,		298.62
421,		193.50,		247.04,		303.73
422,		194.32,		246.94,		302.78
423,		197.56,		247.31,		300.86
424,		193.79,		248.06,		305.22
425,		196.46,		249.22,		302.86
426,		199.83,		248.64,		304.28
427,		198.37,		248.61,		307.02
428,		195.41,		247.67,		304.90
429,		195.33,		247.35,		299.65
430,		197.60,		248.14,		298.34
431,		195.30,		248.87,		302.67
432,		197.94,		247.17,		300.80
433,		195.64,		246.98,		298.51
434,		194.24,		246.14,		299.56
435,		196.21,		245.79,		295.88
436,		193.22,		245.05,		299.38
437,		192.70,		244.99,		297.71
438,		194.51,		243.35,		295.30
439,		194.32,		243.03,		295.30
440,		195.74,		243.83,		297.36
441,		194.11,		243.06,		294.82
442,		195.02,		243.60,		297.28
443,		191.73,		242.92,		297.77
444,		191.72,		242.66,		295.49
445,		191.40,		241.96,		295.76
446,		188.37,		241.67,		292.39
447,		193.12,		241.89,		294.63
448,		194.38,		242.48,		293.99
449,		191.32,		240.59,		296.11
450,		188.59,		238.46,		292.96
451,		190.39,		237.82,		298.73
452,		188.25,		237.97,		294.61
453,		189.25,		238.57,		294.57
454,		189.50,		236.91,		292.29
455,		185.92,		236.78,		290.47
456,		185.63,		238.26,		290.70
457,		186.09,		236.38,		289.47
458,		185.69,		236.05,		288.75
459,		187.06,		236.40,		289.63
460,		186.81,		237.26,		290.58
461,		188.63,		237.19,		291.78
462,		189.38,		236.54,		292.57
463,		188.61,		236.72,		292.65
464,		189.16,		236.56,		291.22
465,		189.64,		237.46,		292.33
466,		185.31,		236.25,		290.65
467,		184.92,		237.53,		293.10
468,		191.77,		237.82,		292.07
469,		189.10,		237.63,		291.70
470,		187.06,		235.77,		293.31
471,		185.25,		235.11,		290.68
472,		184.45,		234.37,		291.72
473,		184.34,		234.18,		289.66
474,		187.24,		235.66,		289.47
475,		186.07,		236.40,		292.97
476,		183.29,		234.89,		292.49
477,		186.61,		233.63,		288.08
478,		186.11,		234.93,		290.08
479,		183.39,		235.04,		283.47
480,		182.46,		233.26,		286.85
481,		182.40,		232.98,		288.24
482,		184.17,		233.10,		292.99
483,		183.19,		232.48,		286.90
484,		182.76,		233.95,		284.09
485,		181.77,		235.24,		292.21
486,		184.64,		235.46,		289.99
487,		185.36,		235.54,		289.71
488,		187.14,		236.40,		290.92
489,		186.49,		236.03,		289.35
490,		186.03,		235.52,		290.12
491,		187.11,		235.23,		287.68
492,		188.58,		234.55,		287.91
493,		186.28,		234.23,		289.00
494,		183.52,		235.73,		292.48
495,		185.76,		235.41,		287.70
496,		187.00,		235.81,		289.79
497,		182.32,		235.84,		290.67
498,		187.29,		235.34,		293.47
499,		188.46,		237.03,		290.47
500,		188.25,		237.41,		291.22
501,		186.51,		238.46,		292.62
502,		187.17,		236.34,		288.78
503,		185.93,		236.56,		287.94
504,		189.71,		236.67,		289.11
505,		190.43,		236.23,		288.37
506,		191.57,		235.66,		287.41
507,		188.31,		236.41,		287.84
508,		188.09,		235.70,		289.94
509,		187.10,		236.05,		287.19
510,		185.50,		236.05,		286.42
511,		189.01,		236.24,		285.11
512,		188.96,		237.30,		288.79
513,		190.01,		237.57,		290.61
514,		190.97,		238.94,		290.37
515,		188.13,		238.64,		294.97
516,		192.09,		238.10,		291.85
517,		189.52,		238.28,		290.97
518,		187.29,		237.10,		291.13
519,		191.20,		237.45,		290.20
520,		187.84,		237.58,		291.05
521,		188.85,		236.74,		290.66
522,		189.64,		236.21,		290.99
523,		187.34,		235.67,		286.64
524,		187.54,		236.60,		287.59
525,		191.30,		238.47,		290.09
526,		186.65,		238.10,		294.06
527,		189.75,		238.70,		291.88
528,		189.21,		238.53,		289.25
529,		188.46,		238.25,		292.17
530,		188.54,		238.76,		288.28
531,		187.30,		239.19,		292.31
532,		190.59,		238.76,		290.97
533,		189.78,		238.09,		290.01
534,		188.12,		238.80,		296.14
535,		190.87,		238.96,		292.01
536,		191.39,		239.45,		294.79
537,		194.10,		239.41,		295.17
538,		191.62,		238.09,		292.26
539,		189.96,		236.75,		288.92
540,		189.48,		237.40,		285.44
541,		191.58,		238.29,		289.36
542,		188.49,		239.08,		291.59
543,		188.33,		239.07,		293.02
544,		186.75,		237.30,		291.12
545,		187.96,		238.70,		296.35
546,		189.91,		239.58,		294.85
547,		188.17,		238.19,		293.65
548,		186.00,		238.19,		295.49
549,		189.14,		238.49,		289.78
550,		190.94,		238.34,		290.84
551,		187.21,		237.11,		293.09
552,		188.73,		237.86,		292.02
553,		192.26,		236.68,		292.96
554,		187.53,		236.35,		292.95
555,		184.29,		237.41,		288.87
556,		189.65,		239.02,		294.03
557,		189.47,		237.64,		294.34
558,		187.26,		238.09,		294.90
559,		188.75,		238.75,		296.65
560,		186.03,		238.81,		293.48
561,		188.65,		240.59,		295.06
562,		188.12,		238.36,		295.79
563,		186.93,		236.44,		294.20
564,		188.13,		237.27,		294.90
565,		190.25,		236.77,		292.53
566,		189.92,		238.08,		291.92
567,		187.01,		238.30,		290.33
568,		190.39,		239.43,		291.53
569,		187.92,		238.33,		290.83
570,		185.66,		239.45,		290.43
571,		189.71,		239.40,		294.48
572,		191.60,		240.10,		293.23
573,		190.68,		239.90,		289.53
574,		190.45,		240.46,		290.07
575,		188.82,		240.57,		293.53
576,		189.32,		240.17,		289.92
577,		191.78,		240.82,		289.25
578,		190.86,		242.36,		292.36
579,		192.92,		242.87,		294.41
580,		193.38,		242.73,		297.41
581,		192.08,		242.84,		296.57
582,		190.03,		242.72,		296.63
583,		192.23,		243.23,		296.80
584,		194.50,		243.60,		296.55
585,		191.46,		242.87,		296.64
586,		193.66,		242.24,		298.09
587,		193.29,		240.83,		294.24
588,		190.22,		238.67,		293.32
589,		187.12,		240.70,		294.84
590,		189.72,		242.93,		300.16
591,		190.56,		242.80,		299.05
592,		190.45,		241.14,		298.35
593,		186.79,		240.64,		296.82
594,		187.58,		241.52,		297.82
595,		188.32,		240.20,		297.64
596,		186.91,		239.06,		295.35
597,		186.41,		238.93,		294.57
598,		188.78,		239.33,		293.35
599,		182.31,		239.21,		294.61
600,		182.19,		239.17,		294.66
601,		185.38,		239.25,		296.52
602,		186.40,		238.35,		293.71
603,		184.94,		237.84,		295.51
604,		186.98,		237.82,		290.96
605,		187.53,		237.01,		289.83
606,		189.18,		236.88,		289.99
607,		184.72,		235.17,		289.31
608,		182.41,		234.53,		289.10
609,		183.83,		234.72,		289.11
610,		182.52,		235.56,		288.61
611,		184.69,		234.96,		287.98
612,		188.17,		235.08,		287.19
613,		186.24,		234.66,		286.09
614,		185.76,		234.51,		289.07
615,		184.90,		234.76,		289.08
616,		187.65,		233.91,		286.37
617,		183.50,		233.07,		286.66
618,		182.67,		235.31,		286.14
619,		183.83,		233.91,		284.53
620,		185.56,		232.55,		285.28
621,		184.54,		231.59,		289.17
622,		180.62,		231.14,		288.28
623,		179.52,		230.29,		284.63
624,		180.91,		228.90,		285.01
625,		182.10,		227.88,		285.75
626,		180.96,		227.71,		283.74
627,		181.80,		228.99,		283.56
628,		176.67,		228.44,		285.84
629,		178.59,		226.72,		286.89
630,		179.16,		226.66,		281.50
631,		177.04,		226.15,		280.27
632,		176.80,		226.74,		283.29
633,		178.68,		228.25,		286.02
634,		177.43,		228.35,		281.68
635,		180.08,		228.22,		280.34
636,		180.77,		227.67,		279.24
637,		184.18,		228.69,		281.51
638,		180.97,		226.90,		280.91
639,		179.61,		228.39,		286.50
640,		179.14,		227.88,		284.15
641,		178.03,		227.28,		280.64
642,		178.84,		226.72,		280.51
643,		178.84,		227.67,		280.52
644,		178.75,		227.96,		281.38
645,		180.61,		227.71,		281.18
646,		180.03,		227.32,		281.38
647,		183.01,		227.70,		278.46
648,		180.48,		226.78,		279.91
649,		181.83,		226.34,		279.68
650,		182.67,		228.69,		280.05
651,		180.81,		226.97,		282.10
652,		181.39,		226.58,		278.88
653,		181.65,		226.86,		277.42
654,		182.63,		227.54,		282.09
655,		182.52,		227.89,		281.92
656,		180.99,		228.95,		279.99
657,		178.85,		227.54,		281.59
658,		178.48,		227.06,		281.15
659,		180.64,		227.93,		281.11
660,		179.78,		228.34,		285.45
661,		176.54,		226.88,		282.18
662,		175.54,		228.22,		282.31
663,		174.45,		229.06,		282.83
664,		177.12,		229.22,		284.00
665,		178.79,		228.65,		283.92
666,		177.21,		227.27,		282.82
667,		175.35,		227.71,		286.59
668,		178.24,		226.36,		282.66
669,		171.95,		227.09,		284.20
670,		180.83,		228.94,		286.91
671,		180.43,		227.82,		281.67
672,		179.67,		228.40,		283.82
673,		177.81,		231.01,		287.38
674,		179.44,		230.91,		287.90
675,		178.78,		230.16,		285.27
676,		181.55,		229.77,		282.73
677,		182.17,		229.99,		283.17
678,		182.95,		231.05,		287.06
679,		185.57,		232.12,		285.66
680,		182.38,		232.33,		284.90
681,		184.28,		232.74,		284.92
682,		181.16,		232.26,		286.11
683,		181.40,		231.31,		283.81
684,		182.88,		231.09,		285.50
685,		182.16,		231.37,		284.43
686,		183.01,		230.76,		287.46
687,		183.18,		230.78,		287.32
688,		184.23,		230.95,		287.39
689,		184.02,		230.78,		289.37
690,		182.35,		230.32,		280.46
691,		184.21,		229.97,		281.21
692,		181.67,		229.82,		283.14
693,		180.37,		230.75,		285.41
694,		182.90,		231.98,		289.41
695,		181.31,		230.45,		286.97
696,		180.85,		229.57,		284.06
697,		179.13,		229.72,		285.17
698,		182.34,		230.11,		284.50
699,		182.65,		228.07,		281.46
700,		180.88,		226.98,		277.46
701,		181.32,		228.00,		282.27
702,		179.52,		226.26,		280.77
703,		177.79,		225.74,		278.18
704,		177.88,		225.14,		279.30
705,		181.46,		225.09,		276.76
706,		178.48,		225.95,		277.71
707,		178.73,		226.99,		279.76
708,		177.42,		225.20,		282.80
709,		178.18,		225.69,		280.12
710,		176.59,		224.31,		279.40
711,		176.32,		225.11,		278.11
712,		178.96,		225.67,		280.11
713,		178.77,		226.55,		276.33
714,		176.35,		224.20,		280.48
715,		174.34,		224.06,		278.96
716,		173.06,		221.53,		278.36
717,		172.75,		223.13,		280.43
718,		172.13,		224.76,		282.61
719,		170.35,		223.86,		282.82
720,		172.34,		222.71,		278.23
721,		171.73,		221.88,		275.73
722,		171.20,		221.97,		274.54
723,		171.70,		222.77,		275.93
724,		172.59,		222.80,		278.21
725,		174.69,		223.39,		276.79
726,		177.65,		223.85,		276.04
727,		174.39,		225.21,		275.53
728,		177.29,		225.12,		273.68
729,		179.07,		224.19,		273.01
730,		176.60,		223.13,		275.83
731,		175.65,		222.70,		277.29
732,		175.99,		222.89,		276.80
733,		175.16,		223.40,		273.92
734,		178.35,		223.86,		278.99
735,		177.96,		223.81,		278.45
736,		175.70,		222.95,		277.64
737,		174.70,		223.75,		276.10
738,		178.41,		224.79,		277.51
739,		176.59,		224.47,		279.02
740,		176.82,		225.59,		277.98
741,		175.67,		224.58,		278.31
742,		174.58,		221.89,		278.91
743,		175.23,		223.88,		281.27
744,		177.13,		222.86,		282.70
745,		174.50,		222.79,		278.58
746,		171.01,		222.94,		278.09
747,		170.47,		222.01,		280.94
748,		174.63,		222.31,		281.33
749,		171.69,		224.09,		280.06
750,		173.23,		225.20,		282.59
751,		174.32,		225.42,		284.64
752,		177.70,		226.79,		284.10
753,		175.67,		228.14,		285.78
754,		175.70,		228.04,		285.32
755,		176.29,		226.79,		283.84
756,		180.76,		228.75,		280.99
757,		179.83,		227.96,		284.11
758,		181.30,		226.77,		285.00
759,		179.24,		225.81,		281.90
760,		177.37,		225.29,		281.19
761,		175.09,		225.87,		284.66
762,		176.37,		226.31,		280.64
763,		174.92,		225.35,		281.45
764,		178.17,		224.89,		279.21
765,		178.70,		225.26,		279.64
766,		177.80,		224.18,		277.08
767,		178.57,		225.33,		277.26
768,		179.37,		224.55,		271.87
769,		179.69,		224.60,		272.96
770,		181.50,		225.45,		277.26
771,		176.46,		224.51,		280.25
772,		176.31,		224.64,		281.89
773,		177.01,		224.20,		278.01
774,		176.25,		224.07,		279.80
775,		179.59,		225.15,		282.65
776,		178.12,		225.05,		274.59
777,		178.42,		225.68,		277.65
778,		177.81,		226.37,		282.67
779,		181.33,		225.93,		279.71
780,		179.52,		227.25,		280.61
781,		181.78,		228.26,		284.16
782,		182.36,		229.09,		281.25
783,		179.55,		228.94,		280.69
784,		182.31,		229.60,		278.97
785,		181.22,		229.57,		279.65
786,		180.96,		230.74,		284.40
787,		180.21,		230.46,		285.97
788,		182.42,		230.71,		283.32
789,		185.43,		231.25,		280.60
790,		185.47,		231.38,		284.39
791,		183.60,		231.98,		282.52
792,		184.17,		231.02,		283.68
793,		181.53,		230.41,		283.00
794,		181.16,		230.41,		281.39
795,		183.08,		230.13,		282.91
796,		185.35,		231.18,		283.42
797,		183.36,		230.78,		283.31
798,		185.98,		231.94,		281.06
799,		182.56,		231.66,		287.60
800,		180.33,		228.75,		286.50
801,		180.48,		227.97,		281.75
802,		181.86,		226.90,		281.98
803,		178.75,		228.10,		279.87
804,		178.30,		228.34,		282.21
805,		178.49,		228.73,		281.49
806,		179.29,		228.98,		281.51
807,		180.22,		229.15,		284.49
808,		179.49,		229.85,		285.32
809,		181.67,		230.72,		285.86
810,		181.81,		230.03,		287.06
811,		179.08,		229.25,		282.81
812,		180.75,		229.51,		283.34
813,		176.93,		226.96,		281.76
814,		175.90,		226.27,		287.17
815,		178.26,		226.36,		283.21
816,		178.43,		228.18,		285.72
817,		178.02,		226.01,		283.61
818,		177.53,		226.10,		280.84
819,		178.12,		225.18,		277.47
820,		180.39,		224.63,		279.09
821,		179.46,		223.55,		276.61
822,		180.29,		222.80,		276.03
823,		178.35,		223.04,		277.59
824,		178.33,		223.74,		276.12
825,		174.96,		223.25,		276.89
826,		176.10,		223.83,		277.36
827,		179.63,		223.04,		275.94
828,		175.31,		222.05,		278.08
829,		175.26,		221.74,		277.24
830,		177.97,		222.49,		277.41
831,		178.59,		222.59,		278.32
832,		179.52,		222.48,		273.59
833,		175.19,		222.11,		274.89
834,		177.70,		222.96,		277.55
835,		175.11,		222.92,		277.05
836,		173.61,		222.54,		279.66
837,		177.01,		223.10,		282.43
838,		176.09,		224.97,		280.36
839,		173.48,		224.20,		278.66
840,		176.83,		223.78,		278.13
841,		176.06,		223.64,		274.28
842,		174.09,		223.36,		275.73
843,		176.13,		223.70,		277.61
844,		174.56,		223.67,		277.01
845,		175.61,		222.92,		277.06
846,		176.70,		222.99,		276.79
847,		172.71,		223.60,		278.07
848,		172.43,		223.59,		275.70
849,		176.44,		222.34,		274.60
850,		175.81,		223.96,		274.46
851,		178.57,		223.62,		278.91
852,		175.16,		223.14,		278.99
853,		174.46,		224.26,		277.51
854,		173.29,		221.70,		275.96
855,		173.46,		219.24,		271.76
856,		170.36,		221.04,		277.27
857,		171.22,		220.66,		277.07
858,		175.33,		220.64,		275.90
859,		173.80,		219.34,		273.77
860,		173.88,		219.99,		272.90
861,		169.70,		220.35,		277.01
862,		170.18,		219.61,		272.49
863,		171.08,		219.38,		272.14
864,		172.02,		220.21,		271.47
865,		171.73,		219.91,		268.35
866,		170.86,		220.01,		272.44
867,		169.59,		220.21,		272.62
868,		169.53,		220.06,		271.88
869,		169.80,		219.19,		274.12
870,		174.37,		219.30,		273.37
871,		175.19,		220.51,		273.88
872,		174.44,		220.25,		276.00
873,		174.60,		220.74,		274.76
874,		175.94,		222.12,		275.11
875,		174.30,		221.52,		272.66
876,		171.88,		222.64,		278.16
877,		173.66,		222.20,		271.91
878,		173.79,		220.47,		271.45
879,		171.66,		221.71,		274.66
880,		169.89,		220.48,		278.04
881,		167.00,		220.72,		276.29
882,		170.78,		222.09,		274.60
883,		169.27,		219.84,		275.52
884,		171.38,		219.37,		277.11
885,		172.83,		218.86,		276.81
886,		170.34,		217.73,		273.07
887,		174.90,		218.47,		271.13
888,		174.26,		219.19,		271.77
889,		174.19,		218.41,		271.56
890,		172.31,		219.22,		270.16
891,		172.92,		220.21,		270.42
892,		171.10,		221.07,		272.11
893,		172.76,		221.97,		274.12
894,		174.63,		221.85,		275.41
895,		173.58,		222.69,		276.41
896,		170.53,		222.37,		277.15
897,		171.29,		221.71,		277.83
898,		172.24,		221.28,		276.47
899,		173.54,		222.27,		277.03
900,		171.81,		222.51,		277.47
901,		170.92,		222.61,		278.27
902,		174.27,		221.84,		276.95
903,		175.13,		224.28,		278.45
904,		172.24,		222.30,		277.28
905,		176.37,		222.77,		278.32
906,		178.92,		222.24,		277.39
907,		173.05,		219.43,		277.07
908,		176.40,		219.23,		272.43
909,		175.52,		220.28,		273.22
910,		169.89,		220.53,		276.88
911,		169.03,		219.11,		275.15
912,		168.48,		220.27,		272.81
913,		170.98,		220.49,		274.66
914,		170.55,		220.91,		273.56
915,		167.30,		218.23,		274.23
916,		166.72,		218.83,		272.93
917,		166.67,		217.83,		274.87
918,		167.15,		216.22,		277.57
919,		169.02,		216.60,		271.35
920,		169.20,		216.42,		274.05
921,		166.34,		216.35,		271.77
922,		164.57,		214.79,		268.75
923,		164.57,		214.90,		268.57
924,		167.18,		214.88,		266.55
925,		167.45,		214.79,		266.83
926,		167.94,		215.28,		270.00
927,		166.00,		215.71,		269.17
928,		168.58,		215.28,		269.16
929,		164.04,		215.48,		270.10
930,		164.46,		215.29,		270.02
931,		166.66,		216.19,		268.55
932,		166.25,		218.04,		271.55
933,		165.90,		218.24,		273.83
934,		166.09,		220.18,		272.45
935,		168.45,		218.51,		273.58
936,		168.83,		218.39,		276.74
937,		168.58,		217.72,		277.73
938,		165.69,		218.74,		278.50
939,		167.55,		219.57,		275.95
940,		166.09,		220.69,		274.99
941,		168.68,		217.99,		272.20
942,		170.30,		217.60,		273.32
943,		169.12,		218.49,		275.54
944,		168.98,		217.27,		271.10
945,		165.45,		216.37,		272.60
946,		169.04,		217.35,		275.04
947,		168.40,		217.56,		274.35
948,		170.15,		216.75,		271.35
949,		166.97,		216.18,		268.69
950,		168.55,		215.68,		269.92
951,		170.50,		214.69,		266.63
952,		169.95,		215.05,		270.59
953,		171.29,		214.98,		266.85
954,		168.20,		213.17,		266.28
955,		164.72,		213.48,		270.28
956,		166.23,		213.85,		266.69
957,		165.93,		214.17,		269.22
958,		164.16,		213.93,		268.67
959,		163.89,		214.26,		267.33
960,		162.29,		215.67,		269.76
961,		164.97,		214.86,		268.58
962,		163.76,		215.26,		269.01
963,		166.19,		214.05,		268.22
964,		165.63,		214.20,		266.45
965,		166.26,		215.37,		266.47
966,		166.77,		214.74,		266.54
967,		167.06,		216.63,		268.87
968,		169.01,		217.59,		268.35
969,		167.99,		218.34,		268.36
970,		169.03,		218.48,		266.96
971,		171.29,		218.80,		267.91
972,		174.46,		219.47,		268.17
973,		172.06,		219.87,		274.09
974,		168.93,		218.56,		273.26
975,		166.25,		217.53,		271.61
976,		168.63,		217.32,		271.53
977,		167.95,		217.13,		271.50
978,		166.15,		216.32,		272.92
979,		167.42,		215.47,		269.28
980,		166.45,		215.59,		269.81
981,		168.74,		215.60,		271.32
982,		167.40,		215.10,		269.74
983,		163.90,		215.17,		266.09
984,		165.67,		215.75,		271.13
985,		165.69,		215.68,		268.46
986,		168.83,		215.22,		267.81
987,		165.66,		215.55,		270.08
988,		168.35,		214.64,		266.69
989,		166.51,		216.30,		267.40
990,		166.87,		217.09,		267.18
991,		168.90,		217.63,		272.03
992,		168.04,		216.18,		269.75
993,		167.02,		217.40,		269.84
994,		167.62,		216.74,		271.63
995,		171.95,		216.92,		266.57
996,		170.15,		216.16,		272.92
997,		169.50,		215.78,		268.69
998,		167.50,		215.05,		266.55
999,		168.57,		215.15,		267.45
