RANDOM_SEED, 1698988063
GEN,		MIN,			AVE,			MAX,
0,		49.89,		254.86,		525.65,
1,		83.91,		245.33,		486.63,
2,		72.05,		230.58,		432.67,
3,		86.81,		230.87,		400.93,
4,		86.40,		226.93,		381.24,
5,		90.50,		228.58,		331.97,
6,		116.62,		231.73,		327.81,
7,		121.92,		231.17,		326.87,
8,		140.97,		222.48,		292.09,
9,		158.81,		225.96,		289.42,
10,		154.88,		230.02,		279.73,
11,		153.07,		230.20,		293.65,
12,		154.31,		230.17,		285.77,
13,		155.40,		230.17,		287.89,
14,		200.05,		234.99,		320.46,
15,		149.36,		235.59,		287.92,
16,		149.84,		247.74,		326.24,
17,		146.34,		241.87,		346.23,
18,		147.59,		235.62,		335.41,
19,		153.10,		234.88,		291.76,
20,		154.43,		234.34,		286.91,
21,		137.92,		219.73,		287.40,
22,		133.22,		227.34,		298.99,
23,		138.75,		217.35,		289.58,
24,		160.02,		220.34,		264.56,
25,		137.80,		224.59,		289.18,
26,		180.76,		220.53,		283.88,
27,		179.60,		228.99,		279.48,
28,		177.69,		228.90,		295.95,
29,		157.23,		232.66,		284.83,
30,		173.16,		234.18,		294.25,
31,		164.70,		227.48,		293.23,
32,		133.79,		219.94,		285.46,
33,		126.86,		229.80,		294.39,
34,		139.51,		233.70,		282.65,
35,		148.75,		234.83,		287.99,
36,		170.21,		237.59,		289.68,
37,		168.85,		236.65,		296.90,
38,		177.27,		227.50,		290.87,
39,		166.99,		220.63,		282.71,
40,		166.75,		214.71,		276.01,
41,		144.27,		216.12,		262.70,
42,		159.63,		212.89,		252.93,
43,		154.34,		215.35,		276.03,
44,		145.01,		215.60,		272.05,
45,		138.78,		211.79,		249.04,
46,		151.96,		212.05,		260.12,
47,		134.63,		209.85,		248.87,
48,		137.84,		206.90,		250.92,
49,		180.28,		207.50,		254.81,
50,		169.41,		208.90,		243.16,
51,		162.39,		209.08,		256.39,
52,		155.75,		208.67,		257.20,
53,		136.48,		208.07,		256.08,
54,		139.93,		207.44,		260.56,
55,		134.77,		212.85,		274.91,
56,		152.20,		211.55,		274.32,
57,		134.01,		209.05,		254.79,
58,		135.24,		208.00,		272.33,
59,		134.00,		207.37,		257.87,
60,		138.38,		207.63,		255.94,
61,		169.97,		207.67,		260.13,
62,		171.51,		207.93,		257.72,
63,		134.39,		207.47,		252.37,
64,		184.38,		206.65,		254.17,
65,		136.28,		206.70,		250.63,
66,		135.07,		206.91,		244.74,
67,		132.91,		207.33,		256.55,
68,		132.85,		209.26,		259.17,
69,		134.64,		210.68,		254.10,
70,		127.00,		211.82,		260.87,
71,		133.72,		209.56,		252.57,
72,		140.18,		209.15,		267.89,
73,		132.54,		209.31,		251.12,
74,		162.78,		208.71,		275.41,
75,		143.70,		210.76,		266.14,
76,		184.05,		209.28,		263.21,
77,		189.36,		210.52,		262.44,
78,		152.73,		208.68,		263.53,
79,		152.50,		208.43,		259.97,
80,		153.21,		232.76,		300.74,
81,		190.08,		221.71,		266.12,
82,		174.70,		216.97,		266.57,
83,		139.36,		212.17,		265.48,
84,		137.48,		210.63,		261.03,
85,		129.95,		225.83,		294.39,
86,		135.56,		219.67,		297.28,
87,		145.09,		216.21,		298.36,
88,		134.99,		224.86,		278.26,
89,		137.54,		229.43,		283.19,
90,		140.71,		232.11,		274.00,
91,		165.15,		217.62,		280.85,
92,		161.31,		214.47,		283.17,
93,		150.81,		211.91,		267.12,
94,		152.94,		222.55,		271.98,
95,		151.32,		213.23,		276.75,
96,		152.30,		215.54,		259.92,
97,		147.23,		214.32,		257.96,
98,		144.15,		210.58,		272.78,
99,		142.42,		221.36,		273.37,
100,		131.29,		213.11,		274.80,
101,		125.68,		223.80,		271.57,
102,		153.81,		237.55,		318.09,
103,		168.65,		245.65,		288.36,
104,		201.18,		254.94,		295.82,
105,		178.51,		253.92,		288.61,
106,		200.72,		258.89,		310.41,
107,		193.33,		264.70,		310.40,
108,		198.36,		284.91,		344.97,
109,		199.70,		300.88,		370.45,
110,		200.74,		305.49,		355.10,
111,		243.62,		310.98,		352.85,
112,		246.29,		314.96,		363.70,
113,		265.04,		316.81,		368.91,
114,		261.51,		315.58,		343.26,
115,		252.19,		314.69,		362.13,
116,		245.80,		314.92,		366.56,
117,		245.66,		315.83,		348.83,
118,		242.67,		315.58,		365.00,
119,		244.58,		315.18,		350.52,
120,		245.71,		320.97,		365.08,
121,		245.89,		324.21,		378.36,
122,		270.32,		326.33,		379.48,
123,		269.19,		327.31,		380.39,
124,		283.07,		327.87,		380.71,
125,		257.07,		327.59,		377.77,
126,		253.55,		324.46,		353.36,
127,		260.10,		326.30,		374.36,
128,		268.00,		326.54,		380.03,
129,		269.84,		325.54,		379.25,
130,		246.99,		322.53,		371.28,
131,		225.88,		319.96,		381.82,
132,		222.81,		319.46,		358.56,
133,		239.32,		320.43,		378.34,
134,		246.74,		321.31,		364.74,
135,		252.23,		321.13,		359.35,
136,		259.72,		320.78,		368.59,
137,		257.98,		320.09,		361.14,
138,		262.25,		320.15,		358.05,
139,		258.83,		319.92,		355.99,
140,		247.38,		320.16,		353.30,
141,		241.69,		320.07,		366.73,
142,		243.68,		321.23,		363.84,
143,		244.05,		322.02,		362.35,
144,		264.95,		320.82,		361.57,
145,		250.42,		320.40,		370.53,
146,		255.80,		320.16,		372.38,
147,		251.11,		318.21,		356.42,
148,		254.31,		318.11,		361.57,
149,		246.22,		319.90,		369.67,
150,		254.05,		320.42,		348.17,
151,		249.52,		320.40,		350.19,
152,		256.97,		321.87,		354.22,
153,		246.22,		317.13,		353.64,
154,		249.24,		320.73,		362.17,
155,		275.27,		322.24,		361.38,
156,		246.06,		322.52,		355.02,
157,		249.44,		322.83,		370.94,
158,		272.71,		323.52,		374.86,
159,		254.70,		324.60,		372.88,
160,		248.32,		326.13,		375.85,
161,		234.63,		328.42,		361.68,
162,		257.88,		328.32,		366.19,
163,		253.39,		329.15,		357.05,
164,		241.00,		326.42,		384.90,
165,		247.03,		328.14,		373.92,
166,		261.13,		327.33,		386.99,
167,		267.76,		326.28,		363.11,
168,		266.28,		327.69,		372.71,
169,		263.17,		326.16,		379.30,
170,		261.27,		325.62,		377.60,
171,		265.97,		326.39,		365.07,
172,		267.04,		327.00,		369.17,
173,		261.27,		327.50,		389.86,
174,		263.08,		327.51,		364.80,
175,		265.27,		330.00,		357.37,
176,		250.98,		330.98,		383.08,
177,		265.80,		323.95,		379.58,
178,		262.58,		325.24,		384.85,
179,		238.64,		315.14,		372.14,
180,		246.03,		323.49,		375.93,
181,		264.48,		324.66,		386.57,
182,		259.55,		327.17,		383.27,
183,		256.32,		328.40,		354.59,
184,		280.70,		329.88,		392.64,
185,		263.93,		330.06,		386.63,
186,		275.35,		331.01,		392.67,
187,		279.61,		331.01,		388.36,
188,		249.54,		319.61,		365.65,
189,		259.25,		313.53,		361.76,
190,		251.94,		310.84,		391.38,
191,		238.37,		301.18,		391.54,
192,		226.74,		302.82,		390.07,
193,		238.14,		301.94,		364.80,
194,		239.73,		302.65,		362.72,
195,		238.93,		304.99,		355.80,
196,		242.84,		304.78,		359.27,
197,		235.27,		306.70,		368.02,
198,		230.90,		304.79,		349.33,
199,		233.63,		304.06,		362.72,
200,		233.11,		303.30,		358.72,
201,		236.11,		304.05,		335.44,
202,		242.67,		304.45,		333.91,
203,		233.15,		304.53,		357.82,
204,		229.84,		304.46,		356.23,
205,		241.74,		314.43,		375.09,
206,		238.92,		309.60,		384.06,
207,		239.71,		307.43,		369.89,
208,		247.86,		307.13,		369.23,
209,		246.98,		308.80,		356.23,
210,		243.95,		309.58,		367.37,
211,		243.86,		309.89,		367.82,
212,		244.31,		310.44,		364.88,
213,		237.38,		310.47,		365.91,
214,		242.28,		308.85,		368.32,
215,		253.50,		315.09,		389.91,
216,		253.60,		313.83,		374.37,
217,		247.52,		340.97,		386.32,
218,		258.84,		323.99,		398.74,
219,		256.31,		345.53,		401.97,
220,		273.53,		355.66,		403.12,
221,		238.69,		360.64,		410.92,
222,		254.31,		364.46,		411.26,
223,		254.75,		365.41,		418.30,
224,		253.65,		365.28,		403.21,
225,		263.33,		366.10,		398.38,
226,		308.87,		365.76,		401.88,
227,		310.92,		366.17,		400.53,
228,		303.32,		366.24,		401.74,
229,		307.55,		365.95,		414.23,
230,		303.68,		366.14,		411.06,
231,		299.03,		366.08,		418.16,
232,		294.38,		359.85,		426.26,
233,		298.18,		362.76,		428.52,
234,		300.87,		364.10,		402.30,
235,		287.63,		364.77,		418.90,
236,		263.52,		365.04,		417.08,
237,		261.72,		364.25,		396.50,
238,		303.68,		365.68,		403.27,
239,		307.62,		369.20,		435.31,
240,		315.65,		368.91,		437.24,
241,		300.03,		368.49,		428.87,
242,		299.81,		368.13,		426.20,
243,		300.22,		367.90,		425.93,
244,		299.44,		367.75,		417.70,
245,		311.09,		366.18,		418.62,
246,		301.83,		367.04,		418.49,
247,		297.40,		365.40,		405.52,
248,		303.23,		366.97,		401.70,
249,		296.79,		367.28,		411.97,
250,		304.99,		367.92,		424.93,
251,		301.27,		369.09,		423.37,
252,		295.67,		367.63,		413.06,
253,		302.66,		369.07,		416.49,
254,		302.12,		369.24,		417.59,
255,		294.71,		367.81,		422.43,
256,		301.55,		368.39,		434.71,
257,		302.76,		367.44,		410.19,
258,		273.58,		353.87,		410.01,
259,		268.73,		356.01,		418.32,
260,		268.23,		361.24,		409.66,
261,		284.03,		352.33,		413.05,
262,		308.64,		361.23,		437.15,
263,		280.58,		348.53,		436.86,
264,		249.82,		339.98,		416.42,
265,		274.76,		338.38,		389.88,
266,		278.47,		342.44,		384.12,
267,		278.47,		335.73,		379.68,
268,		276.78,		341.07,		393.80,
269,		272.63,		337.35,		391.64,
270,		252.35,		340.61,		403.45,
271,		271.07,		340.00,		404.21,
272,		272.15,		341.40,		396.20,
273,		266.58,		342.89,		398.95,
274,		274.86,		340.09,		381.59,
275,		302.70,		342.63,		400.26,
276,		286.38,		343.26,		412.07,
277,		291.15,		343.13,		396.26,
278,		314.14,		344.08,		393.50,
279,		272.55,		343.80,		381.67,
280,		272.63,		343.98,		385.09,
281,		282.36,		343.71,		396.33,
282,		291.42,		344.05,		402.48,
283,		287.96,		344.11,		404.57,
284,		294.27,		347.01,		396.73,
285,		290.13,		352.61,		409.37,
286,		288.52,		355.65,		410.88,
287,		278.57,		353.43,		412.03,
288,		289.44,		350.27,		413.47,
289,		279.82,		348.97,		390.42,
290,		280.40,		349.46,		397.41,
291,		287.72,		351.67,		410.59,
292,		276.92,		348.31,		410.24,
293,		281.00,		354.58,		419.47,
294,		276.69,		357.95,		406.47,
295,		321.56,		360.43,		421.97,
296,		295.49,		359.61,		406.55,
297,		302.25,		360.05,		415.96,
298,		299.05,		360.40,		413.87,
299,		292.70,		357.72,		409.22,
300,		294.07,		358.25,		413.59,
301,		306.78,		359.63,		409.61,
302,		300.16,		359.44,		410.54,
303,		298.69,		359.93,		411.56,
304,		297.19,		360.29,		411.08,
305,		290.57,		360.32,		409.20,
306,		291.52,		359.33,		400.98,
307,		291.31,		359.27,		398.93,
308,		288.57,		359.85,		419.85,
309,		296.19,		359.73,		410.37,
310,		299.41,		359.90,		411.42,
311,		313.77,		360.95,		416.87,
312,		297.66,		360.15,		413.67,
313,		298.02,		359.94,		409.89,
314,		309.23,		360.27,		430.29,
315,		308.21,		359.89,		407.85,
316,		294.87,		359.88,		402.42,
317,		293.69,		360.14,		397.74,
318,		297.07,		365.57,		420.36,
319,		299.11,		362.97,		400.43,
320,		312.91,		361.75,		408.17,
321,		322.56,		358.07,		405.49,
322,		310.56,		360.29,		398.41,
323,		302.37,		360.16,		404.58,
324,		295.47,		358.48,		390.44,
325,		297.87,		361.05,		400.82,
326,		296.66,		360.72,		425.46,
327,		282.47,		362.34,		414.29,
328,		304.71,		361.50,		401.06,
329,		329.44,		360.99,		397.92,
330,		312.20,		360.17,		405.05,
331,		318.80,		360.07,		406.99,
332,		318.24,		359.96,		398.90,
333,		287.65,		359.84,		406.22,
334,		302.76,		359.27,		407.65,
335,		307.46,		359.56,		411.99,
336,		298.69,		357.74,		410.57,
337,		304.92,		358.50,		413.15,
338,		302.29,		346.06,		383.43,
339,		262.43,		345.74,		391.16,
340,		274.44,		336.21,		397.43,
341,		274.21,		334.10,		396.09,
342,		277.72,		346.95,		407.51,
343,		268.70,		340.20,		396.86,
344,		282.50,		349.31,		409.74,
345,		272.29,		340.23,		406.14,
346,		269.13,		348.29,		425.81,
347,		268.30,		354.42,		405.57,
348,		293.68,		359.31,		431.03,
349,		289.69,		382.50,		444.74,
350,		288.99,		370.51,		439.40,
351,		295.07,		371.99,		441.34,
352,		299.76,		367.06,		442.55,
353,		294.64,		361.02,		441.31,
354,		285.05,		359.87,		440.13,
355,		294.51,		360.94,		435.15,
356,		242.19,		351.26,		472.24,
357,		302.15,		348.75,		412.35,
358,		309.89,		352.83,		405.65,
359,		285.48,		347.38,		405.15,
360,		283.75,		346.07,		395.80,
361,		260.57,		330.98,		404.84,
362,		286.43,		344.20,		400.04,
363,		280.29,		341.03,		413.13,
364,		294.18,		342.94,		410.63,
365,		263.24,		338.92,		405.77,
366,		279.59,		340.28,		405.06,
367,		263.79,		334.66,		382.81,
368,		292.45,		339.87,		378.80,
369,		299.79,		340.99,		399.62,
370,		307.96,		341.21,		377.70,
371,		284.98,		345.28,		398.66,
372,		275.40,		343.13,		391.83,
373,		284.53,		337.64,		397.48,
374,		264.25,		345.07,		401.73,
375,		274.02,		354.90,		396.85,
376,		267.07,		356.02,		409.38,
377,		255.11,		358.69,		416.60,
378,		256.69,		360.23,		411.43,
379,		309.67,		363.72,		411.47,
380,		304.57,		363.90,		413.02,
381,		311.86,		363.58,		411.80,
382,		289.90,		362.52,		406.07,
383,		289.27,		361.67,		418.21,
384,		280.94,		360.44,		413.16,
385,		283.87,		360.35,		415.99,
386,		289.55,		360.17,		424.89,
387,		288.35,		359.85,		418.05,
388,		308.80,		359.75,		399.62,
389,		313.78,		359.54,		400.51,
390,		306.07,		360.05,		402.66,
391,		310.38,		361.10,		401.22,
392,		308.15,		369.75,		427.30,
393,		305.36,		369.78,		415.40,
394,		307.55,		373.92,		420.25,
395,		271.67,		358.44,		411.29,
396,		284.30,		351.78,		399.58,
397,		287.09,		357.87,		399.03,
398,		302.43,		361.20,		399.41,
399,		319.24,		362.70,		416.57,
400,		321.56,		363.85,		403.73,
401,		305.64,		364.69,		402.94,
402,		314.55,		366.13,		404.79,
403,		307.57,		365.20,		400.03,
404,		306.20,		365.82,		407.51,
405,		312.07,		366.06,		403.21,
406,		311.77,		366.50,		434.51,
407,		311.14,		365.85,		435.75,
408,		313.15,		365.36,		408.33,
409,		309.30,		365.80,		405.05,
410,		309.83,		366.00,		403.84,
411,		308.45,		366.74,		422.70,
412,		305.08,		366.93,		421.21,
413,		306.68,		367.87,		423.47,
414,		310.08,		368.00,		415.86,
415,		309.87,		367.62,		431.54,
416,		313.24,		367.15,		410.15,
417,		307.79,		366.36,		413.88,
418,		314.53,		366.49,		412.06,
419,		317.56,		366.72,		408.79,
420,		319.63,		367.76,		410.23,
421,		305.66,		368.15,		406.16,
422,		319.51,		368.01,		412.00,
423,		311.77,		364.19,		412.26,
424,		310.05,		366.17,		408.31,
425,		315.79,		376.80,		430.21,
426,		317.66,		384.49,		420.45,
427,		330.13,		388.39,		441.50,
428,		311.13,		393.62,		455.53,
429,		325.83,		392.77,		427.73,
430,		330.83,		393.81,		443.71,
431,		330.15,		395.22,		431.98,
432,		324.59,		397.93,		455.18,
433,		322.25,		398.92,		454.41,
434,		326.06,		396.58,		450.85,
435,		320.35,		391.51,		444.87,
436,		311.79,		403.42,		470.99,
437,		324.65,		394.91,		467.92,
438,		344.34,		401.78,		471.00,
439,		332.02,		408.00,		470.48,
440,		340.01,		410.96,		452.55,
441,		344.68,		416.00,		465.01,
442,		348.58,		411.80,		454.36,
443,		365.50,		409.63,		455.86,
444,		345.31,		403.90,		440.96,
445,		363.32,		410.29,		453.77,
446,		346.28,		410.03,		450.20,
447,		345.04,		411.23,		461.66,
448,		353.23,		410.37,		451.10,
449,		350.90,		408.85,		449.88,
450,		359.34,		408.47,		458.62,
451,		348.06,		408.91,		461.27,
452,		354.22,		412.29,		457.65,
453,		364.93,		424.43,		467.76,
454,		354.57,		416.10,		459.22,
455,		330.00,		410.39,		467.05,
456,		302.94,		422.11,		497.08,
457,		311.19,		415.41,		481.53,
458,		348.57,		410.79,		474.23,
459,		346.06,		412.59,		469.40,
460,		343.23,		408.68,		471.94,
461,		339.55,		408.76,		466.18,
462,		339.90,		409.06,		447.60,
463,		355.78,		412.03,		475.44,
464,		355.43,		410.61,		448.22,
465,		346.11,		413.03,		488.38,
466,		348.06,		411.36,		461.10,
467,		347.91,		426.52,		473.22,
468,		344.79,		417.10,		461.01,
469,		349.56,		428.54,		475.49,
470,		352.58,		418.47,		476.34,
471,		341.06,		413.57,		474.73,
472,		348.26,		411.58,		476.34,
473,		348.34,		410.11,		460.34,
474,		341.59,		408.45,		452.76,
475,		343.53,		404.65,		454.87,
476,		345.18,		407.41,		447.86,
477,		335.23,		408.01,		452.90,
478,		345.48,		408.95,		448.90,
479,		347.96,		406.15,		451.86,
480,		331.89,		406.81,		450.78,
481,		339.60,		407.57,		445.17,
482,		349.67,		406.47,		447.27,
483,		354.30,		408.84,		452.94,
484,		347.62,		409.31,		449.13,
485,		346.68,		409.47,		451.27,
486,		344.14,		408.29,		447.35,
487,		347.99,		407.85,		447.59,
488,		334.69,		408.45,		454.79,
489,		330.75,		409.39,		451.08,
490,		336.19,		408.71,		451.91,
491,		357.39,		409.20,		449.47,
492,		343.83,		408.27,		454.97,
493,		344.75,		402.76,		447.70,
494,		335.07,		407.09,		455.33,
495,		339.10,		409.79,		455.35,
496,		348.08,		408.35,		453.35,
497,		346.69,		409.79,		451.21,
498,		353.75,		410.51,		449.06,
499,		344.04,		410.15,		445.56,
500,		342.49,		410.92,		448.90,
501,		331.59,		410.40,		447.59,
502,		306.33,		409.69,		447.92,
503,		338.35,		405.20,		451.22,
504,		351.90,		407.64,		469.63,
505,		355.80,		408.66,		450.28,
506,		358.47,		409.56,		448.36,
507,		344.36,		407.62,		455.18,
508,		342.17,		406.01,		466.21,
509,		334.08,		408.19,		454.39,
510,		336.82,		409.43,		450.47,
511,		357.02,		409.54,		456.60,
512,		353.10,		409.65,		450.37,
513,		353.68,		409.67,		460.04,
514,		349.68,		409.39,		466.88,
515,		347.10,		409.91,		467.84,
516,		350.12,		409.82,		446.21,
517,		323.44,		408.89,		443.83,
518,		345.82,		409.15,		450.31,
519,		350.21,		409.12,		447.80,
520,		341.43,		408.99,		455.77,
521,		353.28,		412.02,		452.86,
522,		338.12,		408.51,		444.94,
523,		321.39,		394.56,		445.18,
524,		320.19,		397.33,		467.92,
525,		318.89,		397.40,		448.07,
526,		329.52,		401.35,		453.80,
527,		327.82,		402.82,		446.43,
528,		310.03,		394.94,		439.22,
529,		241.62,		374.31,		444.03,
530,		240.34,		362.75,		434.83,
531,		257.82,		368.06,		433.41,
532,		250.91,		361.46,		427.95,
533,		237.86,		357.68,		413.28,
534,		291.16,		355.23,		421.71,
535,		294.69,		360.42,		419.79,
536,		291.03,		356.35,		413.07,
537,		297.52,		355.72,		422.67,
538,		309.34,		355.00,		409.24,
539,		293.69,		354.52,		402.25,
540,		288.40,		355.28,		397.93,
541,		293.77,		355.13,		400.06,
542,		296.03,		355.21,		399.75,
543,		294.64,		355.95,		399.96,
544,		301.66,		356.93,		397.47,
545,		295.05,		356.89,		405.10,
546,		282.67,		344.88,		410.01,
547,		285.20,		351.04,		406.71,
548,		275.82,		354.67,		411.38,
549,		295.40,		356.31,		394.42,
550,		295.95,		357.23,		398.91,
551,		291.58,		356.96,		392.00,
552,		297.66,		357.19,		402.32,
553,		295.81,		355.18,		398.81,
554,		291.91,		362.64,		408.47,
555,		290.86,		365.96,		418.18,
556,		277.82,		346.55,		414.50,
557,		270.73,		336.72,		412.85,
558,		253.58,		329.57,		397.62,
559,		262.36,		327.60,		398.12,
560,		257.96,		326.79,		397.01,
561,		267.37,		326.59,		397.27,
562,		211.12,		300.17,		419.47,
563,		234.01,		287.35,		398.14,
564,		232.76,		308.84,		389.08,
565,		252.29,		318.64,		391.93,
566,		250.15,		324.25,		373.06,
567,		253.20,		322.14,		374.69,
568,		216.44,		300.02,		366.00,
569,		215.76,		302.19,		377.19,
570,		231.40,		317.71,		381.22,
571,		252.81,		323.66,		381.10,
572,		255.17,		321.74,		372.31,
573,		216.97,		298.72,		362.79,
574,		245.22,		312.98,		381.20,
575,		232.29,		313.75,		395.56,
576,		222.69,		319.22,		404.89,
577,		238.74,		321.89,		380.37,
578,		235.80,		323.84,		386.34,
579,		265.25,		324.91,		380.51,
580,		262.07,		326.19,		382.80,
581,		267.57,		325.43,		383.18,
582,		243.32,		318.53,		371.88,
583,		276.45,		322.11,		379.69,
584,		229.43,		309.04,		368.91,
585,		214.61,		299.43,		370.96,
586,		238.42,		304.93,		376.36,
587,		235.70,		306.92,		375.90,
588,		194.09,		273.72,		373.34,
589,		195.37,		287.53,		374.47,
590,		202.31,		302.74,		368.32,
591,		189.15,		303.96,		370.09,
592,		208.76,		300.73,		374.60,
593,		212.56,		300.72,		385.29,
594,		206.96,		300.88,		379.08,
595,		236.78,		300.82,		357.08,
596,		238.94,		301.59,		349.68,
597,		242.42,		300.86,		353.39,
598,		250.32,		300.60,		357.43,
599,		238.60,		300.26,		356.88,
600,		218.45,		292.27,		353.26,
601,		252.72,		296.32,		350.03,
602,		228.58,		298.09,		345.27,
603,		232.21,		299.51,		347.97,
604,		248.50,		300.98,		358.52,
605,		242.51,		300.80,		356.58,
606,		259.16,		300.53,		348.31,
607,		244.86,		300.71,		355.25,
608,		242.00,		301.41,		351.42,
609,		239.05,		300.57,		345.09,
610,		242.88,		301.60,		367.99,
611,		235.05,		297.96,		368.30,
612,		243.40,		300.41,		350.04,
613,		244.57,		300.41,		348.56,
614,		242.92,		296.96,		352.64,
615,		259.22,		300.48,		362.31,
616,		245.98,		295.19,		344.25,
617,		234.81,		294.71,		348.30,
618,		233.92,		298.64,		343.16,
619,		230.16,		290.24,		344.28,
620,		239.75,		286.66,		351.78,
621,		233.93,		284.21,		333.71,
622,		228.88,		292.71,		343.80,
623,		230.45,		286.67,		332.25,
624,		230.18,		284.00,		331.21,
625,		233.84,		285.83,		348.84,
626,		235.04,		282.85,		346.25,
627,		235.60,		285.27,		352.02,
628,		223.23,		282.40,		331.60,
629,		208.38,		283.94,		336.10,
630,		227.08,		294.79,		337.91,
631,		224.87,		289.89,		348.50,
632,		245.69,		298.32,		383.09,
633,		244.00,		301.58,		354.59,
634,		240.26,		303.40,		368.54,
635,		237.74,		291.31,		360.31,
636,		224.74,		296.52,		356.54,
637,		243.06,		301.58,		368.32,
638,		237.83,		299.29,		354.50,
639,		222.80,		287.57,		398.58,
640,		228.85,		283.28,		343.93,
641,		224.53,		285.47,		337.24,
642,		197.39,		281.32,		330.20,
643,		257.00,		294.01,		357.07,
644,		217.87,		284.89,		350.97,
645,		257.30,		295.41,		353.99,
646,		252.44,		289.94,		333.70,
647,		246.71,		298.96,		360.48,
648,		241.17,		302.15,		366.47,
649,		258.17,		304.55,		363.12,
650,		258.59,		303.86,		348.56,
651,		245.40,		305.79,		359.57,
652,		231.91,		306.03,		358.45,
653,		243.63,		304.96,		359.95,
654,		248.19,		304.47,		355.64,
655,		192.07,		277.95,		353.85,
656,		234.38,		290.88,		348.28,
657,		221.09,		288.49,		349.97,
658,		199.87,		282.04,		350.00,
659,		190.01,		289.04,		347.67,
660,		219.01,		285.54,		335.04,
661,		219.66,		283.89,		331.54,
662,		218.73,		283.35,		334.94,
663,		208.60,		275.19,		321.84,
664,		218.38,		279.08,		326.45,
665,		220.99,		280.41,		338.93,
666,		195.13,		282.39,		334.04,
667,		200.26,		283.83,		339.31,
668,		198.92,		283.70,		347.99,
669,		197.86,		285.01,		342.59,
670,		223.87,		285.86,		339.53,
671,		222.15,		284.96,		328.56,
672,		236.94,		285.63,		342.96,
673,		234.49,		285.81,		341.22,
674,		227.21,		286.31,		344.95,
675,		226.94,		287.82,		340.46,
676,		225.15,		289.04,		345.15,
677,		244.65,		287.42,		339.55,
678,		227.21,		287.89,		336.86,
679,		241.13,		288.80,		335.77,
680,		203.70,		286.95,		346.08,
681,		225.77,		287.85,		347.89,
682,		227.01,		288.59,		333.90,
683,		229.44,		287.18,		343.82,
684,		239.85,		284.47,		331.38,
685,		240.81,		285.00,		338.68,
686,		225.32,		285.94,		344.13,
687,		223.27,		286.00,		344.06,
688,		258.69,		286.46,		346.92,
689,		223.65,		278.99,		357.60,
690,		238.52,		275.29,		354.24,
691,		203.89,		271.18,		334.37,
692,		199.28,		270.55,		323.82,
693,		193.96,		268.81,		326.04,
694,		209.30,		270.22,		331.85,
695,		215.23,		270.49,		329.79,
696,		224.31,		268.96,		323.78,
697,		210.78,		270.08,		331.50,
698,		218.19,		268.83,		334.43,
699,		202.88,		267.51,		322.22,
700,		204.65,		267.07,		335.60,
701,		201.52,		267.35,		329.88,
702,		205.16,		268.62,		330.94,
703,		204.22,		267.64,		318.60,
704,		198.19,		268.44,		320.93,
705,		211.60,		267.61,		326.80,
706,		205.80,		266.27,		307.91,
707,		203.01,		265.05,		312.60,
708,		208.92,		265.95,		298.72,
709,		181.32,		252.64,		301.69,
710,		185.65,		245.66,		317.20,
711,		180.53,		241.75,		319.49,
712,		181.87,		241.33,		301.83,
713,		176.87,		240.69,		298.59,
714,		180.14,		240.08,		297.08,
715,		180.03,		239.99,		296.29,
716,		174.24,		239.66,		301.69,
717,		179.08,		240.35,		297.25,
718,		180.87,		240.33,		294.74,
719,		181.58,		236.65,		299.41,
720,		171.84,		234.56,		287.52,
721,		175.87,		233.79,		285.27,
722,		168.16,		232.84,		283.21,
723,		175.91,		235.43,		290.58,
724,		174.94,		236.18,		291.31,
725,		178.40,		238.15,		289.81,
726,		179.22,		244.98,		303.94,
727,		178.23,		245.50,		303.94,
728,		191.93,		244.84,		299.79,
729,		202.11,		246.58,		305.52,
730,		196.01,		252.25,		314.78,
731,		201.28,		252.22,		312.02,
732,		196.34,		252.82,		309.15,
733,		194.08,		253.45,		313.49,
734,		194.58,		250.62,		314.86,
735,		187.93,		249.38,		302.81,
736,		187.34,		250.27,		317.48,
737,		175.94,		249.14,		312.08,
738,		190.78,		248.54,		308.88,
739,		189.41,		249.79,		293.56,
740,		189.96,		249.04,		289.16,
741,		194.49,		251.01,		310.79,
742,		206.48,		249.73,		310.96,
743,		229.98,		252.28,		305.25,
744,		231.83,		254.05,		302.03,
745,		183.85,		254.18,		307.49,
746,		191.76,		252.05,		310.43,
747,		175.12,		250.02,		302.99,
748,		172.87,		249.57,		306.91,
749,		174.99,		250.09,		312.86,
750,		187.65,		250.73,		309.61,
751,		195.01,		249.78,		301.50,
752,		198.25,		250.24,		303.79,
753,		170.64,		250.03,		304.83,
754,		174.17,		250.90,		312.23,
755,		205.80,		251.43,		311.67,
756,		186.89,		250.01,		310.01,
757,		194.27,		250.89,		325.05,
758,		208.53,		251.62,		361.56,
759,		197.02,		251.08,		301.21,
760,		192.94,		251.46,		301.69,
761,		192.89,		251.13,		316.51,
762,		190.94,		259.12,		321.05,
763,		200.13,		255.87,		320.23,
764,		204.08,		260.70,		313.39,
765,		203.97,		256.51,		320.85,
766,		194.51,		252.79,		320.75,
767,		194.24,		260.59,		312.14,
768,		192.45,		254.66,		302.42,
769,		189.62,		261.06,		321.43,
770,		189.93,		254.49,		324.01,
771,		173.16,		251.58,		310.13,
772,		193.80,		255.46,		301.58,
773,		188.89,		252.30,		319.38,
774,		190.19,		251.15,		306.37,
775,		202.16,		249.92,		315.85,
776,		204.98,		249.99,		309.60,
777,		195.70,		249.37,		304.66,
778,		192.56,		249.01,		297.49,
779,		221.88,		252.49,		295.81,
780,		198.51,		253.79,		298.09,
781,		198.83,		255.40,		344.40,
782,		211.58,		255.82,		341.19,
783,		209.10,		255.94,		299.26,
784,		211.12,		265.16,		317.24,
785,		199.46,		261.59,		315.69,
786,		200.40,		258.95,		310.74,
787,		190.66,		257.92,		318.89,
788,		197.04,		257.71,		313.20,
789,		216.07,		257.57,		311.75,
790,		213.38,		257.16,		314.82,
791,		222.12,		257.23,		318.39,
792,		201.35,		257.33,		316.33,
793,		197.00,		257.13,		318.08,
794,		193.81,		257.43,		315.95,
795,		200.21,		257.40,		309.97,
796,		214.97,		258.01,		315.60,
797,		207.78,		257.60,		323.77,
798,		230.37,		257.85,		313.50,
799,		199.53,		257.32,		320.49,
800,		210.92,		258.35,		324.58,
801,		200.72,		258.14,		318.36,
802,		203.12,		257.64,		312.00,
803,		201.29,		257.37,		315.78,
804,		197.82,		256.81,		308.30,
805,		184.77,		250.56,		303.41,
806,		186.36,		253.29,		307.61,
807,		203.85,		255.66,		319.44,
808,		201.75,		255.87,		318.34,
809,		200.26,		256.11,		286.33,
810,		196.08,		257.02,		314.11,
811,		193.45,		257.12,		314.49,
812,		138.49,		228.97,		293.14,
813,		143.72,		223.10,		291.73,
814,		146.03,		231.15,		321.68,
815,		150.39,		217.82,		296.61,
816,		151.13,		239.65,		315.38,
817,		174.16,		229.34,		287.19,
818,		176.13,		238.65,		286.80,
819,		178.00,		217.61,		267.50,
820,		156.38,		214.98,		311.80,
821,		144.27,		210.91,		308.18,
822,		162.21,		208.78,		266.49,
823,		141.08,		205.72,		260.90,
824,		168.34,		206.49,		261.70,
825,		155.34,		209.09,		261.17,
826,		138.82,		205.56,		260.31,
827,		142.55,		205.00,		261.85,
828,		143.60,		203.72,		265.85,
829,		140.60,		209.39,		268.73,
830,		186.58,		212.64,		268.88,
831,		158.07,		214.04,		265.60,
832,		186.65,		224.37,		267.93,
833,		151.52,		223.98,		270.74,
834,		188.16,		231.04,		288.31,
835,		156.12,		239.49,		297.42,
836,		172.17,		235.87,		305.31,
837,		197.97,		234.23,		307.11,
838,		193.01,		232.52,		300.22,
839,		186.52,		230.75,		302.98,
840,		174.66,		231.64,		279.93,
841,		180.42,		233.28,		271.73,
842,		164.18,		224.75,		280.06,
843,		151.47,		218.38,		280.92,
844,		152.64,		225.47,		282.55,
845,		164.59,		217.25,		283.35,
846,		166.99,		225.08,		286.42,
847,		166.32,		228.69,		285.36,
848,		183.60,		240.13,		332.77,
849,		165.71,		225.98,		298.87,
850,		157.67,		219.74,		280.96,
851,		170.34,		227.05,		277.28,
852,		177.99,		230.20,		278.13,
853,		196.90,		231.49,		274.07,
854,		171.48,		231.73,		287.98,
855,		194.53,		231.51,		292.14,
856,		158.38,		229.31,		290.33,
857,		190.79,		229.23,		328.22,
858,		192.57,		230.48,		279.70,
859,		186.46,		231.07,		286.38,
860,		182.88,		231.44,		279.79,
861,		173.02,		231.03,		295.22,
862,		171.37,		230.51,		297.59,
863,		180.56,		231.53,		292.41,
864,		185.53,		231.57,		281.19,
865,		174.78,		231.59,		286.35,
866,		172.00,		233.21,		276.79,
867,		179.63,		233.42,		271.06,
868,		194.10,		234.64,		294.48,
869,		187.31,		234.13,		287.00,
870,		208.58,		233.78,		296.90,
871,		172.34,		233.46,		288.69,
872,		175.48,		233.42,		301.13,
873,		184.54,		233.46,		295.56,
874,		193.40,		232.71,		289.46,
875,		175.83,		233.22,		295.96,
876,		176.53,		233.67,		289.39,
877,		177.71,		225.33,		278.77,
878,		178.43,		224.51,		287.81,
879,		163.78,		231.92,		313.47,
880,		176.81,		218.53,		321.65,
881,		179.05,		229.22,		294.28,
882,		175.49,		219.28,		307.67,
883,		180.95,		227.78,		268.67,
884,		179.21,		232.78,		299.01,
885,		176.34,		234.89,		285.15,
886,		169.67,		232.43,		281.05,
887,		202.06,		242.80,		300.46,
888,		180.80,		240.18,		290.42,
889,		169.71,		236.59,		324.23,
890,		174.02,		236.86,		308.65,
891,		176.46,		236.12,		318.33,
892,		163.15,		236.92,		312.45,
893,		182.23,		236.57,		313.85,
894,		179.77,		236.96,		316.84,
895,		179.88,		234.35,		329.13,
896,		179.11,		235.69,		310.80,
897,		181.80,		235.73,		312.28,
898,		176.29,		235.43,		314.92,
899,		180.54,		233.95,		308.76,
900,		172.29,		232.18,		305.41,
901,		171.68,		231.80,		317.32,
902,		187.67,		231.92,		309.65,
903,		183.40,		233.30,		315.91,
904,		173.27,		233.06,		304.20,
905,		183.07,		234.23,		314.47,
906,		182.89,		233.52,		289.22,
907,		169.74,		232.42,		292.99,
908,		174.81,		230.10,		291.94,
909,		166.74,		228.65,		280.74,
910,		167.41,		229.68,		285.79,
911,		177.13,		232.62,		290.03,
912,		205.67,		232.27,		280.61,
913,		204.91,		231.82,		280.44,
914,		206.88,		231.27,		284.36,
915,		205.27,		231.21,		285.69,
916,		200.94,		231.15,		281.98,
917,		176.03,		227.96,		291.88,
918,		174.95,		227.85,		284.32,
919,		168.14,		228.43,		286.68,
920,		168.60,		230.64,		297.54,
921,		171.08,		230.85,		285.68,
922,		171.98,		231.44,		281.33,
923,		199.98,		231.47,		292.63,
924,		177.70,		230.93,		272.93,
925,		180.51,		231.63,		292.33,
926,		164.66,		227.06,		275.76,
927,		168.42,		226.44,		271.75,
928,		182.44,		221.60,		267.69,
929,		154.40,		216.98,		281.00,
930,		147.47,		221.72,		285.57,
931,		180.39,		224.92,		288.48,
932,		172.55,		220.53,		282.23,
933,		181.34,		224.80,		287.57,
934,		173.28,		218.68,		281.53,
935,		167.44,		223.11,		283.72,
936,		175.50,		223.57,		301.53,
937,		167.71,		227.51,		291.63,
938,		161.55,		225.95,		293.68,
939,		161.28,		230.25,		275.05,
940,		164.06,		226.31,		274.00,
941,		167.52,		222.69,		266.99,
942,		168.94,		226.30,		282.55,
943,		173.47,		229.76,		283.92,
944,		174.63,		224.41,		286.38,
945,		188.06,		224.15,		276.73,
946,		167.09,		228.00,		276.98,
947,		179.23,		230.90,		286.15,
948,		172.34,		231.75,		292.93,
949,		172.69,		225.04,		277.54,
950,		177.54,		228.76,		286.39,
951,		172.92,		228.58,		277.38,
952,		182.94,		230.81,		281.63,
953,		158.89,		224.35,		289.87,
954,		170.69,		232.11,		270.19,
955,		168.55,		233.10,		285.73,
956,		206.47,		231.67,		290.03,
957,		147.63,		224.45,		290.47,
958,		175.11,		229.62,		302.36,
959,		148.82,		217.15,		274.38,
960,		147.69,		211.35,		277.68,
961,		143.89,		208.04,		264.19,
962,		142.74,		206.81,		268.53,
963,		144.70,		205.96,		266.01,
964,		157.46,		205.36,		242.33,
965,		148.33,		205.83,		260.31,
966,		146.57,		202.36,		260.88,
967,		153.95,		203.71,		267.76,
968,		158.53,		204.72,		258.80,
969,		172.49,		205.17,		264.26,
970,		151.95,		202.56,		260.67,
971,		158.68,		203.89,		269.30,
972,		169.91,		204.82,		260.28,
973,		140.21,		204.52,		258.19,
974,		146.57,		204.84,		262.76,
975,		162.23,		218.59,		274.20,
976,		161.72,		211.58,		263.89,
977,		166.81,		208.01,		265.80,
978,		148.57,		218.91,		269.61,
979,		144.67,		214.32,		268.14,
980,		148.82,		209.59,		260.12,
981,		141.34,		207.79,		264.68,
982,		148.19,		206.28,		284.13,
983,		135.28,		205.54,		253.47,
984,		131.85,		206.10,		282.58,
985,		181.92,		206.27,		277.88,
986,		161.86,		205.01,		262.52,
987,		141.08,		204.94,		266.33,
988,		179.26,		205.61,		271.03,
989,		169.36,		205.33,		265.24,
990,		157.19,		205.33,		267.69,
991,		147.47,		210.41,		258.65,
992,		141.93,		206.90,		254.93,
993,		148.64,		223.45,		281.60,
994,		170.04,		218.45,		305.57,
995,		169.78,		217.19,		278.94,
996,		150.85,		216.53,		277.88,
997,		161.42,		217.08,		274.73,
998,		157.55,		216.64,		279.70,
999,		156.87,		216.64,		286.24,
