RANDOM_SEED, 1698989364
GEN,		MIN,				AVE,				MAX,			CONV,					CONV_ACT,
  0,		811.64472,		1050.96177,		1227.47838,				1.16796,				0.94421
  1,		844.70538,		1029.95095,		1206.91244,				1.17182,				0.92839
  2,		843.16353,		1044.88633,		1211.95572,				1.15989,				0.93227
  3,		889.64130,		1049.75489,		1206.32142,				1.14915,				0.92794
  4,		887.00831,		1062.75039,		1227.50718,				1.15503,				0.94424
  5,		888.34385,		1081.89692,		1229.37195,				1.13631,				0.94567
  6,		960.08867,		1105.59336,		1181.59806,				1.06875,				0.90892
  7,		968.70794,		1105.65663,		1182.65719,				1.06964,				0.90974
  8,		1004.69674,		1104.05374,		1183.82336,				1.07225,				0.91063
  9,		1013.40601,		1090.14312,		1189.61394,				1.09125,				0.91509
 10,		999.33477,		1082.19570,		1173.23848,				1.08413,				0.90249
 11,		997.69723,		1077.00516,		1144.48497,				1.06266,				0.88037
 12,		1005.45568,		1088.95059,		1147.09681,				1.05340,				0.88238
 13,		1023.62608,		1080.72847,		1147.73026,				1.06200,				0.88287
 14,		1013.02256,		1076.20760,		1145.90781,				1.06476,				0.88147
 15,		1009.36069,		1074.53179,		1127.89034,				1.04966,				0.86761
 16,		1006.65486,		1072.69590,		1127.15054,				1.05076,				0.86704
 17,		1015.38731,		1071.25308,		1114.32068,				1.04020,				0.85717
 18,		1005.85821,		1071.20217,		1121.62950,				1.04708,				0.86279
 19,		1010.83728,		1071.95207,		1123.83055,				1.04840,				0.86449
 20,		1011.58550,		1071.23657,		1126.19742,				1.05131,				0.86631
 21,		1006.15603,		1070.04311,		1116.30347,				1.04323,				0.85869
 22,		1007.03910,		1069.42087,		1107.56837,				1.03567,				0.85198
 23,		1015.13818,		1069.54639,		1131.72546,				1.05814,				0.87056
 24,		1021.65230,		1069.50374,		1125.60577,				1.05246,				0.86585
 25,		1009.82869,		1069.99294,		1137.91564,				1.06348,				0.87532
 26,		1018.01662,		1069.62097,		1118.10580,				1.04533,				0.86008
 27,		995.43299,		1068.75716,		1126.60606,				1.05413,				0.86662
 28,		1000.52082,		1068.52927,		1121.43051,				1.04951,				0.86264
 29,		1008.65038,		1057.99754,		1114.51670,				1.05342,				0.85732
 30,		987.92103,		1064.41624,		1120.64355,				1.05282,				0.86203
 31,		1032.96431,		1067.07792,		1115.97536,				1.04582,				0.85844
 32,		1011.14396,		1068.76286,		1117.54828,				1.04565,				0.85965
 33,		1002.06565,		1069.23272,		1117.89092,				1.04551,				0.85992
 34,		1024.25509,		1069.62624,		1120.84688,				1.04789,				0.86219
 35,		1026.75430,		1069.55868,		1117.60895,				1.04493,				0.85970
 36,		1004.26699,		1069.17549,		1125.04072,				1.05225,				0.86542
 37,		1005.95865,		1068.53689,		1105.16651,				1.03428,				0.85013
 38,		1014.16593,		1068.89238,		1103.44247,				1.03232,				0.84880
 39,		1007.26388,		1067.95751,		1124.35735,				1.05281,				0.86489
 40,		1006.25731,		1068.41345,		1109.82354,				1.03876,				0.85371
 41,		1001.71990,		1065.32018,		1111.62847,				1.04347,				0.85510
 42,		1000.10897,		1063.21258,		1107.45743,				1.04161,				0.85189
 43,		996.20500,		1061.72902,		1107.22630,				1.04285,				0.85171
 44,		1004.69705,		1066.38886,		1113.25400,				1.04395,				0.85635
 45,		1005.47631,		1063.81246,		1117.01680,				1.05001,				0.85924
 46,		999.59275,		1073.35110,		1131.00353,				1.05371,				0.87000
 47,		993.40541,		1079.06536,		1135.53575,				1.05233,				0.87349
 48,		1014.00375,		1082.40878,		1134.23347,				1.04788,				0.87249
 49,		1003.34000,		1082.15472,		1130.42204,				1.04460,				0.86956
 50,		1020.20606,		1083.87336,		1136.59010,				1.04864,				0.87430
 51,		1023.88062,		1083.98713,		1134.68712,				1.04677,				0.87284
 52,		1026.02667,		1083.13122,		1132.97150,				1.04602,				0.87152
 53,		1030.75522,		1083.58434,		1121.39836,				1.03490,				0.86261
 54,		1020.36934,		1082.81195,		1134.08378,				1.04735,				0.87237
 55,		1024.51656,		1083.02996,		1136.66230,				1.04952,				0.87436
 56,		1018.36574,		1082.77183,		1134.10215,				1.04741,				0.87239
 57,		1016.08424,		1082.07110,		1116.68300,				1.03199,				0.85899
 58,		1019.18701,		1082.18347,		1127.27346,				1.04167,				0.86713
 59,		1001.26577,		1081.53480,		1119.28996,				1.03491,				0.86099
 60,		1021.14118,		1081.17890,		1128.92185,				1.04416,				0.86840
 61,		1011.85532,		1081.66135,		1125.77599,				1.04078,				0.86598
 62,		1020.93974,		1082.10702,		1131.85629,				1.04597,				0.87066
 63,		1025.64881,		1086.56240,		1146.23960,				1.05492,				0.88172
 64,		1027.84919,		1089.85215,		1140.19643,				1.04619,				0.87707
 65,		1031.34387,		1091.11371,		1150.87980,				1.05478,				0.88529
 66,		1027.79619,		1090.59302,		1141.13173,				1.04634,				0.87779
 67,		1046.93652,		1091.59172,		1148.63640,				1.05226,				0.88357
 68,		1030.81726,		1091.61357,		1141.97337,				1.04613,				0.87844
 69,		1064.35185,		1091.95258,		1145.07820,				1.04865,				0.88083
 70,		1037.62504,		1102.83791,		1150.12301,				1.04288,				0.88471
 71,		1038.10510,		1114.63991,		1151.07597,				1.03269,				0.88544
 72,		1027.46964,		1121.74758,		1152.91078,				1.02778,				0.88685
 73,		1045.87226,		1125.59262,		1153.66868,				1.02494,				0.88744
 74,		1044.38906,		1127.12249,		1146.92576,				1.01757,				0.88225
 75,		1041.94177,		1126.22795,		1162.02495,				1.03178,				0.89387
 76,		1063.10593,		1127.93868,		1157.32547,				1.02605,				0.89025
 77,		1063.50235,		1127.95689,		1163.51166,				1.03152,				0.89501
 78,		1054.40471,		1123.52872,		1161.80953,				1.03407,				0.89370
 79,		1059.13578,		1123.06335,		1154.41239,				1.02791,				0.88801
 80,		1051.42192,		1121.96624,		1155.04097,				1.02948,				0.88849
 81,		1052.23221,		1121.21727,		1160.14999,				1.03472,				0.89242
 82,		1052.12932,		1120.60188,		1158.25867,				1.03360,				0.89097
 83,		1064.90417,		1121.21550,		1169.32476,				1.04291,				0.89948
 84,		1064.46906,		1122.24665,		1156.73864,				1.03073,				0.88980
 85,		1061.65001,		1122.70001,		1160.08743,				1.03330,				0.89237
 86,		1058.50130,		1122.97684,		1169.52744,				1.04145,				0.89964
 87,		1061.61388,		1123.33892,		1165.06016,				1.03714,				0.89620
 88,		1065.78733,		1124.27329,		1160.38330,				1.03212,				0.89260
 89,		1057.26728,		1122.76990,		1159.44948,				1.03267,				0.89188
 90,		1000.51631,		1122.30440,		1144.89975,				1.02013,				0.88069
 91,		1056.44806,		1122.04839,		1147.90721,				1.02305,				0.88301
 92,		1056.29102,		1122.47710,		1158.35023,				1.03196,				0.89104
 93,		1055.96322,		1122.21540,		1163.90801,				1.03715,				0.89531
 94,		1056.01148,		1123.35283,		1171.21814,				1.04261,				0.90094
 95,		1059.02504,		1125.52963,		1168.20701,				1.03792,				0.89862
 96,		1057.20116,		1124.23497,		1174.37489,				1.04460,				0.90337
 97,		1054.04408,		1124.67168,		1167.53912,				1.03812,				0.89811
 98,		1060.77333,		1124.08649,		1162.58744,				1.03425,				0.89430
 99,		1060.96866,		1123.59745,		1158.16429,				1.03076,				0.89090
100,		1061.34944,		1124.43299,		1159.02620,				1.03077,				0.89156
101,		1057.38940,		1124.21584,		1164.28168,				1.03564,				0.89560
102,		1055.75500,		1123.84116,		1170.32799,				1.04136,				0.90025
103,		1058.50470,		1123.71749,		1145.26764,				1.01918,				0.88098
104,		1066.75043,		1123.73677,		1160.93474,				1.03310,				0.89303
105,		1058.45242,		1123.76488,		1155.55249,				1.02829,				0.88889
106,		1058.82281,		1123.60596,		1159.62330,				1.03206,				0.89202
107,		1086.51689,		1124.66110,		1164.44918,				1.03538,				0.89573
108,		1068.66725,		1124.80323,		1154.55820,				1.02645,				0.88812
109,		1072.40018,		1124.27441,		1156.26344,				1.02845,				0.88943
110,		1043.83043,		1124.14030,		1158.41001,				1.03049,				0.89108
111,		1039.89564,		1124.19740,		1162.42087,				1.03400,				0.89417
112,		1038.90568,		1124.10385,		1161.22211,				1.03302,				0.89325
113,		1058.70083,		1127.56519,		1170.97634,				1.03850,				0.90075
114,		1052.44668,		1125.90050,		1169.04097,				1.03832,				0.89926
115,		1051.14307,		1124.91421,		1172.35609,				1.04217,				0.90181
116,		1044.66844,		1124.09861,		1195.39130,				1.06342,				0.91953
117,		1050.31686,		1123.48909,		1160.87373,				1.03328,				0.89298
118,		1054.85156,		1124.35819,		1168.18620,				1.03898,				0.89860
119,		1053.78282,		1123.96015,		1169.58975,				1.04060,				0.89968
120,		1048.85554,		1123.87360,		1152.15548,				1.02516,				0.88627
121,		1053.42024,		1124.25897,		1157.57076,				1.02963,				0.89044
122,		1053.09177,		1126.01921,		1172.59699,				1.04136,				0.90200
123,		1048.94856,		1117.69839,		1161.18262,				1.03891,				0.89322
124,		1058.00233,		1121.37511,		1151.86209,				1.02719,				0.88605
125,		1054.95398,		1115.15203,		1152.01401,				1.03306,				0.88616
126,		1053.54011,		1112.04878,		1157.71310,				1.04106,				0.89055
127,		1049.36096,		1112.86005,		1164.65756,				1.04654,				0.89589
128,		1035.21759,		1110.19679,		1163.57546,				1.04808,				0.89506
129,		1044.00468,		1112.08297,		1154.95365,				1.03855,				0.88843
130,		1055.96034,		1109.22629,		1163.82092,				1.04922,				0.89525
131,		1026.69417,		1111.84972,		1152.36956,				1.03644,				0.88644
132,		1056.86141,		1112.70122,		1156.71318,				1.03955,				0.88978
133,		1020.24118,		1113.28736,		1161.80950,				1.04358,				0.89370
134,		1075.95453,		1114.09289,		1163.11542,				1.04400,				0.89470
135,		1045.98458,		1113.76898,		1161.54498,				1.04290,				0.89350
136,		1049.47052,		1112.66017,		1161.00406,				1.04345,				0.89308
137,		1042.35205,		1112.91744,		1161.11663,				1.04331,				0.89317
138,		1043.79709,		1112.48464,		1167.74655,				1.04967,				0.89827
139,		1045.71947,		1112.44202,		1168.43387,				1.05033,				0.89880
140,		1056.37071,		1111.84142,		1156.76876,				1.04041,				0.88982
141,		1050.79406,		1110.74035,		1146.97968,				1.03263,				0.88229
142,		1041.41225,		1110.32497,		1140.57545,				1.02724,				0.87737
143,		1049.81515,		1109.63454,		1129.19877,				1.01763,				0.86861
144,		1050.50692,		1110.07096,		1139.32426,				1.02635,				0.87640
145,		1036.17357,		1109.95834,		1136.42263,				1.02384,				0.87417
146,		1047.60717,		1112.47091,		1156.25625,				1.03936,				0.88943
147,		1076.65247,		1111.97846,		1160.92354,				1.04402,				0.89302
148,		1039.92831,		1111.19600,		1144.58531,				1.03005,				0.88045
149,		1038.90536,		1111.51761,		1146.81500,				1.03176,				0.88217
150,		1050.49274,		1112.39112,		1153.81782,				1.03724,				0.88755
151,		1044.71259,		1113.34303,		1143.71403,				1.02728,				0.87978
152,		1042.94527,		1113.88369,		1147.80194,				1.03045,				0.88292
153,		1059.88935,		1114.22860,		1144.30617,				1.02699,				0.88024
154,		1054.61647,		1115.44648,		1158.61510,				1.03870,				0.89124
155,		1051.72963,		1114.83232,		1162.66594,				1.04291,				0.89436
156,		1058.37641,		1115.54882,		1161.49785,				1.04119,				0.89346
157,		1053.82792,		1117.10504,		1150.27844,				1.02970,				0.88483
158,		1090.34497,		1118.18655,		1162.44025,				1.03958,				0.89418
159,		1065.57921,		1118.73202,		1169.78054,				1.04563,				0.89983
160,		1082.85281,		1126.79316,		1180.99738,				1.04810,				0.90846
161,		1077.73715,		1131.41825,		1170.74743,				1.03476,				0.90057
162,		1083.03702,		1134.98176,		1164.46258,				1.02597,				0.89574
163,		1082.95784,		1137.68744,		1159.04566,				1.01877,				0.89157
164,		1080.73486,		1139.40269,		1176.02414,				1.03214,				0.90463
165,		1045.28523,		1140.33570,		1176.11604,				1.03138,				0.90470
166,		1085.01446,		1139.80067,		1170.76362,				1.02717,				0.90059
167,		1079.29408,		1140.74720,		1186.30049,				1.03993,				0.91254
168,		1067.31328,		1140.29423,		1190.37917,				1.04392,				0.91568
169,		1099.99869,		1139.82433,		1194.84129,				1.04827,				0.91911
170,		1101.44977,		1138.96544,		1192.97379,				1.04742,				0.91767
171,		1078.02513,		1142.19122,		1185.28252,				1.03773,				0.91176
172,		1074.89435,		1140.90118,		1176.99557,				1.03164,				0.90538
173,		1113.50789,		1143.69351,		1183.35612,				1.03468,				0.91027
174,		1075.26584,		1141.85539,		1175.09071,				1.02911,				0.90392
175,		1080.60276,		1144.01671,		1194.19375,				1.04386,				0.91861
176,		1080.43152,		1143.62749,		1196.36758,				1.04612,				0.92028
177,		1068.62707,		1137.45124,		1192.93298,				1.04878,				0.91764
178,		1077.13312,		1136.73985,		1190.90723,				1.04765,				0.91608
179,		1089.85682,		1133.98017,		1190.47128,				1.04982,				0.91575
180,		1069.23992,		1132.18512,		1176.49078,				1.03913,				0.90499
181,		1074.01530,		1137.25325,		1179.48687,				1.03714,				0.90730
182,		1060.31092,		1133.46644,		1165.43282,				1.02820,				0.89649
183,		1058.56216,		1131.11733,		1165.40816,				1.03032,				0.89647
184,		1053.93959,		1130.19585,		1180.71777,				1.04470,				0.90824
185,		1071.99647,		1130.27128,		1157.41974,				1.02402,				0.89032
186,		1074.85648,		1130.00038,		1162.66328,				1.02891,				0.89436
187,		1062.45272,		1129.50008,		1177.16144,				1.04220,				0.90551
188,		1068.16814,		1118.12905,		1168.50117,				1.04505,				0.89885
189,		1036.74500,		1123.22549,		1184.13247,				1.05423,				0.91087
190,		1039.36492,		1113.99586,		1150.67325,				1.03292,				0.88513
191,		1036.84422,		1115.82384,		1149.38525,				1.03008,				0.88414
192,		1033.78435,		1110.43407,		1154.39810,				1.03959,				0.88800
193,		1047.66258,		1115.88561,		1156.42089,				1.03633,				0.88955
194,		1047.94624,		1120.19292,		1159.34699,				1.03495,				0.89181
195,		1070.37383,		1125.83979,		1158.39445,				1.02892,				0.89107
196,		1072.96261,		1128.41518,		1179.77673,				1.04552,				0.90752
197,		1065.39847,		1138.41646,		1179.40882,				1.03601,				0.90724
198,		1066.65460,		1135.16794,		1181.84631,				1.04112,				0.90911
199,		1026.77384,		1135.50701,		1173.78419,				1.03371,				0.90291
200,		1069.04638,		1133.32389,		1182.21036,				1.04314,				0.90939
201,		1066.66795,		1131.81831,		1180.66107,				1.04315,				0.90820
202,		1067.89619,		1147.76185,		1181.27701,				1.02920,				0.90867
203,		1060.39449,		1155.66289,		1192.17181,				1.03159,				0.91706
204,		1069.42991,		1133.11205,		1186.86771,				1.04744,				0.91298
205,		1041.44933,		1130.33325,		1175.01381,				1.03953,				0.90386
206,		1060.15726,		1147.27695,		1188.31020,				1.03577,				0.91408
207,		1062.72302,		1155.07017,		1191.51460,				1.03155,				0.91655
208,		1038.99931,		1123.63330,		1187.49261,				1.05683,				0.91346
209,		1050.12438,		1145.48284,		1193.25665,				1.04171,				0.91789
210,		1036.77620,		1125.35879,		1196.54589,				1.06326,				0.92042
211,		1048.81954,		1128.58162,		1199.03145,				1.06242,				0.92233
212,		1060.74867,		1150.24932,		1190.19991,				1.03473,				0.91554
213,		1036.02774,		1120.70753,		1198.16445,				1.06911,				0.92166
214,		1035.31327,		1106.61623,		1177.74961,				1.06428,				0.90596
215,		1053.40206,		1132.93435,		1184.25966,				1.04530,				0.91097
216,		1049.02160,		1113.36272,		1185.03319,				1.06437,				0.91156
217,		1067.12395,		1104.48308,		1185.68368,				1.07352,				0.91206
218,		1044.93985,		1135.75220,		1190.49736,				1.04820,				0.91577
219,		1040.00479,		1151.39474,		1181.36937,				1.02603,				0.90875
220,		1073.65250,		1155.38995,		1184.08516,				1.02484,				0.91083
221,		1062.42742,		1125.58187,		1177.86962,				1.04645,				0.90605
222,		1031.93644,		1110.62467,		1187.34195,				1.06908,				0.91334
223,		1038.28390,		1104.23254,		1192.13930,				1.07961,				0.91703
224,		1035.66561,		1100.96901,		1189.54482,				1.08045,				0.91503
225,		1039.76649,		1097.81281,		1179.01088,				1.07396,				0.90693
226,		1034.26976,		1096.64300,		1172.53450,				1.06920,				0.90195
227,		1037.87138,		1095.64457,		1173.11631,				1.07071,				0.90240
228,		1044.22870,		1094.82897,		1168.02175,				1.06685,				0.89848
229,		1019.62604,		1078.42868,		1123.49448,				1.04179,				0.86423
230,		1024.66265,		1086.51738,		1162.74231,				1.07016,				0.89442
231,		1034.61437,		1090.44311,		1128.82268,				1.03520,				0.86833
232,		1031.04766,		1092.59770,		1166.40516,				1.06755,				0.89723
233,		1034.43075,		1081.01251,		1143.19124,				1.05752,				0.87938
234,		982.56838,		1061.06259,		1130.03171,				1.06500,				0.86926
235,		992.60138,		1065.50936,		1127.66249,				1.05833,				0.86743
236,		1004.02994,		1078.50787,		1160.32265,				1.07586,				0.89256
237,		964.41435,		1047.57145,		1116.54421,				1.06584,				0.85888
238,		960.32784,		1062.84440,		1125.56380,				1.05901,				0.86582
239,		985.82435,		1044.14271,		1113.86436,				1.06677,				0.85682
240,		958.87300,		1031.77472,		1108.67268,				1.07453,				0.85283
241,		969.12947,		1025.58474,		1115.60249,				1.08777,				0.85816
242,		973.52939,		1036.98712,		1116.92273,				1.07708,				0.85917
243,		975.19777,		1046.24144,		1099.95549,				1.05134,				0.84612
244,		949.52453,		1031.43540,		1090.44033,				1.05721,				0.83880
245,		981.15783,		1024.03247,		1090.13325,				1.06455,				0.83856
246,		1003.05303,		1048.40258,		1141.28913,				1.08860,				0.87791
247,		1003.51017,		1058.40748,		1107.86121,				1.04672,				0.85220
248,		1003.32351,		1065.30078,		1143.00897,				1.07294,				0.87924
249,		982.72296,		1067.97720,		1138.99899,				1.06650,				0.87615
250,		1012.65709,		1070.30154,		1147.64799,				1.07227,				0.88281
251,		1011.92259,		1070.54264,		1150.89098,				1.07505,				0.88530
252,		1009.15349,		1071.47301,		1142.63361,				1.06641,				0.87895
253,		1017.41391,		1071.70474,		1124.68823,				1.04944,				0.86514
254,		1017.33101,		1069.42504,		1119.88221,				1.04718,				0.86145
255,		1016.64178,		1071.03503,		1137.67538,				1.06222,				0.87513
256,		1023.98181,		1071.09507,		1140.24730,				1.06456,				0.87711
257,		1011.25088,		1071.12737,		1124.62555,				1.04995,				0.86510
258,		1015.11699,		1071.10005,		1128.16577,				1.05328,				0.86782
259,		1008.83287,		1072.20045,		1117.09321,				1.04187,				0.85930
260,		1036.45008,		1074.08455,		1144.24342,				1.06532,				0.88019
261,		1035.95280,		1073.80824,		1139.11153,				1.06081,				0.87624
262,		1032.64648,		1070.65958,		1132.03356,				1.05732,				0.87080
263,		1035.98901,		1073.35815,		1145.94796,				1.06763,				0.88150
264,		1025.12204,		1072.04132,		1136.72723,				1.06034,				0.87441
265,		1026.00962,		1073.63027,		1118.17497,				1.04149,				0.86013
266,		996.71755,		1053.42860,		1104.40976,				1.04840,				0.84955
267,		965.87473,		1060.78388,		1104.31233,				1.04103,				0.84947
268,		959.41217,		1076.43052,		1144.74884,				1.06347,				0.88058
269,		1011.37493,		1084.26722,		1142.01207,				1.05326,				0.87847
270,		1027.02783,		1080.27653,		1136.26604,				1.05183,				0.87405
271,		1024.11470,		1078.67270,		1137.30595,				1.05436,				0.87485
272,		1027.99101,		1081.09840,		1156.25886,				1.06952,				0.88943
273,		1032.75016,		1086.35066,		1143.43137,				1.05254,				0.87956
274,		1031.02498,		1088.90287,		1139.48268,				1.04645,				0.87653
275,		1036.82639,		1090.38267,		1139.11745,				1.04470,				0.87624
276,		1033.43580,		1090.72326,		1142.51941,				1.04749,				0.87886
277,		1035.91636,		1090.90232,		1116.77949,				1.02372,				0.85906
278,		1041.57394,		1091.75795,		1157.87049,				1.06056,				0.89067
279,		1023.98973,		1091.00637,		1139.64609,				1.04458,				0.87665
280,		1022.13686,		1091.53373,		1149.02320,				1.05267,				0.88386
281,		1024.67392,		1091.20385,		1124.54961,				1.03056,				0.86504
282,		1023.31845,		1091.18721,		1126.49101,				1.03235,				0.86653
283,		1036.26257,		1091.43430,		1133.21888,				1.03828,				0.87171
284,		1053.75890,		1091.88490,		1140.69412,				1.04470,				0.87746
285,		1035.78319,		1091.63868,		1139.77844,				1.04410,				0.87675
286,		1051.88880,		1091.95503,		1128.22502,				1.03322,				0.86787
287,		1054.01713,		1091.55122,		1127.05706,				1.03253,				0.86697
288,		1037.09790,		1091.82295,		1126.96046,				1.03218,				0.86689
289,		1029.61239,		1091.15627,		1132.32397,				1.03773,				0.87102
290,		1036.05743,		1091.57975,		1148.34253,				1.05200,				0.88334
291,		997.13484,		1080.47998,		1132.00716,				1.04769,				0.87077
292,		1029.87312,		1085.56006,		1143.66044,				1.05352,				0.87974
293,		1026.37014,		1088.20524,		1149.09425,				1.05595,				0.88392
294,		1035.15826,		1089.35203,		1137.83670,				1.04451,				0.87526
295,		1010.83728,		1092.05738,		1143.99517,				1.04756,				0.88000
296,		1040.04399,		1092.34691,		1145.61948,				1.04877,				0.88125
297,		1030.49828,		1091.85753,		1132.90014,				1.03759,				0.87146
298,		1029.48181,		1092.98709,		1146.77154,				1.04921,				0.88213
299,		1037.26690,		1092.05144,		1132.00458,				1.03659,				0.87077
300,		1039.57534,		1093.00089,		1125.59794,				1.02982,				0.86584
301,		1049.15317,		1092.80138,		1130.67559,				1.03466,				0.86975
302,		1037.32156,		1096.46320,		1148.45343,				1.04742,				0.88343
303,		1031.07062,		1094.81099,		1148.47219,				1.04901,				0.88344
304,		1032.79399,		1093.30099,		1138.21060,				1.04108,				0.87555
305,		1036.87912,		1092.98097,		1146.23735,				1.04873,				0.88172
306,		1037.70587,		1092.02782,		1122.58134,				1.02798,				0.86352
307,		1035.73065,		1091.81494,		1129.36812,				1.03440,				0.86874
308,		1039.99980,		1090.87020,		1148.05296,				1.05242,				0.88312
309,		1038.30807,		1092.42508,		1141.02452,				1.04449,				0.87771
310,		1053.68235,		1091.69879,		1122.38616,				1.02811,				0.86337
311,		1046.29577,		1092.48573,		1131.33155,				1.03556,				0.87026
312,		1029.87174,		1092.86340,		1141.65227,				1.04464,				0.87819
313,		1055.39054,		1094.35689,		1148.52070,				1.04949,				0.88348
314,		1038.55236,		1094.59416,		1147.51446,				1.04835,				0.88270
315,		1034.85827,		1093.96381,		1143.57865,				1.04535,				0.87968
316,		1039.38634,		1094.34122,		1147.02337,				1.04814,				0.88233
317,		1051.97878,		1094.24222,		1146.05977,				1.04735,				0.88158
318,		1051.03485,		1094.84242,		1141.83955,				1.04293,				0.87834
319,		1054.37032,		1096.25356,		1130.90741,				1.03161,				0.86993
320,		1039.63676,		1095.84056,		1131.33059,				1.03239,				0.87025
321,		1037.31381,		1096.40528,		1145.55589,				1.04483,				0.88120
322,		1057.03437,		1097.58333,		1164.73077,				1.06118,				0.89595
323,		1051.20407,		1094.74793,		1167.68394,				1.06662,				0.89822
324,		1035.03391,		1092.48099,		1144.53893,				1.04765,				0.88041
325,		1052.41182,		1094.42532,		1132.34962,				1.03465,				0.87104
326,		1048.40770,		1092.21725,		1123.58037,				1.02872,				0.86429
327,		1055.53214,		1092.59825,		1136.10748,				1.03982,				0.87393
328,		1051.25982,		1093.98793,		1131.23586,				1.03405,				0.87018
329,		1052.70053,		1091.29367,		1131.27495,				1.03664,				0.87021
330,		1052.03847,		1089.63980,		1122.57243,				1.03022,				0.86352
331,		1034.87125,		1089.36457,		1124.56128,				1.03231,				0.86505
332,		1036.28307,		1088.62200,		1138.87151,				1.04616,				0.87606
333,		1030.86600,		1087.38599,		1122.63379,				1.03242,				0.86356
334,		1025.48990,		1088.35077,		1135.09777,				1.04295,				0.87315
335,		1028.33256,		1089.01760,		1142.01608,				1.04867,				0.87847
336,		1041.57398,		1089.68449,		1162.52498,				1.06685,				0.89425
337,		1033.01621,		1079.19053,		1127.53653,				1.04480,				0.86734
338,		1030.41242,		1074.41723,		1123.50180,				1.04568,				0.86423
339,		1042.97857,		1073.88368,		1107.37205,				1.03118,				0.85182
340,		1027.82590,		1071.47355,		1121.57371,				1.04676,				0.86275
341,		1018.37076,		1069.61644,		1124.97917,				1.05176,				0.86537
342,		1027.77799,		1069.98744,		1125.40744,				1.05179,				0.86570
343,		1017.49571,		1069.54518,		1122.23709,				1.04927,				0.86326
344,		1022.02980,		1069.69351,		1117.55275,				1.04474,				0.85966
345,		1023.71771,		1069.72976,		1118.35644,				1.04546,				0.86027
346,		1033.84331,		1077.14947,		1136.15532,				1.05478,				0.87397
347,		1031.94733,		1073.21921,		1135.39048,				1.05793,				0.87338
348,		1033.23541,		1074.07690,		1133.85923,				1.05566,				0.87220
349,		1014.68431,		1071.47255,		1131.59888,				1.05612,				0.87046
350,		1016.56989,		1071.33662,		1131.80484,				1.05644,				0.87062
351,		1020.36268,		1077.58977,		1112.24656,				1.03216,				0.85557
352,		1033.27866,		1076.03479,		1123.15615,				1.04379,				0.86397
353,		1016.53151,		1080.12114,		1124.79307,				1.04136,				0.86523
354,		1036.48337,		1075.41559,		1125.73443,				1.04679,				0.86595
355,		1017.87458,		1072.22580,		1120.99111,				1.04548,				0.86230
356,		1020.04527,		1071.67945,		1118.83319,				1.04400,				0.86064
357,		1018.33411,		1079.19207,		1136.30157,				1.05292,				0.87408
358,		1023.97345,		1075.08873,		1128.87779,				1.05003,				0.86837
359,		1030.37197,		1072.24631,		1119.17201,				1.04376,				0.86090
360,		1039.38390,		1071.61408,		1125.31432,				1.05011,				0.86563
361,		1027.68509,		1071.10582,		1127.17162,				1.05234,				0.86706
362,		1027.20919,		1070.76371,		1124.38885,				1.05008,				0.86491
363,		1022.43008,		1070.03196,		1111.74319,				1.03898,				0.85519
364,		1032.46921,		1069.93912,		1117.87820,				1.04481,				0.85991
365,		1029.19241,		1070.10227,		1121.46235,				1.04800,				0.86266
366,		1034.09801,		1070.28106,		1124.57982,				1.05073,				0.86506
367,		1019.73922,		1068.73950,		1110.29654,				1.03888,				0.85407
368,		1028.80409,		1068.78011,		1118.13957,				1.04618,				0.86011
369,		1049.13979,		1069.91698,		1120.69475,				1.04746,				0.86207
370,		1020.52798,		1068.48592,		1113.60019,				1.04222,				0.85662
371,		1018.88127,		1067.63520,		1101.85970,				1.03206,				0.84758
372,		1014.48216,		1066.35431,		1110.11160,				1.04103,				0.85393
373,		1014.25210,		1066.06125,		1104.18618,				1.03576,				0.84937
374,		1007.72770,		1066.59347,		1120.07255,				1.05014,				0.86159
375,		1012.85270,		1067.16464,		1119.85732,				1.04938,				0.86143
376,		1010.42864,		1067.54173,		1111.78561,				1.04144,				0.85522
377,		1022.59207,		1064.36246,		1101.37427,				1.03477,				0.84721
378,		1017.31427,		1066.60894,		1120.85103,				1.05085,				0.86219
379,		1017.57751,		1067.42321,		1121.32430,				1.05050,				0.86256
380,		1025.91034,		1067.92120,		1125.62988,				1.05404,				0.86587
381,		1026.47194,		1067.40278,		1097.05623,				1.02778,				0.84389
382,		999.56294,		1067.64616,		1100.81307,				1.03107,				0.84678
383,		1006.21409,		1066.18559,		1097.24610,				1.02913,				0.84404
384,		1011.33038,		1066.98256,		1105.96372,				1.03653,				0.85074
385,		973.74067,		1067.35745,		1115.53651,				1.04514,				0.85811
386,		973.74118,		1066.79811,		1117.09393,				1.04715,				0.85930
387,		1003.56095,		1067.33112,		1116.86591,				1.04641,				0.85913
388,		1011.39611,		1068.84855,		1121.43889,				1.04920,				0.86265
389,		989.41278,		1069.09168,		1119.29223,				1.04696,				0.86099
390,		979.41822,		1063.88523,		1117.91725,				1.05079,				0.85994
391,		1016.47099,		1066.31154,		1100.12877,				1.03171,				0.84625
392,		1018.56057,		1058.60389,		1106.06358,				1.04483,				0.85082
393,		1009.14856,		1055.16765,		1100.22591,				1.04270,				0.84633
394,		1010.46517,		1053.77459,		1106.11628,				1.04967,				0.85086
395,		1008.38758,		1052.66951,		1108.95077,				1.05347,				0.85304
396,		996.31855,		1058.77874,		1096.84460,				1.03595,				0.84373
397,		1004.66874,		1055.03732,		1098.89322,				1.04157,				0.84530
398,		1010.07505,		1054.03032,		1117.53067,				1.06025,				0.85964
399,		1015.89782,		1052.72673,		1117.21138,				1.06125,				0.85939
400,		1010.71079,		1060.55881,		1119.79449,				1.05585,				0.86138
401,		1012.20910,		1058.78325,		1113.98438,				1.05214,				0.85691
402,		1011.07515,		1062.30103,		1108.02924,				1.04305,				0.85233
403,		1018.41462,		1065.18707,		1121.28669,				1.05267,				0.86253
404,		1009.87838,		1066.40716,		1108.19766,				1.03919,				0.85246
405,		1013.42422,		1065.88408,		1107.48904,				1.03903,				0.85191
406,		999.69708,		1066.72544,		1108.48782,				1.03915,				0.85268
407,		1013.75813,		1065.07369,		1127.94384,				1.05903,				0.86765
408,		1011.96836,		1065.82923,		1128.60961,				1.05890,				0.86816
409,		1013.54507,		1067.95545,		1120.30076,				1.04901,				0.86177
410,		1016.01957,		1067.25082,		1120.04997,				1.04947,				0.86158
411,		1024.74433,		1068.87878,		1117.69267,				1.04567,				0.85976
412,		1014.30038,		1069.70334,		1124.67440,				1.05139,				0.86513
413,		1020.75063,		1069.96472,		1123.77949,				1.05030,				0.86445
414,		1025.38774,		1070.14290,		1115.71548,				1.04259,				0.85824
415,		1039.41157,		1070.28856,		1139.51066,				1.06468,				0.87655
416,		1019.19178,		1068.64202,		1137.58393,				1.06451,				0.87506
417,		1014.59333,		1069.14937,		1139.03191,				1.06536,				0.87618
418,		1024.07685,		1067.07027,		1114.51033,				1.04446,				0.85732
419,		1027.20653,		1068.00201,		1122.74877,				1.05126,				0.86365
420,		1028.38003,		1068.48437,		1124.56437,				1.05249,				0.86505
421,		1020.12208,		1069.40362,		1119.33208,				1.04669,				0.86102
422,		977.13874,		1069.50820,		1122.85258,				1.04988,				0.86373
423,		976.39322,		1069.08417,		1124.88855,				1.05220,				0.86530
424,		1031.84861,		1064.11016,		1115.18401,				1.04800,				0.85783
425,		1026.72987,		1067.20759,		1112.99292,				1.04290,				0.85615
426,		1020.87397,		1064.88120,		1105.99744,				1.03861,				0.85077
427,		1009.37382,		1061.51489,		1099.92975,				1.03619,				0.84610
428,		1023.09584,		1065.34546,		1116.72845,				1.04823,				0.85902
429,		1017.55565,		1068.42745,		1120.42606,				1.04867,				0.86187
430,		1012.89859,		1070.03562,		1118.67312,				1.04545,				0.86052
431,		1018.09658,		1070.15873,		1130.70473,				1.05658,				0.86977
432,		1028.71208,		1070.85325,		1098.06239,				1.02541,				0.84466
433,		1019.08343,		1070.08934,		1109.51055,				1.03684,				0.85347
434,		1023.94482,		1069.67351,		1121.09646,				1.04807,				0.86238
435,		1031.73555,		1071.73067,		1127.06249,				1.05163,				0.86697
436,		1014.15608,		1070.46309,		1120.81228,				1.04703,				0.86216
437,		1022.40825,		1071.11840,		1129.63279,				1.05463,				0.86895
438,		1031.98113,		1070.45972,		1102.75536,				1.03017,				0.84827
439,		1019.38383,		1068.66578,		1096.57813,				1.02612,				0.84352
440,		1011.89786,		1070.24013,		1115.91364,				1.04268,				0.85840
441,		1028.91208,		1074.85100,		1120.96817,				1.04291,				0.86228
442,		1035.70319,		1076.32569,		1118.81019,				1.03947,				0.86062
443,		1024.36077,		1073.97058,		1129.96658,				1.05214,				0.86921
444,		1039.01339,		1075.83525,		1112.22307,				1.03382,				0.85556
445,		1035.28428,		1076.01821,		1114.90203,				1.03614,				0.85762
446,		1030.36480,		1072.50513,		1110.50315,				1.03543,				0.85423
447,		1030.88617,		1074.66737,		1121.03187,				1.04314,				0.86233
448,		1040.75369,		1073.24837,		1117.63689,				1.04136,				0.85972
449,		1033.99239,		1094.58433,		1147.35363,				1.04821,				0.88258
450,		1025.99104,		1081.81489,		1148.69434,				1.06182,				0.88361
451,		1021.62750,		1076.02813,		1141.93043,				1.06125,				0.87841
452,		1029.35736,		1071.37313,		1145.78227,				1.06945,				0.88137
453,		1012.57129,		1070.12921,		1118.29100,				1.04501,				0.86022
454,		1006.15668,		1069.83453,		1118.16358,				1.04517,				0.86013
455,		1034.88680,		1069.37029,		1116.06112,				1.04366,				0.85851
456,		1025.99018,		1068.53315,		1117.11316,				1.04546,				0.85932
457,		1024.19742,		1080.70086,		1147.38385,				1.06170,				0.88260
458,		1027.84083,		1085.43375,		1146.40634,				1.05617,				0.88185
459,		1037.17002,		1089.62111,		1147.26342,				1.05290,				0.88251
460,		1056.47886,		1091.12560,		1142.73885,				1.04730,				0.87903
461,		1053.82412,		1093.17507,		1148.99630,				1.05106,				0.88384
462,		1047.50392,		1094.30648,		1145.39761,				1.04669,				0.88108
463,		1057.93816,		1094.69926,		1146.28038,				1.04712,				0.88175
464,		1039.41587,		1093.21343,		1143.70661,				1.04619,				0.87977
465,		1049.32019,		1093.18857,		1144.96020,				1.04736,				0.88074
466,		1051.58650,		1090.90889,		1147.51945,				1.05189,				0.88271
467,		1042.61404,		1088.61803,		1131.49413,				1.03939,				0.87038
468,		1044.67805,		1090.68112,		1137.12934,				1.04259,				0.87471
469,		1046.26279,		1089.93249,		1146.62257,				1.05201,				0.88202
470,		1025.95876,		1089.41202,		1142.98715,				1.04918,				0.87922
471,		1035.62703,		1090.13949,		1148.59108,				1.05362,				0.88353
472,		1032.53226,		1088.73847,		1153.81334,				1.05977,				0.88755
473,		1044.44418,		1089.13681,		1138.09297,				1.04495,				0.87546
474,		1063.96669,		1089.45231,		1140.12956,				1.04652,				0.87702
475,		1052.95560,		1089.58094,		1118.91758,				1.02692,				0.86071
476,		1050.79034,		1088.97991,		1124.28724,				1.03242,				0.86484
477,		1052.44564,		1089.17514,		1139.54183,				1.04624,				0.87657
478,		1049.25662,		1088.80743,		1124.20008,				1.03251,				0.86477
479,		1060.77084,		1089.80799,		1138.10572,				1.04432,				0.87547
480,		1051.19953,		1089.11769,		1143.57547,				1.05000,				0.87967
481,		1048.93359,		1088.19538,		1139.52125,				1.04717,				0.87655
482,		1045.18469,		1088.08092,		1140.45870,				1.04814,				0.87728
483,		1044.90945,		1087.97180,		1143.38242,				1.05093,				0.87952
484,		1044.71037,		1086.81041,		1142.22055,				1.05098,				0.87863
485,		1045.14243,		1087.25501,		1139.50181,				1.04805,				0.87654
486,		1045.95364,		1087.13728,		1140.07469,				1.04869,				0.87698
487,		1039.96620,		1086.47936,		1114.97894,				1.02623,				0.85768
488,		1037.81209,		1086.28844,		1118.65232,				1.02979,				0.86050
489,		1046.50559,		1085.02635,		1126.85039,				1.03855,				0.86681
490,		1050.31775,		1085.88806,		1137.86633,				1.04787,				0.87528
491,		1044.07869,		1085.89992,		1134.48366,				1.04474,				0.87268
492,		1043.05308,		1083.80789,		1138.88302,				1.05082,				0.87606
493,		1040.74083,		1082.31606,		1134.92587,				1.04861,				0.87302
494,		1039.44098,		1081.70014,		1135.61010,				1.04984,				0.87355
495,		1046.73576,		1085.13913,		1133.65706,				1.04471,				0.87204
496,		1040.52231,		1083.00002,		1139.79601,				1.05244,				0.87677
497,		1042.02558,		1082.20315,		1134.69453,				1.04850,				0.87284
498,		1013.91625,		1084.89908,		1137.93545,				1.04889,				0.87533
499,		1050.97143,		1086.31688,		1115.03178,				1.02643,				0.85772
500,		1047.70858,		1087.07431,		1111.77418,				1.02272,				0.85521
501,		1049.83611,		1084.12527,		1106.93054,				1.02104,				0.85149
502,		1042.87968,		1086.06001,		1115.50019,				1.02711,				0.85808
503,		1045.58266,		1086.94249,		1126.38867,				1.03629,				0.86645
504,		1049.53819,		1087.03986,		1131.35902,				1.04077,				0.87028
505,		1049.97010,		1087.56195,		1126.86232,				1.03614,				0.86682
506,		1044.51106,		1088.09223,		1135.30882,				1.04339,				0.87331
507,		1047.52006,		1088.28722,		1139.28241,				1.04686,				0.87637
508,		1036.90314,		1088.00327,		1140.58229,				1.04833,				0.87737
509,		1043.15782,		1087.46096,		1137.88466,				1.04637,				0.87530
510,		1049.18011,		1087.76644,		1138.86545,				1.04698,				0.87605
511,		1044.81543,		1090.65279,		1139.69639,				1.04497,				0.87669
512,		1053.93366,		1088.66194,		1139.11156,				1.04634,				0.87624
513,		1042.94901,		1087.31406,		1137.46929,				1.04613,				0.87498
514,		1048.05754,		1086.03567,		1121.25602,				1.03243,				0.86250
515,		1036.52280,		1086.12304,		1123.73937,				1.03463,				0.86441
516,		1051.15311,		1090.43130,		1133.71109,				1.03969,				0.87209
517,		1056.51707,		1092.92652,		1127.55094,				1.03168,				0.86735
518,		1062.94368,		1090.15370,		1137.02069,				1.04299,				0.87463
519,		1054.39074,		1092.85501,		1118.50120,				1.02347,				0.86039
520,		1050.70130,		1093.60665,		1148.76872,				1.05044,				0.88367
521,		1055.60970,		1094.35317,		1146.02455,				1.04722,				0.88156
522,		1051.64538,		1094.35181,		1145.25572,				1.04652,				0.88097
523,		1058.66662,		1094.49816,		1148.45639,				1.04930,				0.88343
524,		1047.22100,		1093.19543,		1147.09349,				1.04930,				0.88238
525,		1014.84070,		1086.25062,		1144.70329,				1.05381,				0.88054
526,		1029.44454,		1090.96445,		1149.12285,				1.05331,				0.88394
527,		1031.43313,		1091.35699,		1115.34038,				1.02198,				0.85795
528,		1031.66527,		1092.56104,		1147.40644,				1.05020,				0.88262
529,		1019.32378,		1076.36149,		1145.15345,				1.06391,				0.88089
530,		1020.66156,		1086.87642,		1147.82937,				1.05608,				0.88295
531,		1021.37908,		1072.96447,		1146.90480,				1.06891,				0.88223
532,		1027.98859,		1066.99157,		1114.43916,				1.04447,				0.85726
533,		1023.73835,		1064.29245,		1114.38808,				1.04707,				0.85722
534,		1022.40465,		1062.31071,		1107.59002,				1.04262,				0.85199
535,		1017.52369,		1061.53089,		1109.57727,				1.04526,				0.85352
536,		1018.44998,		1060.91875,		1103.58201,				1.04021,				0.84891
537,		1019.49968,		1060.40879,		1090.80415,				1.02866,				0.83908
538,		1020.22377,		1067.74700,		1109.92732,				1.03950,				0.85379
539,		1020.51770,		1064.79284,		1110.18120,				1.04263,				0.85399
540,		1034.13811,		1068.38023,		1102.29775,				1.03175,				0.84792
541,		1028.81130,		1069.08307,		1117.01969,				1.04484,				0.85925
542,		1022.34234,		1065.99549,		1122.62778,				1.05313,				0.86356
543,		988.12435,		1043.83047,		1115.52056,				1.06868,				0.85809
544,		1010.51818,		1053.74133,		1115.24227,				1.05836,				0.85788
545,		981.03438,		1038.88764,		1108.60783,				1.06711,				0.85278
546,		991.19629,		1038.06053,		1089.45821,				1.04951,				0.83804
547,		996.56168,		1056.27026,		1102.63075,				1.04389,				0.84818
548,		1009.78138,		1066.75608,		1112.31460,				1.04271,				0.85563
549,		1022.91437,		1072.33382,		1114.53749,				1.03936,				0.85734
550,		1023.20284,		1074.71136,		1126.91259,				1.04857,				0.86686
551,		1017.85748,		1067.91421,		1130.16940,				1.05830,				0.86936
552,		1030.69544,		1064.40628,		1115.23856,				1.04776,				0.85788
553,		1024.90816,		1061.43648,		1091.33145,				1.02816,				0.83949
554,		1018.57257,		1060.11113,		1108.69035,				1.04582,				0.85284
555,		1020.01764,		1060.24402,		1103.40965,				1.04071,				0.84878
556,		1019.25816,		1060.14519,		1090.24474,				1.02839,				0.83865
557,		1018.48107,		1068.10924,		1108.97044,				1.03826,				0.85305
558,		1015.28396,		1064.47292,		1127.00920,				1.05875,				0.86693
559,		1021.65867,		1062.52343,		1125.20933,				1.05900,				0.86555
560,		1019.16784,		1060.90922,		1131.48887,				1.06653,				0.87038
561,		1011.43069,		1056.64975,		1128.84800,				1.06833,				0.86834
562,		1006.27886,		1054.20550,		1095.36238,				1.03904,				0.84259
563,		1012.72897,		1054.33743,		1103.47707,				1.04661,				0.84883
564,		1021.84593,		1054.11506,		1123.85432,				1.06616,				0.86450
565,		1016.28248,		1053.48807,		1122.93508,				1.06592,				0.86380
566,		982.92440,		1033.87869,		1116.26498,				1.07969,				0.85867
567,		979.91563,		1024.24108,		1116.68088,				1.09025,				0.85899
568,		980.95835,		1033.69661,		1120.62994,				1.08410,				0.86202
569,		987.25635,		1038.48319,		1108.19098,				1.06712,				0.85245
570,		986.98120,		1026.28337,		1113.58679,				1.08507,				0.85661
571,		973.86254,		1033.74288,		1109.27891,				1.07307,				0.85329
572,		996.25438,		1038.44616,		1098.86677,				1.05818,				0.84528
573,		1004.41514,		1040.73077,		1112.30208,				1.06877,				0.85562
574,		991.53985,		1040.44814,		1107.56715,				1.06451,				0.85197
575,		1003.91051,		1040.51045,		1110.78302,				1.06754,				0.85445
576,		1000.90679,		1040.98979,		1109.98352,				1.06628,				0.85383
577,		1001.60384,		1043.55653,		1104.44089,				1.05834,				0.84957
578,		1003.87206,		1043.27491,		1106.67447,				1.06077,				0.85129
579,		968.37214,		1034.57897,		1102.03630,				1.06520,				0.84772
580,		971.90023,		1037.11328,		1105.22579,				1.06568,				0.85017
581,		973.54774,		1039.56546,		1093.90821,				1.05227,				0.84147
582,		1001.83773,		1040.48339,		1096.83224,				1.05416,				0.84372
583,		1001.19502,		1040.15951,		1088.98723,				1.04694,				0.83768
584,		987.14700,		1035.95852,		1077.86118,				1.04045,				0.82912
585,		990.40717,		1037.82226,		1104.89730,				1.06463,				0.84992
586,		990.92054,		1037.05413,		1078.98247,				1.04043,				0.82999
587,		996.66852,		1038.09276,		1089.79158,				1.04980,				0.83830
588,		992.41178,		1038.82724,		1096.39403,				1.05542,				0.84338
589,		987.66685,		1039.51127,		1106.62596,				1.06456,				0.85125
590,		988.99418,		1039.53284,		1107.98710,				1.06585,				0.85230
591,		991.57480,		1040.13321,		1100.47581,				1.05801,				0.84652
592,		1007.50625,		1040.14085,		1094.83261,				1.05258,				0.84218
593,		1002.18396,		1039.31979,		1090.01161,				1.04877,				0.83847
594,		1001.99345,		1038.53805,		1071.30189,				1.03155,				0.82408
595,		1001.61142,		1037.67138,		1104.40445,				1.06431,				0.84954
596,		983.48090,		1041.57402,		1110.83251,				1.06649,				0.85449
597,		1003.20968,		1042.93304,		1125.38296,				1.07906,				0.86568
598,		994.49561,		1040.38392,		1112.08596,				1.06892,				0.85545
599,		1001.88149,		1038.53129,		1124.69707,				1.08297,				0.86515
600,		991.92354,		1039.64582,		1129.19190,				1.08613,				0.86861
601,		996.98939,		1042.52250,		1095.16840,				1.05050,				0.84244
602,		999.06452,		1042.07228,		1112.97629,				1.06804,				0.85614
603,		960.69842,		1043.89709,		1100.77541,				1.05449,				0.84675
604,		1008.10087,		1043.97990,		1095.42364,				1.04928,				0.84263
605,		1009.26974,		1046.02501,		1098.11951,				1.04980,				0.84471
606,		998.40131,		1045.53763,		1109.48128,				1.06116,				0.85345
607,		1000.91775,		1045.55278,		1115.20918,				1.06662,				0.85785
608,		995.20269,		1045.17957,		1116.53731,				1.06827,				0.85887
609,		1000.16962,		1046.35144,		1115.42858,				1.06602,				0.85802
610,		999.83103,		1045.32194,		1103.26525,				1.05543,				0.84867
611,		1000.52099,		1044.75436,		1098.15195,				1.05111,				0.84473
612,		998.40470,		1044.35226,		1095.52043,				1.04900,				0.84271
613,		1002.03238,		1043.69172,		1098.28128,				1.05230,				0.84483
614,		997.58463,		1043.75852,		1099.81069,				1.05370,				0.84601
615,		984.60062,		1037.43256,		1098.87481,				1.05923,				0.84529
616,		999.66362,		1040.61282,		1110.02944,				1.06671,				0.85387
617,		999.54686,		1042.18551,		1100.19411,				1.05566,				0.84630
618,		986.02096,		1037.07664,		1093.18405,				1.05410,				0.84091
619,		989.60003,		1040.37944,		1106.61342,				1.06366,				0.85124
620,		989.93454,		1036.86783,		1111.68271,				1.07215,				0.85514
621,		990.57188,		1048.51268,		1115.78287,				1.06416,				0.85829
622,		1004.67674,		1058.96516,		1116.30056,				1.05414,				0.85869
623,		1008.93722,		1053.66916,		1101.29959,				1.04520,				0.84715
624,		1002.27705,		1066.83287,		1109.03466,				1.03956,				0.85310
625,		1021.07489,		1072.39245,		1105.34346,				1.03073,				0.85026
626,		1020.10879,		1075.65295,		1105.67183,				1.02791,				0.85052
627,		1028.25576,		1077.56143,		1107.21424,				1.02752,				0.85170
628,		1029.80437,		1079.08560,		1129.81379,				1.04701,				0.86909
629,		1010.27538,		1084.78756,		1111.16889,				1.02432,				0.85475
630,		1033.11227,		1082.78854,		1116.67121,				1.03129,				0.85898
631,		1048.65705,		1087.09604,		1130.25227,				1.03970,				0.86942
632,		1047.69921,		1083.53993,		1132.09043,				1.04481,				0.87084
633,		1035.65493,		1087.65695,		1147.25370,				1.05479,				0.88250
634,		1027.89347,		1083.88821,		1150.33349,				1.06130,				0.88487
635,		1036.21906,		1087.65318,		1151.19354,				1.05842,				0.88553
636,		1040.40604,		1089.49022,		1154.20097,				1.05940,				0.88785
637,		1027.69348,		1084.04543,		1117.05710,				1.03045,				0.85927
638,		1049.83565,		1087.57382,		1110.25147,				1.02085,				0.85404
639,		1033.81508,		1083.15958,		1131.36604,				1.04451,				0.87028
640,		1030.77450,		1081.28899,		1143.63748,				1.05766,				0.87972
641,		1028.97237,		1082.23206,		1134.57627,				1.04837,				0.87275
642,		1039.39634,		1081.15536,		1127.09597,				1.04249,				0.86700
643,		1037.14679,		1080.40167,		1126.15688,				1.04235,				0.86627
644,		1043.52202,		1084.41544,		1134.48872,				1.04618,				0.87268
645,		1044.78851,		1082.53040,		1139.79229,				1.05290,				0.87676
646,		1047.10797,		1088.91415,		1142.09235,				1.04884,				0.87853
647,		1039.76221,		1083.63778,		1130.01282,				1.04280,				0.86924
648,		1034.85021,		1081.86793,		1130.05282,				1.04454,				0.86927
649,		1033.93343,		1080.39648,		1139.55915,				1.05476,				0.87658
650,		1029.07196,		1079.71767,		1146.79014,				1.06212,				0.88215
651,		1028.33209,		1079.79883,		1146.05572,				1.06136,				0.88158
652,		1031.85986,		1079.53542,		1106.19045,				1.02469,				0.85092
653,		1051.69921,		1081.81438,		1107.31017,				1.02357,				0.85178
654,		1055.54047,		1080.68505,		1099.99881,				1.01787,				0.84615
655,		1021.20156,		1080.29875,		1111.06355,				1.02848,				0.85466
656,		1023.03643,		1081.87743,		1115.13638,				1.03074,				0.85780
657,		1030.18208,		1082.85151,		1122.78160,				1.03687,				0.86368
658,		1035.81364,		1086.45188,		1121.48746,				1.03225,				0.86268
659,		1052.15077,		1085.91711,		1121.71480,				1.03297,				0.86286
660,		1036.79724,		1086.69240,		1127.68735,				1.03772,				0.86745
661,		1047.26433,		1091.62251,		1144.01589,				1.04800,				0.88001
662,		1034.66914,		1090.31218,		1144.73561,				1.04992,				0.88057
663,		1027.92383,		1087.12063,		1148.82227,				1.05676,				0.88371
664,		1028.29100,		1079.09289,		1113.04175,				1.03146,				0.85619
665,		1029.86934,		1078.35034,		1129.19478,				1.04715,				0.86861
666,		1029.67693,		1074.34928,		1135.14279,				1.05659,				0.87319
667,		1015.61520,		1068.19717,		1130.48377,				1.05831,				0.86960
668,		1005.48137,		1061.12697,		1126.43802,				1.06155,				0.86649
669,		1004.20667,		1065.33612,		1117.76828,				1.04922,				0.85982
670,		1012.00549,		1065.45804,		1115.03558,				1.04653,				0.85772
671,		1011.61108,		1080.93087,		1147.20369,				1.06131,				0.88246
672,		1016.00221,		1086.05326,		1144.75640,				1.05405,				0.88058
673,		986.96145,		1081.61791,		1162.41614,				1.07470,				0.89417
674,		1008.15134,		1104.79067,		1148.38531,				1.03946,				0.88337
675,		1010.83778,		1096.98060,		1149.86826,				1.04821,				0.88451
676,		1017.32806,		1105.80270,		1155.65592,				1.04508,				0.88897
677,		1014.29515,		1111.34878,		1153.73014,				1.03814,				0.88748
678,		1041.40464,		1108.77249,		1149.20590,				1.03647,				0.88400
679,		1027.18538,		1112.70356,		1152.06379,				1.03537,				0.88620
680,		1063.72964,		1115.79274,		1152.44042,				1.03284,				0.88649
681,		1075.83002,		1116.55829,		1146.94714,				1.02722,				0.88227
682,		1067.82448,		1114.38256,		1150.97849,				1.03284,				0.88537
683,		1068.63335,		1115.49964,		1142.38349,				1.02410,				0.87876
684,		1069.16826,		1115.88861,		1144.24073,				1.02541,				0.88019
685,		1070.00473,		1118.00350,		1144.26422,				1.02349,				0.88020
686,		1067.65570,		1119.42537,		1152.68172,				1.02971,				0.88668
687,		1071.15489,		1115.92911,		1153.21771,				1.03341,				0.88709
688,		1067.90057,		1117.82895,		1160.98244,				1.03860,				0.89306
689,		1073.06342,		1114.84545,		1155.12854,				1.03613,				0.88856
690,		1073.72641,		1122.69079,		1159.36164,				1.03266,				0.89182
691,		1069.41068,		1114.93691,		1158.20289,				1.03881,				0.89093
692,		1073.11801,		1124.29232,		1171.54146,				1.04203,				0.90119
693,		1055.85138,		1128.21045,		1156.65594,				1.02521,				0.88974
694,		1033.97223,		1120.21762,		1150.55199,				1.02708,				0.88504
695,		1079.33777,		1126.64922,		1164.19668,				1.03333,				0.89554
696,		1070.88793,		1119.43909,		1163.13597,				1.03903,				0.89472
697,		1071.81266,		1123.96973,		1158.45488,				1.03068,				0.89112
698,		1073.53638,		1120.00019,		1160.80304,				1.03643,				0.89293
699,		1083.50883,		1122.67431,		1147.60378,				1.02221,				0.88277
700,		1081.64996,		1118.47194,		1149.13343,				1.02741,				0.88395
701,		1073.85717,		1126.55699,		1158.91242,				1.02872,				0.89147
702,		1079.67360,		1125.25354,		1159.35384,				1.03030,				0.89181
703,		1083.27112,		1129.41327,		1159.37411,				1.02653,				0.89183
704,		1085.06933,		1133.57762,		1172.46595,				1.03431,				0.90190
705,		1085.38793,		1138.80318,		1172.50096,				1.02959,				0.90192
706,		1086.29506,		1140.89994,		1174.58812,				1.02953,				0.90353
707,		1086.28506,		1143.53936,		1188.40243,				1.03923,				0.91416
708,		1078.56279,		1149.26400,		1185.34660,				1.03140,				0.91181
709,		1116.31107,		1155.42553,		1193.90484,				1.03330,				0.91839
710,		1115.11424,		1158.68612,		1197.13462,				1.03318,				0.92087
711,		1126.44871,		1159.01490,		1197.88429,				1.03354,				0.92145
712,		1119.61912,		1157.89550,		1184.26524,				1.02277,				0.91097
713,		1109.69964,		1156.53657,		1190.04876,				1.02898,				0.91542
714,		1118.57780,		1156.58533,		1191.76913,				1.03042,				0.91675
715,		1116.42684,		1159.02508,		1186.36179,				1.02359,				0.91259
716,		1129.44135,		1158.54544,		1186.33894,				1.02399,				0.91257
717,		1113.83337,		1158.24294,		1192.96182,				1.02998,				0.91766
718,		1107.50788,		1159.28220,		1190.10690,				1.02659,				0.91547
719,		1114.23086,		1158.28680,		1195.32016,				1.03197,				0.91948
720,		1114.80516,		1157.75414,		1198.35632,				1.03507,				0.92181
721,		1109.63973,		1161.33230,		1193.32872,				1.02755,				0.91795
722,		1111.40929,		1159.08336,		1190.81368,				1.02738,				0.91601
723,		1118.06503,		1158.75467,		1201.31636,				1.03673,				0.92409
724,		1116.17552,		1158.13069,		1194.08593,				1.03105,				0.91853
725,		1112.77153,		1157.64565,		1183.79138,				1.02259,				0.91061
726,		1118.35883,		1157.44954,		1185.62868,				1.02435,				0.91202
727,		1113.42198,		1153.37636,		1185.31681,				1.02769,				0.91178
728,		1099.29187,		1142.70938,		1177.59734,				1.03053,				0.90584
729,		1111.29113,		1149.29744,		1170.37777,				1.01834,				0.90029
730,		1101.41230,		1146.00464,		1189.59850,				1.03804,				0.91508
731,		1088.67961,		1133.73525,		1177.10409,				1.03825,				0.90546
732,		1083.21831,		1131.25414,		1174.13858,				1.03791,				0.90318
733,		1064.73153,		1126.53673,		1178.15975,				1.04582,				0.90628
734,		1082.47967,		1124.77970,		1170.67562,				1.04080,				0.90052
735,		1090.81585,		1126.33730,		1174.69867,				1.04294,				0.90361
736,		1095.64814,		1124.33312,		1166.20196,				1.03724,				0.89708
737,		1089.13358,		1123.84292,		1183.43614,				1.05303,				0.91034
738,		1083.86877,		1123.27902,		1178.24877,				1.04894,				0.90635
739,		1078.41959,		1124.81620,		1168.96258,				1.03925,				0.89920
740,		1084.67130,		1124.79759,		1159.18376,				1.03057,				0.89168
741,		1083.54600,		1126.24353,		1161.80433,				1.03157,				0.89370
742,		1082.63579,		1129.17325,		1176.80687,				1.04218,				0.90524
743,		1080.15324,		1132.05280,		1174.60445,				1.03759,				0.90354
744,		1078.92820,		1129.68194,		1172.03404,				1.03749,				0.90156
745,		1077.74488,		1132.68901,		1170.71677,				1.03357,				0.90055
746,		1079.50905,		1146.05738,		1188.29894,				1.03686,				0.91408
747,		1096.31850,		1149.10209,		1186.48370,				1.03253,				0.91268
748,		1083.06681,		1137.81921,		1179.35336,				1.03650,				0.90719
749,		1083.03547,		1133.40055,		1179.32283,				1.04052,				0.90717
750,		1080.92311,		1145.79010,		1189.77139,				1.03839,				0.91521
751,		1060.93944,		1134.33742,		1190.27340,				1.04931,				0.91559
752,		1068.01413,		1114.77268,		1179.09826,				1.05770,				0.90700
753,		1069.53537,		1137.91671,		1192.93784,				1.04835,				0.91764
754,		1074.44918,		1140.98987,		1185.01706,				1.03859,				0.91155
755,		1074.36164,		1136.82205,		1185.87048,				1.04315,				0.91221
756,		1067.46708,		1129.76510,		1174.83655,				1.03989,				0.90372
757,		1064.70481,		1126.80326,		1165.79135,				1.03460,				0.89676
758,		1059.16153,		1123.65265,		1165.82504,				1.03753,				0.89679
759,		1063.57460,		1122.53938,		1162.13737,				1.03528,				0.89395
760,		1063.19719,		1123.51014,		1161.45752,				1.03378,				0.89343
761,		1063.62282,		1116.73802,		1163.64617,				1.04200,				0.89511
762,		1094.77305,		1119.09734,		1145.70569,				1.02378,				0.88131
763,		1067.91583,		1120.24730,		1147.06147,				1.02394,				0.88235
764,		1083.80830,		1120.71078,		1156.47073,				1.03191,				0.88959
765,		1067.73489,		1120.44955,		1151.69486,				1.02789,				0.88592
766,		1061.90521,		1120.44209,		1154.97346,				1.03082,				0.88844
767,		1063.30286,		1120.82811,		1147.60794,				1.02389,				0.88278
768,		1093.25579,		1120.99611,		1152.42208,				1.02803,				0.88648
769,		1061.00009,		1120.51432,		1150.81697,				1.02704,				0.88524
770,		1049.88462,		1117.42732,		1153.52214,				1.03230,				0.88732
771,		1071.17712,		1118.85715,		1145.03247,				1.02339,				0.88079
772,		1067.10890,		1119.00362,		1136.17967,				1.01535,				0.87398
773,		1064.33048,		1118.70683,		1139.75229,				1.01881,				0.87673
774,		1086.01795,		1115.59683,		1136.65747,				1.01888,				0.87435
775,		1085.27784,		1114.12165,		1146.84356,				1.02937,				0.88219
776,		1085.02586,		1113.64057,		1138.12939,				1.02199,				0.87548
777,		1084.94601,		1113.84504,		1148.21128,				1.03085,				0.88324
778,		1055.49377,		1113.45005,		1146.21198,				1.02942,				0.88170
779,		1061.31131,		1113.70786,		1142.76611,				1.02609,				0.87905
780,		1087.29455,		1113.93799,		1143.33383,				1.02639,				0.87949
781,		1051.03657,		1113.55270,		1143.09147,				1.02653,				0.87930
782,		1054.48246,		1113.22241,		1143.92038,				1.02758,				0.87994
783,		1056.39691,		1113.51579,		1145.42788,				1.02866,				0.88110
784,		1051.43321,		1113.52602,		1143.52394,				1.02694,				0.87963
785,		1055.61054,		1110.53013,		1148.56654,				1.03425,				0.88351
786,		1044.96770,		1108.53984,		1146.37005,				1.03413,				0.88182
787,		1056.18023,		1111.09677,		1136.86635,				1.02319,				0.87451
788,		1051.23732,		1111.05791,		1141.98545,				1.02784,				0.87845
789,		1069.12450,		1116.14371,		1158.98821,				1.03839,				0.89153
790,		1052.74845,		1114.70534,		1141.54831,				1.02408,				0.87811
791,		1054.49496,		1115.24813,		1163.28950,				1.04308,				0.89484
792,		1075.62395,		1115.73480,		1150.69899,				1.03134,				0.88515
793,		1043.97181,		1108.79415,		1157.15025,				1.04361,				0.89012
794,		1044.84189,		1106.16481,		1142.79528,				1.03311,				0.87907
795,		1055.21172,		1094.25553,		1136.50717,				1.03861,				0.87424
796,		1049.56346,		1087.62706,		1160.72488,				1.06721,				0.89287
797,		1046.35518,		1083.51507,		1136.39335,				1.04880,				0.87415
798,		1046.72145,		1082.56099,		1136.24787,				1.04959,				0.87404
799,		1032.49827,		1080.63803,		1131.15335,				1.04675,				0.87012
800,		1038.57400,		1081.10558,		1140.40952,				1.05485,				0.87724
801,		1035.30234,		1080.47001,		1140.45799,				1.05552,				0.87728
802,		1019.24292,		1078.70965,		1130.88968,				1.04837,				0.86992
803,		1036.16149,		1087.90441,		1131.53240,				1.04010,				0.87041
804,		1026.07582,		1084.80909,		1135.34945,				1.04659,				0.87335
805,		1030.51488,		1083.63499,		1129.65534,				1.04247,				0.86897
806,		1046.36682,		1082.03856,		1131.59089,				1.04580,				0.87045
807,		1049.20103,		1081.53931,		1129.43895,				1.04429,				0.86880
808,		1024.43198,		1078.90844,		1126.61476,				1.04422,				0.86663
809,		1023.78902,		1078.25755,		1129.67311,				1.04768,				0.86898
810,		1033.58037,		1080.07589,		1125.87984,				1.04241,				0.86606
811,		1031.70719,		1081.11598,		1127.96502,				1.04333,				0.86767
812,		1028.81951,		1081.43943,		1133.16335,				1.04783,				0.87166
813,		1033.97054,		1081.97291,		1138.19837,				1.05197,				0.87554
814,		1043.30129,		1081.18185,		1115.61617,				1.03185,				0.85817
815,		1031.34617,		1082.16490,		1130.07397,				1.04427,				0.86929
816,		1023.27600,		1081.55176,		1136.47368,				1.05078,				0.87421
817,		1031.21272,		1084.25244,		1141.47745,				1.05278,				0.87806
818,		1018.07512,		1078.46693,		1140.32081,				1.05735,				0.87717
819,		1036.52776,		1075.63810,		1113.69854,				1.03538,				0.85669
820,		1015.37220,		1075.16596,		1136.18122,				1.05675,				0.87399
821,		1035.59293,		1074.14237,		1122.67820,				1.04519,				0.86360
822,		1035.33973,		1074.01050,		1118.16740,				1.04111,				0.86013
823,		1018.55706,		1073.98268,		1146.79898,				1.06780,				0.88215
824,		1015.75165,		1072.93492,		1140.65681,				1.06312,				0.87743
825,		1022.33288,		1073.41154,		1146.71902,				1.06829,				0.88209
826,		1048.28171,		1074.14574,		1121.10003,				1.04371,				0.86238
827,		1024.24049,		1073.87131,		1110.39882,				1.03401,				0.85415
828,		1016.10413,		1074.47884,		1125.44826,				1.04744,				0.86573
829,		1015.79374,		1079.02783,		1131.11389,				1.04827,				0.87009
830,		1038.29373,		1081.64507,		1122.33680,				1.03762,				0.86334
831,		1045.63402,		1081.32351,		1139.06744,				1.05340,				0.87621
832,		1021.36898,		1088.79658,		1139.16493,				1.04626,				0.87628
833,		1055.46376,		1100.17968,		1162.55737,				1.05670,				0.89427
834,		1060.58086,		1107.28144,		1156.18061,				1.04416,				0.88937
835,		1029.84795,		1110.15523,		1171.82528,				1.05555,				0.90140
836,		1045.11225,		1109.43128,		1168.42225,				1.05317,				0.89879
837,		1031.80829,		1111.51433,		1168.49047,				1.05126,				0.89884
838,		1025.58530,		1108.90376,		1163.68858,				1.04940,				0.89515
839,		1034.68887,		1111.30022,		1160.80509,				1.04455,				0.89293
840,		1040.32773,		1104.18046,		1166.32442,				1.05628,				0.89717
841,		1058.24020,		1108.46209,		1163.52665,				1.04968,				0.89502
842,		1055.21084,		1110.62310,		1164.50174,				1.04851,				0.89577
843,		1053.25116,		1111.20415,		1161.23529,				1.04502,				0.89326
844,		1055.90557,		1114.01160,		1174.92774,				1.05468,				0.90379
845,		1063.80655,		1112.95105,		1164.39114,				1.04622,				0.89569
846,		1056.35118,		1112.24242,		1152.13870,				1.03587,				0.88626
847,		1057.16120,		1112.62682,		1162.61708,				1.04493,				0.89432
848,		1086.28349,		1112.14404,		1158.34198,				1.04154,				0.89103
849,		1087.58213,		1112.98045,		1166.79171,				1.04835,				0.89753
850,		1091.38944,		1112.54291,		1167.79419,				1.04966,				0.89830
851,		1056.23955,		1112.07262,		1150.49030,				1.03455,				0.88499
852,		1073.26090,		1110.89495,		1138.58673,				1.02493,				0.87584
853,		1067.40355,		1108.84637,		1150.02276,				1.03713,				0.88463
854,		1075.26969,		1110.78585,		1156.80281,				1.04143,				0.88985
855,		1083.01885,		1129.30880,		1181.17263,				1.04593,				0.90859
856,		1082.43667,		1135.81441,		1166.27209,				1.02682,				0.89713
857,		1081.13688,		1140.25620,		1188.78272,				1.04256,				0.91445
858,		1075.16861,		1143.40158,		1176.31265,				1.02878,				0.90486
859,		1081.41585,		1142.59879,		1186.50417,				1.03843,				0.91270
860,		1088.29812,		1144.79761,		1168.69809,				1.02088,				0.89900
861,		1096.28391,		1141.55326,		1188.95332,				1.04152,				0.91458
862,		1092.39665,		1144.71279,		1192.99640,				1.04218,				0.91769
863,		1103.31593,		1145.29484,		1192.11831,				1.04088,				0.91701
864,		1105.31720,		1146.20189,		1192.34772,				1.04026,				0.91719
865,		1120.78968,		1143.98890,		1167.73516,				1.02076,				0.89826
866,		1112.09094,		1152.47643,		1217.12113,				1.05609,				0.93625
867,		1094.98475,		1155.59617,		1219.44268,				1.05525,				0.93803
868,		1095.69471,		1158.07454,		1211.59881,				1.04622,				0.93200
869,		1089.58752,		1159.13376,		1200.74237,				1.03590,				0.92365
870,		1086.61194,		1152.64288,		1200.81005,				1.04179,				0.92370
871,		1090.91989,		1149.31300,		1202.48944,				1.04627,				0.92499
872,		1090.85492,		1147.38321,		1184.14534,				1.03204,				0.91088
873,		1125.15657,		1154.16483,		1211.81516,				1.04995,				0.93217
874,		1102.77275,		1153.50813,		1213.02409,				1.05160,				0.93310
875,		1118.95749,		1153.75518,		1217.66202,				1.05539,				0.93666
876,		1119.82888,		1149.50165,		1222.69092,				1.06367,				0.94053
877,		1122.16381,		1148.63946,		1211.47276,				1.05470,				0.93190
878,		1111.74530,		1147.14706,		1207.44642,				1.05256,				0.92880
879,		1107.11585,		1149.17268,		1201.59535,				1.04562,				0.92430
880,		1105.89543,		1151.52894,		1205.08789,				1.04651,				0.92699
881,		1119.95828,		1151.42830,		1207.24821,				1.04848,				0.92865
882,		1094.13502,		1149.90628,		1200.40174,				1.04391,				0.92339
883,		1088.97718,		1147.26831,		1193.87615,				1.04063,				0.91837
884,		1117.23485,		1151.19099,		1209.87889,				1.05098,				0.93068
885,		1106.42505,		1148.19796,		1205.02427,				1.04949,				0.92694
886,		1097.34565,		1151.08073,		1211.69094,				1.05266,				0.93207
887,		1089.95862,		1147.81758,		1166.13285,				1.01596,				0.89703
888,		1107.23017,		1140.87655,		1178.82128,				1.03326,				0.90679
889,		1075.96094,		1145.69695,		1177.42344,				1.02769,				0.90571
890,		1100.69187,		1150.35216,		1205.48463,				1.04793,				0.92730
891,		1086.58546,		1152.11129,		1184.58973,				1.02819,				0.91122
892,		1074.49388,		1147.50915,		1201.87944,				1.04738,				0.92452
893,		1110.43323,		1149.27644,		1205.00528,				1.04849,				0.92693
894,		1102.02036,		1151.09604,		1182.24186,				1.02706,				0.90942
895,		1069.84515,		1141.67848,		1166.97321,				1.02216,				0.89767
896,		1088.91218,		1146.20633,		1167.16646,				1.01829,				0.89782
897,		1101.51327,		1149.14431,		1205.35289,				1.04891,				0.92719
898,		1103.20790,		1141.90169,		1177.50247,				1.03118,				0.90577
899,		1071.86663,		1132.76060,		1177.44456,				1.03945,				0.90573
900,		1069.82312,		1127.44188,		1175.58229,				1.04270,				0.90429
901,		1078.26864,		1120.27874,		1173.78531,				1.04776,				0.90291
902,		1077.61513,		1125.27573,		1165.68429,				1.03591,				0.89668
903,		1069.81266,		1125.53659,		1179.03262,				1.04753,				0.90695
904,		1069.86482,		1124.67054,		1166.84134,				1.03750,				0.89757
905,		1070.71804,		1128.25715,		1155.05648,				1.02375,				0.88850
906,		1067.08202,		1126.89309,		1157.83038,				1.02745,				0.89064
907,		1071.17601,		1128.62989,		1167.07522,				1.03406,				0.89775
908,		1072.21113,		1127.20929,		1176.67936,				1.04389,				0.90514
909,		1093.29221,		1126.93006,		1181.39266,				1.04833,				0.90876
910,		1090.72549,		1127.03078,		1188.93939,				1.05493,				0.91457
911,		1096.26009,		1126.45975,		1184.55390,				1.05157,				0.91120
912,		1088.43574,		1126.51230,		1186.17276,				1.05296,				0.91244
913,		1089.06507,		1126.09998,		1179.52430,				1.04744,				0.90733
914,		1067.04363,		1124.14565,		1165.71967,				1.03698,				0.89671
915,		1062.09758,		1120.67158,		1144.64592,				1.02139,				0.88050
916,		1061.70885,		1123.10919,		1179.89569,				1.05056,				0.90761
917,		1065.71488,		1124.41327,		1178.71420,				1.04829,				0.90670
918,		1068.35769,		1125.50535,		1180.80734,				1.04914,				0.90831
919,		1086.77739,		1125.76100,		1178.26249,				1.04664,				0.90636
920,		1090.20995,		1126.03188,		1165.40511,				1.03497,				0.89647
921,		1089.96581,		1127.80599,		1171.19273,				1.03847,				0.90092
922,		1085.35105,		1126.99096,		1176.09558,				1.04357,				0.90469
923,		1068.26405,		1127.15879,		1171.56432,				1.03940,				0.90120
924,		1068.91353,		1126.98887,		1154.50544,				1.02442,				0.88808
925,		1100.85470,		1130.41103,		1165.29099,				1.03086,				0.89638
926,		1098.04207,		1131.52375,		1178.66227,				1.04166,				0.90666
927,		1097.76486,		1132.00679,		1163.65073,				1.02795,				0.89512
928,		1092.74563,		1131.51628,		1181.99353,				1.04461,				0.90923
929,		1078.17236,		1132.04860,		1186.68658,				1.04826,				0.91284
930,		1073.34600,		1129.75746,		1187.69600,				1.05128,				0.91361
931,		1071.67835,		1131.01528,		1183.44494,				1.04636,				0.91034
932,		1074.44217,		1132.89893,		1185.70026,				1.04661,				0.91208
933,		1072.51082,		1134.26778,		1181.97710,				1.04206,				0.90921
934,		1073.19297,		1133.52413,		1184.35060,				1.04484,				0.91104
935,		1080.37728,		1132.99985,		1185.84885,				1.04665,				0.91219
936,		1076.37054,		1133.92917,		1177.64464,				1.03855,				0.90588
937,		1078.67404,		1133.32707,		1158.82449,				1.02250,				0.89140
938,		1064.88363,		1133.68914,		1185.34280,				1.04556,				0.91180
939,		1086.62986,		1133.47468,		1184.27427,				1.04482,				0.91098
940,		1095.10934,		1133.80828,		1184.86835,				1.04503,				0.91144
941,		1092.65896,		1134.18916,		1187.79573,				1.04726,				0.91369
942,		1063.98496,		1134.00888,		1189.35510,				1.04881,				0.91489
943,		1091.18451,		1133.89770,		1158.99344,				1.02213,				0.89153
944,		1097.33707,		1134.24252,		1172.29213,				1.03355,				0.90176
945,		1078.01531,		1134.12780,		1184.34276,				1.04428,				0.91103
946,		1080.11734,		1134.62210,		1191.11821,				1.04979,				0.91624
947,		1077.27417,		1134.18970,		1178.48225,				1.03905,				0.90652
948,		1077.01030,		1124.54692,		1157.90328,				1.02966,				0.89069
949,		1060.96706,		1129.21643,		1170.85047,				1.03687,				0.90065
950,		1060.75537,		1121.75752,		1170.48360,				1.04344,				0.90037
951,		1062.28250,		1127.62788,		1186.93866,				1.05260,				0.91303
952,		1079.98840,		1123.95617,		1191.71094,				1.06028,				0.91670
953,		1080.22517,		1128.38008,		1149.87235,				1.01905,				0.88452
954,		1080.85174,		1130.62413,		1169.97382,				1.03480,				0.89998
955,		1082.68068,		1131.67171,		1176.19807,				1.03935,				0.90477
956,		1077.92003,		1131.08511,		1188.30111,				1.05059,				0.91408
957,		1071.64847,		1130.73815,		1183.65113,				1.04680,				0.91050
958,		1074.24131,		1131.16212,		1180.42636,				1.04355,				0.90802
959,		1101.40427,		1131.04384,		1185.95575,				1.04855,				0.91227
960,		1093.69393,		1130.86596,		1183.93341,				1.04693,				0.91072
961,		1093.85499,		1131.11420,		1182.74374,				1.04564,				0.90980
962,		1091.51461,		1130.94082,		1180.16415,				1.04352,				0.90782
963,		1092.79897,		1130.74039,		1180.64133,				1.04413,				0.90819
964,		1078.63986,		1130.50241,		1188.58899,				1.05138,				0.91430
965,		1083.14744,		1130.29191,		1180.46692,				1.04439,				0.90805
966,		1094.44409,		1130.65390,		1183.46570,				1.04671,				0.91036
967,		1076.54947,		1130.52669,		1180.80529,				1.04447,				0.90831
968,		1082.02975,		1130.52409,		1184.66519,				1.04789,				0.91128
969,		1093.25221,		1130.73994,		1187.82432,				1.05048,				0.91371
970,		1072.82731,		1129.97951,		1183.50558,				1.04737,				0.91039
971,		1073.30902,		1121.05825,		1153.32777,				1.02878,				0.88718
972,		1079.95996,		1116.85733,		1155.15876,				1.03429,				0.88858
973,		1035.09513,		1114.31488,		1172.40334,				1.05213,				0.90185
974,		1036.71451,		1113.23463,		1157.18597,				1.03948,				0.89014
975,		1075.45240,		1114.61992,		1154.19053,				1.03550,				0.88784
976,		1066.56641,		1113.01366,		1143.84090,				1.02770,				0.87988
977,		1053.56982,		1111.95319,		1145.58158,				1.03024,				0.88122
978,		1050.05890,		1112.70898,		1168.96415,				1.05056,				0.89920
979,		1052.19549,		1112.75485,		1162.57938,				1.04478,				0.89429
980,		1051.17663,		1112.69294,		1163.07824,				1.04528,				0.89468
981,		1040.83970,		1111.81796,		1169.54485,				1.05192,				0.89965
982,		1059.39462,		1112.39065,		1170.63708,				1.05236,				0.90049
983,		1052.42714,		1112.29471,		1163.51439,				1.04605,				0.89501
984,		1059.18621,		1113.54934,		1167.85242,				1.04877,				0.89835
985,		1058.17421,		1112.43003,		1155.36022,				1.03859,				0.88874
986,		1055.72656,		1112.21545,		1152.34401,				1.03608,				0.88642
987,		1055.21058,		1112.47467,		1151.69567,				1.03526,				0.88592
988,		1055.71693,		1112.48072,		1162.27299,				1.04476,				0.89406
989,		1051.25731,		1112.66424,		1161.71794,				1.04409,				0.89363
990,		1055.85666,		1112.38594,		1172.88233,				1.05438,				0.90222
991,		1058.64569,		1112.37223,		1175.06363,				1.05636,				0.90390
992,		1055.81969,		1112.84531,		1157.58233,				1.04020,				0.89045
993,		1049.76235,		1112.51669,		1151.03771,				1.03463,				0.88541
994,		1059.66165,		1112.89877,		1150.02860,				1.03336,				0.88464
995,		1055.87650,		1112.72923,		1169.12138,				1.05068,				0.89932
996,		1055.74702,		1109.55019,		1173.09106,				1.05727,				0.90238
997,		1046.87989,		1104.10836,		1169.42185,				1.05915,				0.89956
998,		1046.14655,		1100.49107,		1166.71789,				1.06018,				0.89748
999,		1042.27456,		1097.92697,		1140.05661,				1.03837,				0.87697
