RANDOM_SEED, 1698990553
GEN,		MIN,				AVE,				MAX,			CONV,					CONV_ACT,
  0,		786.17780,		1046.26924,		1224.39200,				1.17025,				0.94184
  1,		901.02903,		1052.29639,		1222.78447,				1.16202,				0.94060
  2,		914.07853,		1053.55006,		1229.48606,				1.16699,				0.94576
  3,		925.70548,		1053.65140,		1208.86055,				1.14731,				0.92989
  4,		922.84541,		1019.09182,		1202.76140,				1.18023,				0.92520
  5,		925.12496,		1036.71949,		1200.80879,				1.15828,				0.92370
  6,		950.24203,		1037.20833,		1207.62124,				1.16430,				0.92894
  7,		952.19061,		1044.14585,		1200.97971,				1.15020,				0.92383
  8,		973.76416,		1046.96277,		1228.91441,				1.17379,				0.94532
  9,		955.71120,		1047.66281,		1111.85834,				1.06127,				0.85528
 10,		966.14827,		1049.38795,		1116.47542,				1.06393,				0.85883
 11,		955.04572,		1049.51274,		1113.53658,				1.06100,				0.85657
 12,		978.47245,		1050.35143,		1110.52903,				1.05729,				0.85425
 13,		994.90758,		1049.81234,		1111.56824,				1.05883,				0.85505
 14,		977.46489,		1050.31299,		1108.40940,				1.05531,				0.85262
 15,		995.61520,		1050.70953,		1109.20302,				1.05567,				0.85323
 16,		997.12166,		1050.33539,		1104.91341,				1.05196,				0.84993
 17,		986.02764,		1050.18139,		1109.48452,				1.05647,				0.85345
 18,		989.34292,		1050.05831,		1110.28648,				1.05736,				0.85407
 19,		975.41709,		1049.93382,		1094.91609,				1.04284,				0.84224
 20,		975.89521,		1053.32111,		1094.52733,				1.03912,				0.84194
 21,		985.81935,		1051.59436,		1094.58436,				1.04088,				0.84199
 22,		977.81916,		1051.22751,		1118.44234,				1.06394,				0.86034
 23,		990.17427,		1050.56360,		1097.80105,				1.04496,				0.84446
 24,		994.40485,		1050.69827,		1103.77319,				1.05051,				0.84906
 25,		989.97818,		1050.68874,		1116.63055,				1.06276,				0.85895
 26,		977.05752,		1050.29613,		1111.87672,				1.05863,				0.85529
 27,		1011.95408,		1051.45157,		1111.44509,				1.05706,				0.85496
 28,		1008.46792,		1053.63446,		1119.10346,				1.06214,				0.86085
 29,		998.02180,		1061.30272,		1136.91305,				1.07124,				0.87455
 30,		979.54245,		1065.13205,		1133.77366,				1.06444,				0.87213
 31,		980.35866,		1066.72870,		1132.35691,				1.06152,				0.87104
 32,		997.12096,		1067.40075,		1128.97215,				1.05768,				0.86844
 33,		986.04096,		1068.47261,		1123.09645,				1.05112,				0.86392
 34,		988.29173,		1046.12384,		1116.82927,				1.06759,				0.85910
 35,		982.73555,		1032.10818,		1090.28116,				1.05636,				0.83868
 36,		986.75291,		1023.12800,		1099.67253,				1.07481,				0.84590
 37,		947.24584,		1018.86572,		1078.49078,				1.05852,				0.82961
 38,		948.39236,		1017.81054,		1084.38892,				1.06541,				0.83415
 39,		954.87640,		1019.10860,		1087.58116,				1.06719,				0.83660
 40,		951.43837,		1017.64249,		1075.62242,				1.05697,				0.82740
 41,		946.07413,		1017.14547,		1079.43392,				1.06124,				0.83033
 42,		947.82481,		1020.01318,		1084.64385,				1.06336,				0.83434
 43,		960.57003,		1018.71474,		1084.38496,				1.06446,				0.83414
 44,		962.34836,		1022.20569,		1090.29942,				1.06661,				0.83869
 45,		951.35728,		1020.43495,		1085.17685,				1.06345,				0.83475
 46,		940.43300,		1017.10388,		1088.85808,				1.07055,				0.83758
 47,		942.52904,		1016.08159,		1091.33669,				1.07406,				0.83949
 48,		949.00836,		1015.73718,		1089.51205,				1.07263,				0.83809
 49,		963.17729,		1014.86323,		1083.80667,				1.06793,				0.83370
 50,		965.07640,		1014.77355,		1067.94365,				1.05240,				0.82150
 51,		937.51479,		1013.87266,		1070.94302,				1.05629,				0.82380
 52,		941.71656,		1013.78911,		1076.49673,				1.06185,				0.82807
 53,		939.24972,		1013.35286,		1072.14195,				1.05801,				0.82472
 54,		958.05812,		1014.49233,		1075.70967,				1.06034,				0.82747
 55,		953.11786,		1015.95358,		1070.05008,				1.05325,				0.82312
 56,		956.28013,		1015.63637,		1071.01146,				1.05452,				0.82385
 57,		944.94688,		1015.99512,		1078.44842,				1.06147,				0.82958
 58,		960.92758,		1017.23551,		1081.09153,				1.06277,				0.83161
 59,		966.96879,		1017.51462,		1087.04158,				1.06833,				0.83619
 60,		946.22673,		1017.48519,		1076.37397,				1.05788,				0.82798
 61,		942.78474,		1015.38120,		1079.80447,				1.06345,				0.83062
 62,		950.45245,		1020.09515,		1086.35141,				1.06495,				0.83565
 63,		975.41841,		1023.12285,		1085.78571,				1.06125,				0.83522
 64,		965.78960,		1020.49633,		1085.52392,				1.06372,				0.83502
 65,		959.82394,		1017.00441,		1083.55092,				1.06543,				0.83350
 66,		935.67605,		1017.04645,		1080.94145,				1.06282,				0.83149
 67,		973.52305,		1018.05523,		1087.69871,				1.06841,				0.83669
 68,		982.72189,		1013.84015,		1088.08011,				1.07323,				0.83698
 69,		941.34688,		1014.16981,		1086.10381,				1.07093,				0.83546
 70,		929.92094,		1015.34462,		1082.05948,				1.06571,				0.83235
 71,		942.74104,		1015.05495,		1074.71119,				1.05877,				0.82670
 72,		955.99897,		1011.79781,		1072.23946,				1.05974,				0.82480
 73,		942.87446,		1007.64530,		1079.72384,				1.07153,				0.83056
 74,		947.20203,		1013.09442,		1074.62333,				1.06073,				0.82663
 75,		973.36351,		1007.58017,		1063.74003,				1.05574,				0.81826
 76,		970.93484,		1005.43942,		1074.85621,				1.06904,				0.82681
 77,		967.09183,		1004.29401,		1064.71770,				1.06017,				0.81901
 78,		933.22502,		1002.66542,		1070.05895,				1.06721,				0.82312
 79,		935.90274,		1002.79435,		1058.47691,				1.05553,				0.81421
 80,		929.32386,		1002.74991,		1052.92636,				1.05004,				0.80994
 81,		926.39540,		1002.89019,		1058.51350,				1.05546,				0.81424
 82,		954.33264,		1002.91983,		1061.78246,				1.05869,				0.81676
 83,		950.68132,		1003.24468,		1064.33306,				1.06089,				0.81872
 84,		927.14484,		1000.35031,		1064.91863,				1.06455,				0.81917
 85,		923.56920,		1001.10572,		1060.95607,				1.05978,				0.81612
 86,		925.62348,		1026.48784,		1067.50868,				1.03996,				0.82116
 87,		930.30231,		1016.60524,		1068.54957,				1.05110,				0.82196
 88,		954.49440,		1010.44052,		1111.67313,				1.10019,				0.85513
 89,		952.90087,		1008.03538,		1116.35353,				1.10745,				0.85873
 90,		982.92339,		1034.09595,		1070.06209,				1.03478,				0.82312
 91,		979.90482,		1044.94671,		1095.33066,				1.04822,				0.84256
 92,		993.50018,		1051.73541,		1100.51584,				1.04638,				0.84655
 93,		993.61250,		1055.03560,		1105.83382,				1.04815,				0.85064
 94,		996.73507,		1056.59846,		1116.40400,				1.05660,				0.85877
 95,		951.23301,		1056.76587,		1120.38296,				1.06020,				0.86183
 96,		961.45431,		1056.94837,		1124.45342,				1.06387,				0.86496
 97,		958.92972,		1056.76788,		1127.05515,				1.06651,				0.86697
 98,		1008.56277,		1057.72476,		1123.16520,				1.06187,				0.86397
 99,		987.44937,		1057.37053,		1121.94317,				1.06107,				0.86303
100,		1004.87733,		1057.78075,		1099.30352,				1.03925,				0.84562
101,		1004.14724,		1057.61286,		1105.66671,				1.04544,				0.85051
102,		998.08473,		1057.38921,		1104.35419,				1.04442,				0.84950
103,		1002.27857,		1057.57437,		1115.85956,				1.05511,				0.85835
104,		1004.80925,		1058.11154,		1119.30119,				1.05783,				0.86100
105,		1004.84042,		1057.49330,		1108.04377,				1.04780,				0.85234
106,		1024.80227,		1055.50134,		1105.55236,				1.04742,				0.85042
107,		1018.36401,		1056.56961,		1110.44099,				1.05099,				0.85419
108,		1001.79635,		1052.84733,		1095.08182,				1.04011,				0.84237
109,		988.73630,		1051.07480,		1119.60788,				1.06520,				0.86124
110,		994.48859,		1050.78830,		1085.31515,				1.03286,				0.83486
111,		976.98070,		1061.04697,		1123.83744,				1.05918,				0.86449
112,		991.57797,		1059.47124,		1128.50768,				1.06516,				0.86808
113,		1007.70735,		1059.10914,		1154.88060,				1.09043,				0.88837
114,		1007.32530,		1063.38184,		1179.74198,				1.10942,				0.90749
115,		988.81949,		1067.91078,		1170.70920,				1.09626,				0.90055
116,		991.02766,		1070.39085,		1167.09037,				1.09034,				0.89776
117,		985.70057,		1064.10403,		1137.08723,				1.06859,				0.87468
118,		1014.21571,		1061.18378,		1138.08805,				1.07247,				0.87545
119,		986.93377,		1059.30194,		1132.14317,				1.06876,				0.87088
120,		979.12821,		1053.29567,		1135.26264,				1.07782,				0.87328
121,		984.02587,		1054.95498,		1106.14166,				1.04852,				0.85088
122,		988.37426,		1058.03773,		1105.27264,				1.04464,				0.85021
123,		951.00056,		1057.62940,		1108.27485,				1.04789,				0.85252
124,		956.07279,		1057.59379,		1101.49915,				1.04151,				0.84731
125,		1004.08004,		1057.86676,		1102.38123,				1.04208,				0.84799
126,		1024.33044,		1058.13682,		1118.50610,				1.05705,				0.86039
127,		1002.35796,		1058.16627,		1105.46578,				1.04470,				0.85036
128,		987.13855,		1057.84168,		1119.87043,				1.05864,				0.86144
129,		1020.15416,		1053.98346,		1102.96606,				1.04647,				0.84844
130,		999.74193,		1054.85907,		1134.17802,				1.07519,				0.87244
131,		989.41894,		1053.31714,		1099.34142,				1.04369,				0.84565
132,		995.07062,		1052.08354,		1097.68156,				1.04334,				0.84437
133,		1019.45854,		1054.54940,		1094.47577,				1.03786,				0.84190
134,		1006.58789,		1055.68446,		1099.03346,				1.04106,				0.84541
135,		1008.80498,		1056.35322,		1094.08073,				1.03571,				0.84160
136,		982.16274,		1056.42021,		1104.38207,				1.04540,				0.84952
137,		1000.89279,		1054.71656,		1093.01420,				1.03631,				0.84078
138,		989.22745,		1056.20399,		1103.70050,				1.04497,				0.84900
139,		1010.02364,		1057.26026,		1116.40790,				1.05594,				0.85878
140,		990.24310,		1057.42274,		1120.43875,				1.05959,				0.86188
141,		990.14817,		1057.68688,		1119.30727,				1.05826,				0.86101
142,		1004.58586,		1056.20034,		1122.54082,				1.06281,				0.86349
143,		988.83127,		1056.98442,		1124.60909,				1.06398,				0.86508
144,		994.42657,		1056.78917,		1122.56466,				1.06224,				0.86351
145,		985.25813,		1057.51884,		1118.80955,				1.05796,				0.86062
146,		982.13843,		1057.20624,		1123.33081,				1.06255,				0.86410
147,		989.37873,		1057.37692,		1121.36322,				1.06051,				0.86259
148,		1004.40684,		1057.77852,		1119.95113,				1.05878,				0.86150
149,		987.31384,		1057.48012,		1120.49121,				1.05959,				0.86192
150,		1024.37049,		1058.26553,		1121.84591,				1.06008,				0.86296
151,		984.73630,		1058.53746,		1122.22700,				1.06017,				0.86325
152,		993.11071,		1061.43578,		1122.65234,				1.05767,				0.86358
153,		985.09085,		1059.00469,		1122.57100,				1.06002,				0.86352
154,		998.84556,		1058.75772,		1114.68241,				1.05282,				0.85745
155,		1006.56744,		1058.82701,		1120.73889,				1.05847,				0.86211
156,		997.58818,		1059.03580,		1118.40569,				1.05606,				0.86031
157,		988.03446,		1059.20337,		1121.44868,				1.05877,				0.86265
158,		987.18371,		1059.16023,		1128.01042,				1.06500,				0.86770
159,		1012.43022,		1059.52152,		1123.79670,				1.06066,				0.86446
160,		1002.09031,		1058.69905,		1106.17717,				1.04485,				0.85091
161,		1004.64197,		1058.82386,		1116.31363,				1.05430,				0.85870
162,		987.74156,		1059.11068,		1119.70541,				1.05721,				0.86131
163,		979.97930,		1059.00792,		1124.31637,				1.06167,				0.86486
164,		993.65942,		1058.54476,		1120.31079,				1.05835,				0.86178
165,		990.82588,		1055.72440,		1122.84661,				1.06358,				0.86373
166,		1000.67323,		1056.73356,		1105.35858,				1.04601,				0.85028
167,		985.94279,		1052.13815,		1101.54536,				1.04696,				0.84734
168,		1004.01861,		1059.41007,		1128.84876,				1.06554,				0.86835
169,		1001.10345,		1059.42006,		1123.82026,				1.06079,				0.86448
170,		989.77845,		1058.84231,		1107.63046,				1.04608,				0.85202
171,		992.47035,		1059.47776,		1116.39974,				1.05373,				0.85877
172,		975.58107,		1058.94441,		1118.53519,				1.05627,				0.86041
173,		980.48331,		1061.11606,		1124.57831,				1.05981,				0.86506
174,		984.92912,		1062.28739,		1126.16832,				1.06014,				0.86628
175,		985.25209,		1060.72131,		1122.34153,				1.05809,				0.86334
176,		993.95539,		1060.19488,		1131.66993,				1.06742,				0.87052
177,		975.99831,		1059.21930,		1135.51965,				1.07203,				0.87348
178,		992.71610,		1061.22691,		1125.27791,				1.06036,				0.86560
179,		987.67458,		1062.50075,		1135.67449,				1.06887,				0.87360
180,		987.51738,		1061.20811,		1115.35028,				1.05102,				0.85796
181,		985.74960,		1061.98742,		1103.35831,				1.03896,				0.84874
182,		994.51611,		1062.07307,		1110.97241,				1.04604,				0.85459
183,		988.43585,		1062.99671,		1123.96650,				1.05736,				0.86459
184,		989.05886,		1062.47638,		1092.45477,				1.02822,				0.84035
185,		1008.57668,		1054.98442,		1101.42787,				1.04402,				0.84725
186,		991.97853,		1059.62165,		1129.94937,				1.06637,				0.86919
187,		982.73426,		1057.38806,		1125.24608,				1.06418,				0.86557
188,		1000.74903,		1059.62821,		1126.28131,				1.06290,				0.86637
189,		977.46401,		1058.16134,		1127.80117,				1.06581,				0.86754
190,		980.73240,		1060.67699,		1124.21034,				1.05990,				0.86478
191,		983.08948,		1057.00389,		1126.87106,				1.06610,				0.86682
192,		975.43192,		1052.61285,		1121.99178,				1.06591,				0.86307
193,		990.78122,		1055.83825,		1125.06216,				1.06556,				0.86543
194,		973.98102,		1050.32862,		1125.08275,				1.07117,				0.86545
195,		976.47182,		1049.01062,		1088.51910,				1.03766,				0.83732
196,		971.91144,		1046.28229,		1109.74438,				1.06065,				0.85365
197,		968.43562,		1044.79493,		1092.89664,				1.04604,				0.84069
198,		968.80260,		1044.80238,		1098.87130,				1.05175,				0.84529
199,		991.08238,		1044.38780,		1132.46614,				1.08433,				0.87113
200,		992.29713,		1044.64687,		1128.98286,				1.08073,				0.86845
201,		972.92599,		1045.13678,		1123.42468,				1.07491,				0.86417
202,		966.38768,		1044.56372,		1123.22240,				1.07530,				0.86402
203,		968.92892,		1052.24744,		1110.18220,				1.05506,				0.85399
204,		988.61314,		1048.50561,		1116.89046,				1.06522,				0.85915
205,		993.99164,		1046.20144,		1113.48396,				1.06431,				0.85653
206,		996.50260,		1045.61056,		1109.61412,				1.06121,				0.85355
207,		974.85889,		1045.68689,		1109.26687,				1.06080,				0.85328
208,		966.70972,		1035.26382,		1101.28104,				1.06377,				0.84714
209,		984.84187,		1042.50786,		1118.35228,				1.07275,				0.86027
210,		994.09975,		1055.28099,		1109.13503,				1.05103,				0.85318
211,		984.46863,		1061.65283,		1114.47348,				1.04975,				0.85729
212,		1013.83395,		1065.97644,		1122.72931,				1.05324,				0.86364
213,		971.37688,		1047.09531,		1120.35369,				1.06996,				0.86181
214,		1006.58950,		1046.64594,		1118.16763,				1.06833,				0.86013
215,		1006.29401,		1035.21711,		1121.24072,				1.08310,				0.86249
216,		995.33027,		1030.13381,		1115.14368,				1.08252,				0.85780
217,		995.02830,		1028.27552,		1118.02610,				1.08728,				0.86002
218,		972.84979,		1026.15144,		1118.71865,				1.09021,				0.86055
219,		972.48059,		1024.84184,		1121.17985,				1.09400,				0.86245
220,		988.49661,		1024.61352,		1079.41628,				1.05349,				0.83032
221,		983.29469,		1023.61505,		1083.96143,				1.05895,				0.83382
222,		974.10040,		1020.35147,		1068.18731,				1.04688,				0.82168
223,		957.72418,		1015.09213,		1071.58055,				1.05565,				0.82429
224,		956.16638,		1010.36627,		1075.41741,				1.06438,				0.82724
225,		946.67205,		1008.46624,		1075.57569,				1.06655,				0.82737
226,		950.16285,		1008.40022,		1069.04232,				1.06014,				0.82234
227,		923.02646,		1008.40795,		1065.50304,				1.05662,				0.81962
228,		935.06740,		1008.66546,		1080.02860,				1.07075,				0.83079
229,		926.35587,		1008.80465,		1068.13371,				1.05881,				0.82164
230,		925.82641,		1008.29247,		1067.51235,				1.05873,				0.82116
231,		959.06972,		1008.45247,		1075.23987,				1.06623,				0.82711
232,		959.15114,		1008.98027,		1071.00408,				1.06147,				0.82385
233,		957.80637,		1008.41793,		1053.69047,				1.04489,				0.81053
234,		958.03695,		1006.89906,		1053.17701,				1.04596,				0.81014
235,		955.76757,		1008.35874,		1066.95193,				1.05811,				0.82073
236,		951.58305,		1008.02585,		1068.65341,				1.06014,				0.82204
237,		941.18818,		1001.14593,		1072.57783,				1.07135,				0.82506
238,		959.93605,		1004.79481,		1073.29325,				1.06817,				0.82561
239,		975.11668,		1007.03742,		1074.18972,				1.06668,				0.82630
240,		957.55467,		1007.99800,		1079.12703,				1.07056,				0.83010
241,		964.05850,		1008.08688,		1061.14261,				1.05263,				0.81626
242,		956.37736,		1008.34406,		1070.93255,				1.06207,				0.82379
243,		961.18729,		1007.71855,		1070.62658,				1.06243,				0.82356
244,		958.56819,		1008.33510,		1069.47151,				1.06063,				0.82267
245,		960.28570,		1008.59715,		1073.17309,				1.06403,				0.82552
246,		950.44095,		1008.58917,		1068.94976,				1.05985,				0.82227
247,		958.66384,		1009.19329,		1059.54585,				1.04989,				0.81504
248,		948.03476,		1008.54772,		1069.40168,				1.06034,				0.82262
249,		968.41749,		1009.36953,		1067.04139,				1.05714,				0.82080
250,		962.02916,		1009.89903,		1075.86666,				1.06532,				0.82759
251,		956.41360,		1009.07543,		1071.72269,				1.06208,				0.82440
252,		956.83143,		1008.89569,		1052.24921,				1.04297,				0.80942
253,		956.31368,		1008.81287,		1074.15091,				1.06477,				0.82627
254,		955.83862,		1008.76329,		1055.39637,				1.04623,				0.81184
255,		958.88587,		1008.74851,		1073.20567,				1.06390,				0.82554
256,		954.67226,		1007.96805,		1068.65695,				1.06021,				0.82204
257,		957.89333,		1008.92781,		1074.92902,				1.06542,				0.82687
258,		958.81435,		1007.62423,		1074.33140,				1.06620,				0.82641
259,		956.15609,		1006.85971,		1052.65113,				1.04548,				0.80973
260,		972.38316,		1006.81661,		1074.41694,				1.06714,				0.82647
261,		959.98063,		1006.66534,		1057.06165,				1.05006,				0.81312
262,		961.38432,		1006.71905,		1061.48134,				1.05440,				0.81652
263,		960.31140,		1008.22128,		1054.31375,				1.04572,				0.81101
264,		958.53945,		1007.46962,		1070.69099,				1.06275,				0.82361
265,		957.52686,		1007.93233,		1064.09227,				1.05572,				0.81853
266,		937.20808,		1007.26756,		1072.95466,				1.06521,				0.82535
267,		939.36238,		1006.40300,		1070.88243,				1.06407,				0.82376
268,		964.84566,		1011.30620,		1068.07813,				1.05614,				0.82160
269,		952.57007,		1013.00074,		1071.69995,				1.05795,				0.82438
270,		954.03679,		1012.18295,		1070.60706,				1.05772,				0.82354
271,		970.56130,		1012.08610,		1070.03754,				1.05726,				0.82311
272,		963.68584,		1012.08964,		1058.86065,				1.04621,				0.81451
273,		974.75271,		1012.28163,		1072.57098,				1.05956,				0.82505
274,		972.02637,		1012.39260,		1073.79423,				1.06065,				0.82600
275,		967.29472,		1012.04271,		1050.73142,				1.03823,				0.80825
276,		966.18688,		1012.38928,		1057.52426,				1.04458,				0.81348
277,		981.56509,		1012.77601,		1071.93185,				1.05841,				0.82456
278,		976.36863,		1012.37023,		1074.24157,				1.06112,				0.82634
279,		985.64380,		1012.50579,		1078.45030,				1.06513,				0.82958
280,		974.51649,		1012.40827,		1073.05022,				1.05990,				0.82542
281,		964.77133,		1012.45499,		1065.06126,				1.05196,				0.81928
282,		971.57569,		1012.04989,		1057.77972,				1.04519,				0.81368
283,		966.28296,		1012.43395,		1057.53341,				1.04455,				0.81349
284,		972.13018,		1012.53530,		1054.41661,				1.04136,				0.81109
285,		960.16186,		1004.94767,		1077.57885,				1.07227,				0.82891
286,		951.70459,		1003.34937,		1065.38515,				1.06183,				0.81953
287,		968.88563,		1007.71584,		1058.65822,				1.05055,				0.81435
288,		936.77340,		1000.89834,		1060.91460,				1.05996,				0.81609
289,		940.54914,		994.60731,		1064.51508,				1.07029,				0.81886
290,		955.25477,		993.91850,		1062.85144,				1.06935,				0.81758
291,		952.35748,		995.27534,		1062.11398,				1.06716,				0.81701
292,		943.28401,		993.94262,		1057.54220,				1.06399,				0.81349
293,		945.89940,		1004.17610,		1060.14130,				1.05573,				0.81549
294,		930.16176,		998.79795,		1079.72923,				1.08103,				0.83056
295,		933.07943,		995.61509,		1051.16749,				1.05580,				0.80859
296,		947.73027,		1004.36795,		1050.77571,				1.04621,				0.80829
297,		947.33007,		1014.56417,		1065.42653,				1.05013,				0.81956
298,		965.90840,		1015.14829,		1081.04125,				1.06491,				0.83157
299,		967.72272,		1014.72247,		1058.89793,				1.04353,				0.81454
300,		964.76592,		1013.81639,		1059.41523,				1.04498,				0.81493
301,		963.25872,		1014.08385,		1051.08467,				1.03649,				0.80853
302,		967.21226,		1013.69781,		1062.85227,				1.04849,				0.81758
303,		965.14850,		1013.13947,		1052.43384,				1.03878,				0.80956
304,		969.55339,		1013.63254,		1064.96100,				1.05064,				0.81920
305,		959.39629,		1013.84957,		1071.77402,				1.05713,				0.82444
306,		969.39821,		1013.87047,		1075.26572,				1.06056,				0.82713
307,		963.68774,		1013.99457,		1061.68530,				1.04703,				0.81668
308,		965.00209,		1013.19693,		1062.27792,				1.04844,				0.81714
309,		930.48390,		1013.87345,		1077.01090,				1.06227,				0.82847
310,		927.47076,		1013.68838,		1073.17348,				1.05868,				0.82552
311,		919.14120,		1013.84828,		1072.90959,				1.05825,				0.82532
312,		925.73147,		1013.71495,		1074.29391,				1.05976,				0.82638
313,		981.45751,		1014.51987,		1075.43489,				1.06004,				0.82726
314,		972.19306,		1014.30814,		1074.01754,				1.05887,				0.82617
315,		966.68760,		1014.03362,		1078.25302,				1.06333,				0.82943
316,		975.27810,		1013.90168,		1104.32197,				1.08918,				0.84948
317,		966.41356,		1013.31174,		1092.70913,				1.07835,				0.84055
318,		967.29943,		1013.67403,		1087.60929,				1.07294,				0.83662
319,		969.03597,		1013.63175,		1070.69228,				1.05629,				0.82361
320,		966.79762,		1013.45519,		1075.00388,				1.06073,				0.82693
321,		962.25619,		1011.61866,		1082.63246,				1.07020,				0.83279
322,		968.60101,		1011.76971,		1077.90560,				1.06537,				0.82916
323,		976.30060,		1039.31688,		1112.16917,				1.07010,				0.85551
324,		980.72140,		1028.34977,		1110.41129,				1.07980,				0.85416
325,		959.36022,		1031.58722,		1083.68476,				1.05050,				0.83360
326,		965.18312,		1032.43003,		1100.82464,				1.06625,				0.84679
327,		965.52675,		1033.03968,		1080.96713,				1.04639,				0.83151
328,		953.77484,		1033.12318,		1081.08796,				1.04643,				0.83161
329,		971.53980,		1033.82510,		1081.05830,				1.04569,				0.83158
330,		957.49687,		1016.09920,		1077.18347,				1.06012,				0.82860
331,		952.64991,		1016.18517,		1081.51591,				1.06429,				0.83194
332,		952.27618,		1008.58573,		1071.39924,				1.06228,				0.82415
333,		929.75170,		1009.71135,		1053.47668,				1.04334,				0.81037
334,		932.78262,		1009.74128,		1055.35314,				1.04517,				0.81181
335,		949.48826,		1015.94433,		1058.68484,				1.04207,				0.81437
336,		960.13954,		1014.09881,		1059.99952,				1.04526,				0.81538
337,		961.13318,		1018.12545,		1066.12164,				1.04714,				0.82009
338,		983.68579,		1020.17169,		1066.15551,				1.04507,				0.82012
339,		979.56578,		1021.25011,		1076.59896,				1.05420,				0.82815
340,		992.51672,		1023.03952,		1077.08980,				1.05283,				0.82853
341,		984.77857,		1023.15060,		1079.10560,				1.05469,				0.83008
342,		995.12925,		1023.15045,		1071.14425,				1.04691,				0.82396
343,		953.85736,		1022.37289,		1078.05322,				1.05446,				0.82927
344,		982.96759,		1023.09941,		1070.37066,				1.04620,				0.82336
345,		979.99826,		1022.36189,		1066.17458,				1.04285,				0.82013
346,		959.01221,		1022.02232,		1069.25735,				1.04622,				0.82251
347,		984.15360,		1020.70282,		1067.77643,				1.04612,				0.82137
348,		986.46327,		1019.45082,		1064.18065,				1.04388,				0.81860
349,		986.41870,		1021.44118,		1064.61095,				1.04226,				0.81893
350,		981.98577,		1019.93272,		1062.90214,				1.04213,				0.81762
351,		980.32324,		1020.16348,		1065.65702,				1.04459,				0.81974
352,		955.85246,		1019.48336,		1059.21566,				1.03897,				0.81478
353,		963.54267,		1021.66241,		1067.01622,				1.04439,				0.82078
354,		950.84610,		1022.22364,		1072.78812,				1.04947,				0.82522
355,		958.48276,		1022.93635,		1072.32116,				1.04828,				0.82486
356,		949.86847,		1022.61022,		1072.62377,				1.04891,				0.82510
357,		989.51169,		1022.80464,		1072.67828,				1.04876,				0.82514
358,		955.51975,		1022.23837,		1068.37765,				1.04514,				0.82183
359,		988.26162,		1022.83745,		1072.47141,				1.04853,				0.82498
360,		930.49180,		1011.90361,		1073.40343,				1.06078,				0.82569
361,		957.35445,		1016.87501,		1069.78928,				1.05204,				0.82291
362,		955.27441,		1017.86604,		1074.20204,				1.05535,				0.82631
363,		954.12886,		1019.30392,		1073.36449,				1.05304,				0.82566
364,		956.03978,		1019.36367,		1067.75291,				1.04747,				0.82135
365,		960.55895,		1020.60777,		1069.04511,				1.04746,				0.82234
366,		960.99326,		1019.77284,		1067.73290,				1.04703,				0.82133
367,		959.47916,		1021.99238,		1081.05170,				1.05779,				0.83158
368,		983.67633,		1020.92695,		1087.11162,				1.06483,				0.83624
369,		985.14484,		1020.39397,		1083.69904,				1.06204,				0.83361
370,		982.13144,		1021.14237,		1064.39744,				1.04236,				0.81877
371,		984.40095,		1037.43101,		1096.34417,				1.05679,				0.84334
372,		984.90974,		1031.04215,		1109.41076,				1.07601,				0.85339
373,		997.47458,		1027.70410,		1108.71004,				1.07882,				0.85285
374,		986.83651,		1025.36333,		1090.93273,				1.06395,				0.83918
375,		984.94433,		1022.69309,		1070.11134,				1.04637,				0.82316
376,		990.15617,		1022.01275,		1072.40821,				1.04931,				0.82493
377,		960.25760,		1021.57838,		1070.85041,				1.04823,				0.82373
378,		965.06205,		1022.18292,		1076.36206,				1.05300,				0.82797
379,		957.25966,		1022.46178,		1073.16419,				1.04959,				0.82551
380,		966.55071,		1022.30746,		1072.01099,				1.04862,				0.82462
381,		988.23478,		1022.39339,		1072.63189,				1.04914,				0.82510
382,		987.50498,		1023.30910,		1076.78781,				1.05226,				0.82830
383,		965.81862,		1025.02185,		1072.57688,				1.04639,				0.82506
384,		956.48808,		1023.28687,		1073.11831,				1.04870,				0.82548
385,		985.38563,		1025.23432,		1067.27298,				1.04100,				0.82098
386,		959.93302,		1026.59912,		1080.94323,				1.05294,				0.83149
387,		953.25792,		1023.58530,		1074.11257,				1.04936,				0.82624
388,		956.88632,		1019.22125,		1064.76346,				1.04468,				0.81905
389,		941.94419,		1001.60880,		1070.93468,				1.06921,				0.82380
390,		917.83260,		1006.11609,		1063.44468,				1.05698,				0.81803
391,		909.63836,		996.30914,		1060.10361,				1.06403,				0.81546
392,		953.25467,		1003.07985,		1059.46478,				1.05621,				0.81497
393,		940.19705,		989.96066,		1059.61172,				1.07036,				0.81509
394,		943.07583,		983.92387,		1059.16055,				1.07647,				0.81474
395,		907.67226,		994.73674,		1048.71795,				1.05427,				0.80671
396,		941.77908,		986.76696,		1053.47215,				1.06760,				0.81036
397,		937.52518,		984.33793,		1054.76146,				1.07154,				0.81135
398,		917.01404,		984.28826,		1053.77294,				1.07059,				0.81059
399,		914.12584,		992.17803,		1047.30826,				1.05556,				0.80562
400,		916.71967,		985.99405,		1051.26308,				1.06620,				0.80866
401,		912.66992,		982.74879,		1047.27298,				1.06566,				0.80559
402,		936.98857,		994.41956,		1055.59351,				1.06152,				0.81200
403,		934.10083,		1000.73801,		1049.19696,				1.04842,				0.80707
404,		954.78011,		1001.37767,		1042.78503,				1.04135,				0.80214
405,		937.91772,		1003.36380,		1042.88051,				1.03938,				0.80222
406,		948.28005,		1002.39300,		1052.83908,				1.05033,				0.80988
407,		949.76639,		1003.45060,		1058.83960,				1.05520,				0.81449
408,		965.85448,		1003.55449,		1062.22302,				1.05846,				0.81709
409,		974.41142,		1005.79318,		1063.82528,				1.05770,				0.81833
410,		941.05821,		1004.56336,		1048.77568,				1.04401,				0.80675
411,		971.79598,		1004.25185,		1057.41337,				1.05294,				0.81339
412,		938.22503,		1004.60413,		1050.78870,				1.04597,				0.80830
413,		945.26578,		1005.15440,		1052.02459,				1.04663,				0.80925
414,		968.69914,		1004.98117,		1053.26913,				1.04805,				0.81021
415,		948.57688,		999.80446,		1055.28292,				1.05549,				0.81176
416,		940.54760,		996.09121,		1046.34348,				1.05045,				0.80488
417,		917.04633,		1001.40309,		1052.40034,				1.05093,				0.80954
418,		921.16725,		995.89272,		1051.69982,				1.05604,				0.80900
419,		922.18400,		987.88640,		1056.35266,				1.06931,				0.81258
420,		922.39758,		988.53764,		1053.77425,				1.06599,				0.81060
421,		923.20382,		986.54184,		1043.82652,				1.05807,				0.80294
422,		921.95722,		985.92814,		1046.62794,				1.06157,				0.80510
423,		923.55411,		985.29493,		1030.91039,				1.04630,				0.79301
424,		918.22072,		985.74966,		1035.33029,				1.05030,				0.79641
425,		947.98476,		984.97754,		1026.46206,				1.04212,				0.78959
426,		923.64864,		985.13380,		1044.60833,				1.06037,				0.80354
427,		923.76490,		984.67160,		1034.48518,				1.05059,				0.79576
428,		950.62435,		984.99026,		1031.11400,				1.04683,				0.79316
429,		944.75743,		985.16764,		1036.92633,				1.05254,				0.79764
430,		947.19722,		985.61350,		1036.31449,				1.05144,				0.79716
431,		924.63148,		985.03381,		1034.36740,				1.05008,				0.79567
432,		922.15447,		984.08767,		1035.79552,				1.05254,				0.79677
433,		925.58943,		987.69320,		1039.00963,				1.05196,				0.79924
434,		908.56457,		986.88777,		1038.91969,				1.05272,				0.79917
435,		923.58845,		985.99505,		1044.39038,				1.05922,				0.80338
436,		926.84271,		985.16931,		1037.99862,				1.05362,				0.79846
437,		915.81253,		984.89121,		1031.72736,				1.04755,				0.79364
438,		925.75021,		985.19171,		1032.11595,				1.04763,				0.79394
439,		949.90679,		985.46824,		1029.64725,				1.04483,				0.79204
440,		949.51796,		985.19642,		1029.02093,				1.04448,				0.79155
441,		947.08398,		984.70415,		1029.13127,				1.04512,				0.79164
442,		913.58055,		990.31018,		1032.73480,				1.04284,				0.79441
443,		901.63813,		987.10355,		1030.70430,				1.04417,				0.79285
444,		922.12031,		990.27251,		1045.42307,				1.05569,				0.80417
445,		904.50294,		998.94908,		1051.89518,				1.05300,				0.80915
446,		941.77552,		1001.98228,		1049.67899,				1.04760,				0.80745
447,		962.29198,		1001.24077,		1050.41151,				1.04911,				0.80801
448,		955.11269,		993.81932,		1047.39382,				1.05391,				0.80569
449,		918.54286,		988.53637,		1045.86861,				1.05800,				0.80451
450,		919.10014,		988.65455,		1047.78803,				1.05981,				0.80599
451,		930.11697,		993.93247,		1039.31409,				1.04566,				0.79947
452,		916.51914,		988.58192,		1043.29344,				1.05534,				0.80253
453,		911.71790,		983.81625,		1042.45043,				1.05960,				0.80188
454,		926.23891,		983.48667,		1043.45519,				1.06098,				0.80266
455,		911.84732,		981.96973,		1031.17806,				1.05011,				0.79321
456,		919.98798,		981.28541,		1023.80300,				1.04333,				0.78754
457,		947.93896,		983.07395,		1018.82865,				1.03637,				0.78371
458,		940.80364,		981.14017,		1029.22286,				1.04901,				0.79171
459,		938.38811,		981.17695,		1031.60397,				1.05139,				0.79354
460,		946.15532,		981.34572,		1021.53489,				1.04095,				0.78580
461,		941.07621,		981.71836,		1029.91143,				1.04909,				0.79224
462,		951.93193,		982.68707,		1028.92600,				1.04705,				0.79148
463,		945.92002,		983.01438,		1033.92036,				1.05179,				0.79532
464,		947.09745,		982.41055,		1033.46240,				1.05197,				0.79497
465,		915.53998,		981.60328,		1032.42830,				1.05178,				0.79418
466,		944.95316,		982.50905,		1029.93634,				1.04827,				0.79226
467,		946.12742,		980.85994,		1024.08468,				1.04407,				0.78776
468,		915.10055,		980.33902,		1028.93916,				1.04957,				0.79149
469,		943.30386,		980.26510,		1023.59444,				1.04420,				0.78738
470,		917.92342,		982.85362,		1033.89970,				1.05194,				0.79531
471,		932.15165,		983.87218,		1036.19280,				1.05318,				0.79707
472,		942.18367,		981.87441,		1029.89655,				1.04891,				0.79223
473,		916.76330,		981.16632,		1026.82538,				1.04654,				0.78987
474,		948.84734,		980.68741,		1039.88617,				1.06036,				0.79991
475,		954.43281,		980.39820,		1043.33094,				1.06419,				0.80256
476,		914.94672,		979.80526,		1031.32788,				1.05258,				0.79333
477,		941.33603,		979.83957,		1029.95647,				1.05115,				0.79227
478,		914.95336,		979.92124,		1038.23970,				1.05951,				0.79865
479,		950.45202,		981.05442,		1036.02775,				1.05603,				0.79694
480,		948.24658,		981.37432,		1037.41318,				1.05710,				0.79801
481,		938.99720,		980.94177,		1061.99587,				1.08263,				0.81692
482,		916.64027,		981.74698,		1029.30098,				1.04844,				0.79177
483,		917.19998,		992.22229,		1060.60066,				1.06891,				0.81585
484,		956.68252,		989.44951,		1056.46915,				1.06773,				0.81267
485,		945.23580,		984.94842,		1059.56402,				1.07576,				0.81505
486,		917.80856,		982.98324,		1062.95589,				1.08136,				0.81766
487,		912.07884,		981.84736,		1064.70391,				1.08439,				0.81900
488,		911.20243,		980.27270,		1029.48778,				1.05021,				0.79191
489,		907.24521,		979.72182,		1028.96849,				1.05027,				0.79151
490,		946.20155,		980.57254,		1033.72975,				1.05421,				0.79518
491,		941.30348,		980.41727,		1028.33945,				1.04888,				0.79103
492,		945.15734,		980.26819,		1030.58528,				1.05133,				0.79276
493,		939.61987,		980.63291,		1027.32869,				1.04762,				0.79025
494,		919.35112,		980.88184,		1030.89467,				1.05099,				0.79300
495,		922.75308,		978.51848,		1027.66111,				1.05022,				0.79051
496,		942.75206,		978.99198,		1031.04018,				1.05317,				0.79311
497,		943.16792,		979.54011,		1042.82390,				1.06461,				0.80217
498,		950.61191,		979.92617,		1027.29613,				1.04834,				0.79023
499,		915.50220,		973.43425,		1023.35445,				1.05128,				0.78720
500,		936.84396,		976.63975,		1022.09558,				1.04654,				0.78623
501,		918.61291,		978.36085,		1021.69302,				1.04429,				0.78592
502,		940.18428,		979.37539,		1020.69723,				1.04219,				0.78515
503,		949.52866,		980.02975,		1046.00825,				1.06732,				0.80462
504,		946.19437,		980.11439,		1017.95826,				1.03861,				0.78304
505,		944.87453,		979.99196,		1028.17418,				1.04917,				0.79090
506,		919.56761,		979.95043,		1020.86800,				1.04175,				0.78528
507,		918.00903,		980.22534,		1027.14842,				1.04787,				0.79011
508,		914.12249,		979.84249,		1042.16677,				1.06361,				0.80167
509,		909.77402,		979.46320,		1036.10868,				1.05783,				0.79701
510,		914.78385,		980.56956,		1041.53169,				1.06217,				0.80118
511,		939.69026,		980.82853,		1028.44038,				1.04854,				0.79111
512,		939.78433,		981.78937,		1049.17687,				1.06864,				0.80706
513,		945.97048,		992.60880,		1049.83102,				1.05765,				0.80756
514,		952.54553,		987.74488,		1052.39122,				1.06545,				0.80953
515,		939.41731,		983.16144,		1055.40037,				1.07348,				0.81185
516,		919.01717,		979.88034,		1048.28604,				1.06981,				0.80637
517,		935.65809,		978.65781,		1052.14758,				1.07509,				0.80934
518,		934.71713,		971.12515,		1019.07937,				1.04938,				0.78391
519,		925.49401,		962.66888,		1015.35542,				1.05473,				0.78104
520,		930.56670,		958.00635,		1014.12235,				1.05858,				0.78009
521,		930.83487,		960.95072,		1012.64118,				1.05379,				0.77895
522,		905.50035,		952.52136,		1015.41085,				1.06602,				0.78109
523,		908.95659,		949.97835,		1026.21737,				1.08025,				0.78940
524,		883.48946,		947.39736,		1019.03001,				1.07561,				0.78387
525,		881.87588,		947.11868,		1014.15756,				1.07078,				0.78012
526,		878.30134,		946.67504,		1022.10970,				1.07968,				0.78624
527,		911.78542,		946.27345,		1014.78093,				1.07240,				0.78060
528,		919.39889,		946.62470,		1012.82588,				1.06993,				0.77910
529,		883.67275,		945.75813,		1018.48117,				1.07689,				0.78345
530,		910.74034,		945.32647,		1013.68866,				1.07232,				0.77976
531,		885.74039,		946.97684,		997.93432,				1.05381,				0.76764
532,		914.61917,		948.03922,		993.36348,				1.04781,				0.76413
533,		917.00457,		949.03831,		1021.68028,				1.07654,				0.78591
534,		919.20849,		949.10166,		1020.76809,				1.07551,				0.78521
535,		912.53775,		950.81020,		1025.42394,				1.07847,				0.78879
536,		884.59926,		950.09351,		1017.08075,				1.07051,				0.78237
537,		893.16354,		950.64617,		1025.25403,				1.07848,				0.78866
538,		875.13741,		955.78535,		1002.63629,				1.04902,				0.77126
539,		878.57221,		961.89914,		1008.13936,				1.04807,				0.77549
540,		873.91640,		959.86223,		1023.99270,				1.06681,				0.78769
541,		898.38063,		955.12935,		1019.52977,				1.06743,				0.78425
542,		929.53929,		953.62856,		1024.72433,				1.07455,				0.78825
543,		895.14271,		951.72242,		1013.24958,				1.06465,				0.77942
544,		915.28928,		951.13283,		1022.90853,				1.07546,				0.78685
545,		889.54171,		950.55736,		1024.43446,				1.07772,				0.78803
546,		884.71422,		950.52347,		1016.07413,				1.06896,				0.78160
547,		883.10160,		950.52674,		1022.13362,				1.07533,				0.78626
548,		889.99153,		949.82196,		1022.40894,				1.07642,				0.78647
549,		889.46037,		949.53140,		1031.88139,				1.08673,				0.79375
550,		889.82838,		949.97733,		1000.72538,				1.05342,				0.76979
551,		920.68085,		963.82697,		1019.29146,				1.05755,				0.78407
552,		919.69288,		952.85510,		1017.48341,				1.06783,				0.78268
553,		917.11265,		955.53799,		1006.08627,				1.05290,				0.77391
554,		916.14920,		953.86062,		1006.88874,				1.05559,				0.77453
555,		902.22593,		956.08946,		1024.49303,				1.07155,				0.78807
556,		900.65976,		958.21058,		1029.16701,				1.07405,				0.79167
557,		897.31676,		957.71093,		1034.62757,				1.08031,				0.79587
558,		902.31189,		957.43926,		1026.32429,				1.07195,				0.78948
559,		897.56077,		957.50376,		1010.40278,				1.05525,				0.77723
560,		925.43706,		958.04916,		1030.85921,				1.07600,				0.79297
561,		931.19377,		957.76360,		1027.75359,				1.07308,				0.79058
562,		921.42981,		958.06806,		1034.20513,				1.07947,				0.79554
563,		921.57992,		958.38597,		1026.80044,				1.07139,				0.78985
564,		906.82732,		958.59555,		1014.44459,				1.05826,				0.78034
565,		900.55246,		958.79169,		1009.95871,				1.05337,				0.77689
566,		902.56912,		956.98128,		1031.48109,				1.07785,				0.79345
567,		899.70346,		955.78058,		1067.27484,				1.11665,				0.82098
568,		923.32275,		957.02311,		1029.00001,				1.07521,				0.79154
569,		919.23896,		962.05147,		1048.30803,				1.08966,				0.80639
570,		902.13168,		966.46716,		1051.20479,				1.08768,				0.80862
571,		900.25958,		961.49806,		1028.85551,				1.07005,				0.79143
572,		896.13874,		957.27682,		1020.27455,				1.06581,				0.78483
573,		914.31483,		955.50009,		1023.87858,				1.07156,				0.78760
574,		922.95311,		953.61863,		1014.93423,				1.06430,				0.78072
575,		897.13889,		953.84037,		1023.64606,				1.07318,				0.78742
576,		893.58887,		953.82775,		1024.74502,				1.07435,				0.78827
577,		916.22150,		953.32273,		1025.51620,				1.07573,				0.78886
578,		892.45656,		953.57391,		1025.46042,				1.07539,				0.78882
579,		923.13171,		953.71063,		1032.55782,				1.08267,				0.79428
580,		896.68572,		954.44612,		1031.80627,				1.08105,				0.79370
581,		893.28705,		954.26720,		1029.76926,				1.07912,				0.79213
582,		907.29787,		954.51941,		1026.47351,				1.07538,				0.78960
583,		896.67684,		952.78373,		1036.22730,				1.08758,				0.79710
584,		880.29188,		948.16127,		1023.25595,				1.07920,				0.78712
585,		904.68029,		954.49683,		1023.12330,				1.07190,				0.78702
586,		896.69473,		957.55730,		1028.85194,				1.07445,				0.79142
587,		903.22295,		959.15536,		1030.33482,				1.07421,				0.79257
588,		898.99528,		959.59348,		1034.47476,				1.07803,				0.79575
589,		920.39310,		960.56446,		1034.77266,				1.07725,				0.79598
590,		929.18404,		960.39511,		1017.39489,				1.05935,				0.78261
591,		906.27537,		960.68824,		1013.77046,				1.05525,				0.77982
592,		906.23263,		960.88607,		1015.23343,				1.05656,				0.78095
593,		906.16017,		970.23290,		1041.58742,				1.07354,				0.80122
594,		903.35934,		966.68207,		1042.97954,				1.07893,				0.80229
595,		904.35063,		964.23494,		1042.36929,				1.08103,				0.80182
596,		917.58232,		962.75482,		1063.97953,				1.10514,				0.81845
597,		934.66704,		962.41144,		1037.01553,				1.07752,				0.79770
598,		930.69862,		962.43069,		1038.19738,				1.07872,				0.79861
599,		917.16253,		962.24267,		1036.85282,				1.07754,				0.79758
600,		919.49802,		961.94145,		1064.02407,				1.10612,				0.81848
601,		932.33702,		962.71641,		1067.46592,				1.10881,				0.82113
602,		925.10965,		961.76470,		1028.82713,				1.06973,				0.79141
603,		913.34064,		961.70207,		1035.72281,				1.07697,				0.79671
604,		917.44258,		961.84561,		1035.55193,				1.07663,				0.79658
605,		909.10744,		961.69173,		1041.90384,				1.08341,				0.80146
606,		909.88711,		956.84402,		1028.40140,				1.07478,				0.79108
607,		912.08125,		971.80546,		1038.46407,				1.06859,				0.79882
608,		927.63695,		968.62163,		1048.67480,				1.08265,				0.80667
609,		901.23077,		964.53788,		1030.81028,				1.06871,				0.79293
610,		901.70123,		962.62049,		1028.96538,				1.06892,				0.79151
611,		908.43784,		961.77112,		1016.34716,				1.05675,				0.78181
612,		915.95742,		961.74602,		1026.21263,				1.06703,				0.78939
613,		917.00499,		962.04219,		1024.55946,				1.06498,				0.78812
614,		908.90661,		969.09219,		1032.18354,				1.06510,				0.79399
615,		916.09419,		966.06709,		1034.82833,				1.07118,				0.79602
616,		915.62486,		966.51817,		1034.92381,				1.07078,				0.79610
617,		919.00329,		964.07824,		1036.32094,				1.07493,				0.79717
618,		914.96429,		965.07476,		1040.02352,				1.07766,				0.80002
619,		914.96800,		978.90939,		1069.13314,				1.09217,				0.82241
620,		931.68729,		971.85218,		1040.45504,				1.07059,				0.80035
621,		913.85236,		967.22017,		1037.11531,				1.07226,				0.79778
622,		906.96679,		953.04352,		1047.07930,				1.09867,				0.80545
623,		908.75918,		952.20960,		1034.75271,				1.08669,				0.79596
624,		902.32467,		956.76116,		1034.40530,				1.08115,				0.79570
625,		906.01905,		959.49795,		1040.74273,				1.08467,				0.80057
626,		904.35797,		960.90486,		1031.86509,				1.07385,				0.79374
627,		904.76913,		961.77878,		1034.08330,				1.07518,				0.79545
628,		930.16318,		962.28564,		1035.84157,				1.07644,				0.79680
629,		928.36844,		962.22911,		1042.92258,				1.08386,				0.80225
630,		929.84183,		961.72096,		1026.73251,				1.06760,				0.78979
631,		905.45618,		961.91098,		1016.22892,				1.05647,				0.78171
632,		903.12230,		962.17537,		1050.54103,				1.09184,				0.80811
633,		915.92989,		961.98480,		1014.69432,				1.05479,				0.78053
634,		924.09980,		962.53396,		1032.67120,				1.07287,				0.79436
635,		915.25761,		960.42195,		1036.65461,				1.07937,				0.79743
636,		923.12076,		961.54525,		1034.42019,				1.07579,				0.79571
637,		919.43323,		961.68096,		1040.42152,				1.08188,				0.80032
638,		916.28709,		961.65966,		1029.56194,				1.07061,				0.79197
639,		910.18548,		961.20251,		1044.69534,				1.08686,				0.80361
640,		935.12157,		961.93635,		1030.37317,				1.07114,				0.79259
641,		931.48271,		961.96381,		1031.84059,				1.07264,				0.79372
642,		921.56450,		963.05177,		1034.68113,				1.07438,				0.79591
643,		925.90156,		962.91937,		1040.31965,				1.08038,				0.80025
644,		921.29292,		963.59671,		1036.74264,				1.07591,				0.79749
645,		930.88650,		964.40023,		1034.00960,				1.07218,				0.79539
646,		945.70699,		961.88490,		1012.92004,				1.05306,				0.77917
647,		941.96027,		960.62086,		1016.60134,				1.05828,				0.78200
648,		909.32981,		958.63683,		1016.75540,				1.06063,				0.78212
649,		912.39510,		957.55441,		1012.68522,				1.05757,				0.77899
650,		916.18961,		956.95156,		1010.28103,				1.05573,				0.77714
651,		913.51519,		958.17469,		1023.11895,				1.06778,				0.78701
652,		909.70189,		957.70123,		1018.49607,				1.06348,				0.78346
653,		910.56451,		957.78962,		1029.69230,				1.07507,				0.79207
654,		925.39438,		960.90260,		1031.56064,				1.07353,				0.79351
655,		914.67470,		956.50328,		1021.66974,				1.06813,				0.78590
656,		910.62472,		957.00232,		1022.51343,				1.06845,				0.78655
657,		917.69941,		960.06690,		1034.50598,				1.07754,				0.79577
658,		911.73867,		975.15410,		1036.28744,				1.06269,				0.79714
659,		926.97734,		966.75829,		1045.63337,				1.08159,				0.80433
660,		918.18452,		961.66001,		1042.07836,				1.08362,				0.80160
661,		910.19442,		972.60296,		1061.06680,				1.09096,				0.81621
662,		893.67556,		956.89450,		1027.91316,				1.07422,				0.79070
663,		889.72075,		955.11776,		1028.90114,				1.07725,				0.79146
664,		916.38673,		967.69928,		1031.76094,				1.06620,				0.79366
665,		909.36287,		964.39685,		1031.36757,				1.06944,				0.79336
666,		906.83422,		975.78108,		1042.86164,				1.06875,				0.80220
667,		914.74905,		982.46745,		1062.92435,				1.08189,				0.81763
668,		914.84353,		985.83919,		1064.05443,				1.07934,				0.81850
669,		923.62854,		987.54178,		1106.08343,				1.12004,				0.85083
670,		889.08217,		965.49104,		1064.00390,				1.10203,				0.81846
671,		890.89593,		958.39559,		1059.05284,				1.10503,				0.81466
672,		881.17624,		946.16390,		1063.73210,				1.12426,				0.81826
673,		887.44048,		941.76315,		1056.97176,				1.12233,				0.81306
674,		908.33238,		939.25115,		1017.97784,				1.08382,				0.78306
675,		889.53180,		937.78267,		1006.10769,				1.07286,				0.77393
676,		890.02427,		936.98227,		1013.89776,				1.08209,				0.77992
677,		892.45956,		936.23733,		1012.55104,				1.08151,				0.77889
678,		890.85884,		936.92603,		1009.71313,				1.07769,				0.77670
679,		890.76135,		936.98036,		1016.01621,				1.08435,				0.78155
680,		891.84146,		937.40039,		1045.51072,				1.11533,				0.80424
681,		884.40191,		937.57641,		1042.24012,				1.11163,				0.80172
682,		890.13735,		936.98984,		1036.03321,				1.10570,				0.79695
683,		893.46050,		936.60812,		1006.58813,				1.07472,				0.77430
684,		899.91018,		936.37409,		993.16965,				1.06065,				0.76398
685,		894.91099,		936.18282,		1032.68277,				1.10308,				0.79437
686,		891.62533,		936.40970,		994.46029,				1.06199,				0.76497
687,		896.87277,		937.15464,		1001.87241,				1.06906,				0.77067
688,		896.31018,		936.66784,		997.01548,				1.06443,				0.76693
689,		891.68074,		936.36630,		1008.34169,				1.07687,				0.77565
690,		915.41708,		937.03675,		1005.63903,				1.07321,				0.77357
691,		888.17029,		936.48280,		985.72142,				1.05258,				0.75825
692,		881.19068,		929.51166,		1009.74425,				1.08632,				0.77673
693,		875.74411,		933.89060,		998.98592,				1.06970,				0.76845
694,		880.21941,		931.57573,		1009.72757,				1.08389,				0.77671
695,		888.68497,		933.57194,		1006.76778,				1.07840,				0.77444
696,		905.49832,		935.64304,		996.23098,				1.06476,				0.76633
697,		893.44054,		929.23211,		1004.27673,				1.08076,				0.77252
698,		896.12672,		925.38327,		1010.42163,				1.09190,				0.77725
699,		893.93281,		928.35782,		1011.40017,				1.08945,				0.77800
700,		887.79344,		928.83819,		999.88294,				1.07649,				0.76914
701,		880.50222,		928.47479,		989.93347,				1.06619,				0.76149
702,		888.49039,		936.58134,		1002.15579,				1.07001,				0.77089
703,		884.81413,		940.45893,		1016.75926,				1.08113,				0.78212
704,		898.05329,		942.54477,		1021.27437,				1.08353,				0.78560
705,		909.66484,		947.16397,		1012.09940,				1.06856,				0.77854
706,		907.67648,		942.79229,		1012.23360,				1.07365,				0.77864
707,		896.73008,		943.19148,		1015.25228,				1.07640,				0.78096
708,		897.69431,		943.60641,		1013.51129,				1.07408,				0.77962
709,		906.65863,		943.83357,		1014.29914,				1.07466,				0.78023
710,		891.49916,		939.31762,		997.72527,				1.06218,				0.76748
711,		892.22208,		936.92041,		982.20432,				1.04833,				0.75554
712,		885.75603,		936.40055,		1009.47257,				1.07804,				0.77652
713,		895.19481,		936.66320,		1008.32628,				1.07651,				0.77564
714,		893.86296,		970.08074,		1073.54826,				1.10666,				0.82581
715,		899.32482,		969.66047,		1058.31386,				1.09143,				0.81409
716,		906.50164,		986.35781,		1055.03390,				1.06963,				0.81156
717,		909.98725,		997.20198,		1060.40736,				1.06338,				0.81570
718,		908.46480,		1001.19305,		1069.01189,				1.06774,				0.82232
719,		904.80265,		1003.52380,		1066.94091,				1.06319,				0.82072
720,		931.92323,		1003.35692,		1083.96675,				1.08034,				0.83382
721,		962.29004,		1005.39938,		1075.39692,				1.06962,				0.82723
722,		959.09622,		1007.23374,		1077.97783,				1.07024,				0.82921
723,		954.14451,		1005.01140,		1071.28909,				1.06595,				0.82407
724,		961.26589,		1004.35391,		1073.06482,				1.06841,				0.82543
725,		953.73609,		1003.01548,		1073.12016,				1.06989,				0.82548
726,		959.05226,		993.52280,		1039.93179,				1.04671,				0.79995
727,		956.67091,		997.95667,		1054.53327,				1.05669,				0.81118
728,		958.52125,		1000.74021,		1075.00956,				1.07421,				0.82693
729,		961.51473,		1002.18091,		1072.47399,				1.07014,				0.82498
730,		957.65799,		1001.82792,		1063.84823,				1.06191,				0.81834
731,		959.64369,		1002.16405,		1073.38722,				1.07107,				0.82568
732,		964.42727,		1002.99790,		1073.82721,				1.07062,				0.82602
733,		958.55686,		1002.61133,		1075.19423,				1.07239,				0.82707
734,		954.21842,		1002.51172,		1080.97425,				1.07827,				0.83152
735,		974.22393,		1015.41666,		1088.62919,				1.07210,				0.83741
736,		967.76932,		1021.79210,		1109.11262,				1.08546,				0.85316
737,		982.16550,		1023.93034,		1088.11527,				1.06268,				0.83701
738,		969.72570,		1018.53650,		1086.30915,				1.06654,				0.83562
739,		983.09843,		1023.96940,		1060.34315,				1.03552,				0.81565
740,		991.01893,		1027.54965,		1086.54325,				1.05741,				0.83580
741,		967.70739,		1018.16835,		1081.87078,				1.06257,				0.83221
742,		985.86389,		1027.62271,		1078.29773,				1.04931,				0.82946
743,		960.09911,		1014.36075,		1067.53739,				1.05242,				0.82118
744,		955.26750,		1019.66734,		1088.46069,				1.06747,				0.83728
745,		962.83591,		1024.70973,		1076.72767,				1.05076,				0.82825
746,		984.46833,		1026.84720,		1089.11058,				1.06064,				0.83778
747,		974.04130,		1027.09580,		1082.79787,				1.05423,				0.83292
748,		986.50834,		1027.55260,		1078.14521,				1.04924,				0.82934
749,		981.46489,		1028.54380,		1108.94554,				1.07817,				0.85304
750,		973.88339,		1028.51703,		1115.92051,				1.08498,				0.85840
751,		946.59861,		1028.78509,		1085.09304,				1.05473,				0.83469
752,		947.51719,		1029.03409,		1104.20098,				1.07305,				0.84939
753,		968.74627,		1029.35901,		1106.23023,				1.07468,				0.85095
754,		962.24460,		1028.86734,		1085.49333,				1.05504,				0.83499
755,		966.36052,		1029.27909,		1102.47521,				1.07111,				0.84806
756,		985.67601,		1028.63486,		1089.98422,				1.05964,				0.83845
757,		991.32896,		1028.56708,		1078.34545,				1.04840,				0.82950
758,		980.77063,		1029.63202,		1099.76023,				1.06811,				0.84597
759,		968.48511,		1023.75557,		1098.57844,				1.07309,				0.84506
760,		975.80450,		1031.99784,		1094.46149,				1.06053,				0.84189
761,		974.88700,		1030.29932,		1099.97138,				1.06762,				0.84613
762,		982.95301,		1028.91494,		1095.77449,				1.06498,				0.84290
763,		982.65254,		1028.00574,		1120.31389,				1.08979,				0.86178
764,		982.57873,		1024.12080,		1087.11211,				1.06151,				0.83624
765,		980.99339,		1025.38191,		1086.33501,				1.05944,				0.83564
766,		974.48546,		1026.60703,		1088.07871,				1.05988,				0.83698
767,		979.00972,		1027.52095,		1080.56911,				1.05163,				0.83121
768,		999.23701,		1028.45518,		1084.37300,				1.05437,				0.83413
769,		995.89354,		1027.94489,		1090.84288,				1.06119,				0.83911
770,		989.95874,		1027.84037,		1090.89521,				1.06135,				0.83915
771,		993.25824,		1032.36116,		1109.00694,				1.07424,				0.85308
772,		986.27899,		1034.47665,		1109.26492,				1.07230,				0.85328
773,		997.37660,		1033.37826,		1107.37972,				1.07161,				0.85183
774,		993.38074,		1032.59141,		1107.31688,				1.07237,				0.85178
775,		999.74610,		1033.82163,		1106.58789,				1.07039,				0.85122
776,		997.53638,		1031.14025,		1105.37005,				1.07199,				0.85028
777,		986.11737,		1030.84918,		1095.84114,				1.06305,				0.84295
778,		978.99521,		1029.42733,		1099.00669,				1.06759,				0.84539
779,		973.95346,		1028.74029,		1069.84352,				1.03995,				0.82296
780,		966.60495,		1028.34774,		1102.55359,				1.07216,				0.84812
781,		980.26831,		1028.21398,		1094.35004,				1.06432,				0.84181
782,		978.73199,		1028.43808,		1086.34955,				1.05631,				0.83565
783,		978.45616,		1027.82743,		1099.48127,				1.06971,				0.84575
784,		984.35487,		1028.33060,		1080.78817,				1.05101,				0.83138
785,		981.96139,		1028.26974,		1091.41447,				1.06141,				0.83955
786,		1000.13599,		1028.87622,		1119.81603,				1.08839,				0.86140
787,		981.92802,		1020.02533,		1097.20250,				1.07566,				0.84400
788,		976.63536,		1021.72758,		1098.81882,				1.07545,				0.84525
789,		984.81117,		1025.17091,		1085.63204,				1.05898,				0.83510
790,		996.92563,		1026.28354,		1088.52625,				1.06065,				0.83733
791,		995.40943,		1026.80333,		1068.39293,				1.04050,				0.82184
792,		983.25319,		1025.27580,		1093.37800,				1.06642,				0.84106
793,		986.19569,		1025.60190,		1083.27536,				1.05623,				0.83329
794,		982.02356,		1025.80092,		1084.10572,				1.05684,				0.83393
795,		999.57396,		1026.77149,		1084.92475,				1.05664,				0.83456
796,		996.51681,		1028.15359,		1102.00305,				1.07183,				0.84769
797,		985.87130,		1028.20655,		1088.27574,				1.05842,				0.83714
798,		981.44352,		1031.14648,		1065.90517,				1.03371,				0.81993
799,		983.64732,		1031.30285,		1092.01128,				1.05887,				0.84001
800,		985.98189,		1029.89902,		1088.75575,				1.05715,				0.83750
801,		1002.50170,		1030.04474,		1087.31737,				1.05560,				0.83640
802,		990.51439,		1028.96567,		1088.78708,				1.05814,				0.83753
803,		1005.58718,		1028.31591,		1090.12965,				1.06011,				0.83856
804,		990.24491,		1031.87653,		1119.47454,				1.08489,				0.86113
805,		986.50155,		1030.36299,		1102.95721,				1.07045,				0.84843
806,		983.66130,		1030.50519,		1104.17131,				1.07149,				0.84936
807,		971.97246,		1029.64299,		1080.08687,				1.04899,				0.83084
808,		986.73177,		1030.63353,		1119.19999,				1.08593,				0.86092
809,		988.06419,		1031.31542,		1105.88651,				1.07231,				0.85068
810,		989.08699,		1029.04866,		1074.56402,				1.04423,				0.82659
811,		1002.04046,		1029.69393,		1084.36607,				1.05310,				0.83413
812,		984.11317,		1021.93309,		1090.98175,				1.06757,				0.83922
813,		982.52875,		1025.91898,		1071.09082,				1.04403,				0.82392
814,		945.38545,		1009.08788,		1070.97109,				1.06133,				0.82382
815,		950.16481,		1014.85333,		1060.43961,				1.04492,				0.81572
816,		945.95831,		1003.16648,		1049.67480,				1.04636,				0.80744
817,		943.32242,		1009.23733,		1083.42662,				1.07351,				0.83341
818,		942.76286,		1003.65390,		1084.66942,				1.08072,				0.83436
819,		951.41146,		1001.61872,		1085.89497,				1.08414,				0.83530
820,		945.89833,		996.25684,		1058.71298,				1.06269,				0.81439
821,		951.00560,		1006.61512,		1083.09680,				1.07598,				0.83315
822,		948.48379,		1012.29907,		1087.64797,				1.07443,				0.83665
823,		973.91943,		1015.21904,		1091.45820,				1.07510,				0.83958
824,		977.10051,		1016.52933,		1089.48812,				1.07177,				0.83807
825,		981.31095,		1016.89835,		1116.59868,				1.09804,				0.85892
826,		985.57605,		1016.81717,		1110.56819,				1.09220,				0.85428
827,		987.71081,		1016.22221,		1072.26565,				1.05515,				0.82482
828,		976.45502,		1016.22704,		1089.71733,				1.07232,				0.83824
829,		969.33431,		1015.98710,		1092.19057,				1.07500,				0.84015
830,		961.78099,		1013.59697,		1091.61877,				1.07698,				0.83971
831,		967.62977,		1014.99009,		1071.21295,				1.05539,				0.82401
832,		971.61713,		1015.99258,		1101.21062,				1.08388,				0.84709
833,		974.19018,		1015.94525,		1103.24029,				1.08592,				0.84865
834,		969.64386,		1016.01902,		1067.05205,				1.05023,				0.82081
835,		971.30901,		1016.16037,		1089.96501,				1.07263,				0.83843
836,		996.62811,		1016.74917,		1090.95732,				1.07299,				0.83920
837,		971.21335,		1016.30326,		1065.87139,				1.04877,				0.81990
838,		969.12699,		1019.04355,		1074.28705,				1.05421,				0.82637
839,		979.72038,		1028.32493,		1108.39776,				1.07787,				0.85261
840,		970.64458,		1033.66186,		1082.18028,				1.04694,				0.83245
841,		990.36277,		1041.88427,		1108.98232,				1.06440,				0.85306
842,		988.14325,		1028.59736,		1107.86873,				1.07707,				0.85221
843,		969.78212,		1021.81652,		1093.07266,				1.06973,				0.84083
844,		943.90582,		1017.51817,		1084.68664,				1.06601,				0.83437
845,		955.21125,		1008.56049,		1070.16904,				1.06109,				0.82321
846,		946.89201,		992.56503,		1076.38320,				1.08445,				0.82799
847,		928.71555,		1005.05542,		1098.65784,				1.09313,				0.84512
848,		949.00790,		1013.72320,		1093.45692,				1.07865,				0.84112
849,		966.22992,		1015.28811,		1074.50201,				1.05832,				0.82654
850,		967.54575,		1016.03372,		1082.63685,				1.06555,				0.83280
851,		968.15703,		1015.86665,		1055.39318,				1.03891,				0.81184
852,		972.24595,		1020.75680,		1114.07565,				1.09142,				0.85698
853,		976.04968,		1017.63357,		1095.66737,				1.07668,				0.84282
854,		971.55189,		1019.19056,		1069.48268,				1.04935,				0.82268
855,		969.40523,		1016.79323,		1075.82977,				1.05806,				0.82756
856,		954.40456,		1015.88427,		1091.07344,				1.07401,				0.83929
857,		953.41204,		1028.35246,		1101.20293,				1.07084,				0.84708
858,		978.33871,		1035.33074,		1112.63770,				1.07467,				0.85588
859,		976.35673,		1037.74130,		1108.67477,				1.06835,				0.85283
860,		966.43406,		1031.93323,		1113.75356,				1.07929,				0.85673
861,		973.06751,		1025.45796,		1113.11691,				1.08548,				0.85624
862,		983.49321,		1025.36562,		1120.30496,				1.09259,				0.86177
863,		982.71955,		1029.62821,		1116.10062,				1.08398,				0.85854
864,		980.74488,		1037.03525,		1113.26050,				1.07350,				0.85635
865,		977.43779,		1028.24322,		1112.15184,				1.08160,				0.85550
866,		973.65621,		1036.50473,		1109.39001,				1.07032,				0.85338
867,		995.31752,		1040.64584,		1107.59033,				1.06433,				0.85199
868,		999.73779,		1043.27352,		1104.67304,				1.05885,				0.84975
869,		1001.10452,		1045.20754,		1096.71741,				1.04928,				0.84363
870,		998.70932,		1044.85858,		1112.97421,				1.06519,				0.85613
871,		1001.38468,		1044.94687,		1115.40212,				1.06742,				0.85800
872,		995.72915,		1044.50624,		1101.25227,				1.05433,				0.84712
873,		1001.41676,		1044.19716,		1079.66302,				1.03396,				0.83051
874,		1002.65044,		1044.62259,		1092.46636,				1.04580,				0.84036
875,		998.34777,		1044.82744,		1091.75269,				1.04491,				0.83981
876,		991.16297,		1041.67596,		1124.74202,				1.07974,				0.86519
877,		999.65970,		1040.05404,		1094.86322,				1.05270,				0.84220
878,		999.40121,		1042.50029,		1097.33166,				1.05260,				0.84410
879,		1013.75324,		1041.81108,		1090.61283,				1.04684,				0.83893
880,		1005.00253,		1043.07888,		1093.20416,				1.04806,				0.84093
881,		1000.93545,		1044.01441,		1110.59786,				1.06378,				0.85431
882,		1000.58642,		1044.62880,		1098.03189,				1.05112,				0.84464
883,		997.86808,		1044.49340,		1104.77597,				1.05771,				0.84983
884,		1000.74384,		1044.63348,		1104.44148,				1.05725,				0.84957
885,		1003.68251,		1043.99922,		1110.67471,				1.06387,				0.85437
886,		1001.19814,		1043.79275,		1115.11469,				1.06833,				0.85778
887,		1013.85723,		1044.95968,		1110.54321,				1.06276,				0.85426
888,		996.89231,		1044.02932,		1114.04580,				1.06706,				0.85696
889,		998.02260,		1043.62515,		1116.71875,				1.07004,				0.85901
890,		998.69725,		1043.90894,		1113.52149,				1.06668,				0.85655
891,		998.29156,		1042.97679,		1106.84624,				1.06124,				0.85142
892,		998.58935,		1042.36364,		1106.19824,				1.06124,				0.85092
893,		998.56404,		1050.14358,		1118.82108,				1.06540,				0.86063
894,		996.40329,		1045.24405,		1105.94407,				1.05807,				0.85073
895,		994.07494,		1044.68064,		1114.62663,				1.06695,				0.85741
896,		996.10240,		1043.79439,		1115.83247,				1.06902,				0.85833
897,		985.28926,		1043.25386,		1109.69116,				1.06368,				0.85361
898,		995.88666,		1042.28047,		1117.98812,				1.07264,				0.85999
899,		998.49161,		1043.33281,		1090.20663,				1.04493,				0.83862
900,		995.90737,		1043.45623,		1101.23673,				1.05537,				0.84711
901,		997.19083,		1043.59317,		1114.22020,				1.06768,				0.85709
902,		1003.20268,		1047.01263,		1121.59854,				1.07124,				0.86277
903,		1016.40335,		1045.90449,		1115.31510,				1.06636,				0.85793
904,		1017.88374,		1045.34246,		1113.28661,				1.06500,				0.85637
905,		997.87334,		1045.09591,		1113.04992,				1.06502,				0.85619
906,		1001.05486,		1044.73797,		1110.98394,				1.06341,				0.85460
907,		1003.01153,		1044.73718,		1118.52916,				1.07063,				0.86041
908,		1015.06896,		1044.46208,		1104.74145,				1.05771,				0.84980
909,		1001.67725,		1043.30919,		1094.33575,				1.04891,				0.84180
910,		1000.18648,		1044.04099,		1111.05429,				1.06419,				0.85466
911,		1002.07578,		1044.67109,		1120.00952,				1.07212,				0.86155
912,		1019.10272,		1045.10438,		1110.89837,				1.06295,				0.85454
913,		996.34938,		1044.46796,		1091.79322,				1.04531,				0.83984
914,		995.27427,		1044.71336,		1086.60781,				1.04010,				0.83585
915,		1001.99052,		1044.45126,		1116.96660,				1.06943,				0.85921
916,		995.19066,		1044.23424,		1116.75459,				1.06945,				0.85904
917,		1016.33034,		1048.93047,		1111.20668,				1.05937,				0.85477
918,		1017.72965,		1046.90617,		1126.04545,				1.07559,				0.86619
919,		997.87610,		1044.30890,		1100.81037,				1.05410,				0.84678
920,		996.33851,		1048.57629,		1100.36374,				1.04939,				0.84643
921,		1003.48945,		1050.61704,		1109.12940,				1.05569,				0.85318
922,		1008.96254,		1052.29452,		1120.29230,				1.06462,				0.86176
923,		1006.21461,		1041.08280,		1121.62827,				1.07737,				0.86279
924,		992.80547,		1037.16465,		1102.40823,				1.06291,				0.84801
925,		990.55929,		1052.78256,		1096.63220,				1.04165,				0.84356
926,		989.01626,		1041.38229,		1098.24026,				1.05460,				0.84480
927,		1002.15654,		1045.95852,		1113.67804,				1.06474,				0.85668
928,		991.53246,		1048.39188,		1117.69496,				1.06610,				0.85977
929,		990.21746,		1051.32484,		1120.27235,				1.06558,				0.86175
930,		1001.73793,		1050.99616,		1121.33558,				1.06693,				0.86257
931,		1008.25822,		1052.53507,		1111.06653,				1.05561,				0.85467
932,		1009.52671,		1052.32002,		1107.94216,				1.05286,				0.85226
933,		1027.38585,		1053.67056,		1117.04049,				1.06014,				0.85926
934,		1020.68752,		1053.59098,		1109.59708,				1.05316,				0.85354
935,		1002.45008,		1053.38009,		1086.91018,				1.03183,				0.83608
936,		1025.71255,		1053.58292,		1114.39547,				1.05772,				0.85723
937,		1028.20497,		1053.81570,		1122.99360,				1.06565,				0.86384
938,		1023.30739,		1053.02964,		1080.38154,				1.02597,				0.83106
939,		1016.24224,		1053.03179,		1110.79821,				1.05486,				0.85446
940,		1029.59838,		1053.23778,		1123.41959,				1.06663,				0.86417
941,		1008.38678,		1059.50229,		1127.37785,				1.06406,				0.86721
942,		1024.84321,		1062.90207,		1133.93697,				1.06683,				0.87226
943,		1023.69189,		1065.02146,		1136.24324,				1.06687,				0.87403
944,		1023.00357,		1065.70934,		1134.08905,				1.06416,				0.87238
945,		1035.06447,		1065.80521,		1134.35375,				1.06432,				0.87258
946,		1043.24500,		1065.89489,		1136.81245,				1.06653,				0.87447
947,		1024.31741,		1065.49081,		1143.26058,				1.07299,				0.87943
948,		1018.00158,		1065.63169,		1124.97664,				1.05569,				0.86537
949,		1020.32018,		1066.06104,		1126.60484,				1.05679,				0.86662
950,		1020.45630,		1066.11084,		1128.96662,				1.05896,				0.86844
951,		1022.10992,		1066.07739,		1116.55670,				1.04735,				0.85889
952,		1017.43778,		1085.66958,		1136.36955,				1.04670,				0.87413
953,		1038.28940,		1074.17728,		1135.54524,				1.05713,				0.87350
954,		1036.61187,		1069.94916,		1184.93565,				1.10747,				0.91149
955,		1020.60706,		1068.19633,		1130.91652,				1.05872,				0.86994
956,		1024.19623,		1067.70351,		1136.42792,				1.06437,				0.87418
957,		1022.30916,		1067.27991,		1134.92493,				1.06338,				0.87302
958,		1006.47742,		1066.74617,		1137.99828,				1.06679,				0.87538
959,		1027.63865,		1066.50363,		1143.43424,				1.07213,				0.87956
960,		1017.89665,		1065.92394,		1149.25685,				1.07818,				0.88404
961,		1019.36480,		1066.15718,		1138.19851,				1.06757,				0.87554
962,		1043.72591,		1066.11897,		1110.58115,				1.04170,				0.85429
963,		1042.04772,		1065.85169,		1093.97416,				1.02638,				0.84152
964,		1038.15832,		1066.14386,		1132.79675,				1.06252,				0.87138
965,		1039.52818,		1065.79933,		1095.43420,				1.02781,				0.84264
966,		1024.09511,		1065.95339,		1124.12924,				1.05458,				0.86471
967,		1030.96430,		1066.23607,		1135.17539,				1.06466,				0.87321
968,		1015.77853,		1066.50111,		1133.56300,				1.06288,				0.87197
969,		1012.29126,		1066.29961,		1134.30857,				1.06378,				0.87255
970,		1023.49988,		1068.03511,		1125.62039,				1.05392,				0.86586
971,		1025.99622,		1068.20915,		1131.36113,				1.05912,				0.87028
972,		1027.72089,		1066.29376,		1135.54070,				1.06494,				0.87349
973,		1026.43092,		1067.31285,		1137.67509,				1.06592,				0.87513
974,		1019.66923,		1068.15775,		1139.49203,				1.06678,				0.87653
975,		1020.99457,		1068.17737,		1140.32223,				1.06754,				0.87717
976,		1006.68283,		1066.24488,		1122.90325,				1.05314,				0.86377
977,		1015.57306,		1062.96362,		1127.02870,				1.06027,				0.86695
978,		1008.41991,		1061.45075,		1125.13401,				1.06000,				0.86549
979,		1013.05453,		1061.55680,		1127.07785,				1.06172,				0.86698
980,		1011.63167,		1061.43561,		1131.97476,				1.06646,				0.87075
981,		1013.73672,		1061.13843,		1127.00454,				1.06207,				0.86693
982,		1016.88530,		1061.89712,		1117.18681,				1.05207,				0.85937
983,		1019.67946,		1061.59044,		1117.62523,				1.05278,				0.85971
984,		1016.54705,		1061.02849,		1108.37172,				1.04462,				0.85259
985,		1018.61926,		1060.85230,		1116.13681,				1.05211,				0.85857
986,		1001.33396,		1061.53795,		1124.50809,				1.05932,				0.86501
987,		996.76366,		1062.19473,		1117.82131,				1.05237,				0.85986
988,		1001.25054,		1062.07510,		1128.75173,				1.06278,				0.86827
989,		1018.37283,		1061.75214,		1128.56015,				1.06292,				0.86812
990,		1012.37405,		1061.11083,		1141.64357,				1.07589,				0.87819
991,		1008.89440,		1060.96453,		1139.18244,				1.07372,				0.87629
992,		1017.24519,		1061.55482,		1127.43513,				1.06206,				0.86726
993,		1027.25373,		1061.72628,		1131.53712,				1.06575,				0.87041
994,		1016.80329,		1065.70636,		1136.57652,				1.06650,				0.87429
995,		1038.95863,		1064.06395,		1116.91589,				1.04967,				0.85917
996,		1015.75825,		1063.00329,		1136.97009,				1.06958,				0.87459
997,		1041.46602,		1062.78225,		1113.50975,				1.04773,				0.85655
998,		1022.00814,		1062.04416,		1132.57525,				1.06641,				0.87121
999,		1004.10086,		1075.43693,		1185.34920,				1.10220,				0.91181
