RANDOM_SEED, 1698988063
GEN,		MIN,				AVE,				MAX,			CONV,					CONV_ACT,
  0,		774.34942,		1045.14081,		1250.10963,				1.19612,				0.96162
  1,		813.36713,		1054.67360,		1216.08542,				1.15304,				0.93545
  2,		867.33195,		1069.41855,		1227.95155,				1.14824,				0.94458
  3,		899.07420,		1069.13176,		1213.18660,				1.13474,				0.93322
  4,		918.75636,		1073.06565,		1213.59793,				1.13096,				0.93354
  5,		968.03158,		1071.42437,		1209.50206,				1.12887,				0.93039
  6,		972.19225,		1068.27073,		1183.38152,				1.10775,				0.91029
  7,		973.13087,		1068.83202,		1178.08486,				1.10222,				0.90622
  8,		1007.91357,		1077.51601,		1159.03237,				1.07565,				0.89156
  9,		1010.58498,		1074.03722,		1141.19396,				1.06253,				0.87784
 10,		1020.26730,		1069.98215,		1145.11681,				1.07022,				0.88086
 11,		1006.35372,		1069.80333,		1146.93474,				1.07210,				0.88226
 12,		1014.23196,		1069.83321,		1145.69167,				1.07091,				0.88130
 13,		1012.11048,		1069.83192,		1144.59851,				1.06989,				0.88046
 14,		979.54498,		1065.01068,		1099.94551,				1.03280,				0.84611
 15,		1012.07721,		1064.40800,		1150.64421,				1.08102,				0.88511
 16,		973.75585,		1052.26105,		1150.16470,				1.09304,				0.88474
 17,		953.77202,		1058.12954,		1153.65855,				1.09028,				0.88743
 18,		964.58820,		1064.37839,		1152.41436,				1.08271,				0.88647
 19,		1008.23845,		1065.11721,		1146.90218,				1.07678,				0.88223
 20,		1013.09424,		1065.66481,		1145.56798,				1.07498,				0.88121
 21,		1012.59759,		1080.26878,		1162.08147,				1.07573,				0.89391
 22,		1001.01479,		1072.65507,		1166.78403,				1.08775,				0.89753
 23,		1010.42342,		1082.64767,		1161.24704,				1.07260,				0.89327
 24,		1035.43697,		1079.65526,		1139.97741,				1.05587,				0.87691
 25,		1010.82232,		1075.40606,		1162.20432,				1.08071,				0.89400
 26,		1016.11727,		1079.47249,		1119.23940,				1.03684,				0.86095
 27,		1020.51884,		1071.01334,		1120.39675,				1.04611,				0.86184
 28,		1004.05124,		1071.09581,		1122.30673,				1.04781,				0.86331
 29,		1015.17172,		1067.33882,		1142.77087,				1.07067,				0.87905
 30,		1005.75416,		1065.82342,		1126.83539,				1.05724,				0.86680
 31,		1006.76701,		1072.52160,		1135.30402,				1.05854,				0.87331
 32,		1014.53756,		1080.06208,		1166.21054,				1.07976,				0.89709
 33,		1005.60786,		1070.19543,		1173.14475,				1.09620,				0.90242
 34,		1017.34996,		1066.29613,		1160.49407,				1.08834,				0.89269
 35,		1012.00587,		1065.17147,		1151.25098,				1.08081,				0.88558
 36,		1010.32296,		1062.40901,		1129.78597,				1.06342,				0.86907
 37,		1003.10282,		1063.34878,		1131.15213,				1.06376,				0.87012
 38,		1009.13302,		1072.50103,		1122.73184,				1.04684,				0.86364
 39,		1017.29254,		1079.37290,		1133.01385,				1.04970,				0.87155
 40,		1023.98862,		1085.28770,		1133.24663,				1.04419,				0.87173
 41,		1037.30371,		1083.88404,		1155.72702,				1.06628,				0.88902
 42,		1047.06698,		1087.10941,		1140.37329,				1.04900,				0.87721
 43,		1023.96708,		1084.65067,		1145.65964,				1.05625,				0.88128
 44,		1027.95238,		1084.39514,		1154.98785,				1.06510,				0.88845
 45,		1050.96244,		1088.20526,		1161.21521,				1.06709,				0.89324
 46,		1039.87531,		1087.95449,		1148.04462,				1.05523,				0.88311
 47,		1051.13208,		1090.15422,		1165.36678,				1.06899,				0.89644
 48,		1049.07527,		1093.09735,		1162.16154,				1.06318,				0.89397
 49,		1045.18844,		1092.50022,		1119.71707,				1.02491,				0.86132
 50,		1056.83652,		1091.10123,		1130.59380,				1.03620,				0.86969
 51,		1043.60896,		1090.92333,		1137.60975,				1.04280,				0.87508
 52,		1042.79628,		1091.33369,		1144.25374,				1.04849,				0.88020
 53,		1043.92339,		1091.93249,		1163.51715,				1.06556,				0.89501
 54,		1039.43770,		1092.55847,		1160.06865,				1.06179,				0.89236
 55,		1025.09486,		1087.15442,		1165.23423,				1.07182,				0.89633
 56,		1025.67993,		1088.45146,		1147.79588,				1.05452,				0.88292
 57,		1045.21315,		1090.94887,		1165.99455,				1.06879,				0.89692
 58,		1027.67298,		1091.99871,		1164.75801,				1.06663,				0.89597
 59,		1042.12903,		1092.63489,		1165.99898,				1.06714,				0.89692
 60,		1044.05589,		1092.37151,		1161.62317,				1.06340,				0.89356
 61,		1039.86505,		1092.32787,		1130.03014,				1.03452,				0.86925
 62,		1042.28347,		1092.06828,		1128.49352,				1.03335,				0.86807
 63,		1047.62658,		1092.53350,		1165.60549,				1.06688,				0.89662
 64,		1045.82541,		1093.34522,		1115.61701,				1.02037,				0.85817
 65,		1049.36524,		1093.29682,		1163.71980,				1.06441,				0.89517
 66,		1055.26030,		1093.08584,		1164.93218,				1.06573,				0.89610
 67,		1043.44846,		1092.67343,		1167.09331,				1.06811,				0.89776
 68,		1040.82977,		1090.74419,		1167.15389,				1.07005,				0.89781
 69,		1045.90177,		1089.31572,		1165.36047,				1.06981,				0.89643
 70,		1039.12653,		1088.18075,		1172.99936,				1.07795,				0.90231
 71,		1047.43290,		1090.43652,		1166.28059,				1.06955,				0.89714
 72,		1032.10594,		1090.84645,		1159.82267,				1.06323,				0.89217
 73,		1048.87582,		1090.68618,		1167.45896,				1.07039,				0.89805
 74,		1024.59052,		1091.29035,		1137.21883,				1.04209,				0.87478
 75,		1033.86438,		1089.24402,		1156.29819,				1.06156,				0.88946
 76,		1036.79203,		1090.72272,		1115.94908,				1.02313,				0.85842
 77,		1037.55599,		1089.48241,		1110.64072,				1.01942,				0.85434
 78,		1036.47020,		1091.32471,		1147.27346,				1.05127,				0.88252
 79,		1040.02746,		1091.56843,		1147.50348,				1.05124,				0.88269
 80,		999.26133,		1067.23828,		1146.78993,				1.07454,				0.88215
 81,		1033.88110,		1078.29362,		1109.92155,				1.02933,				0.85379
 82,		1033.42691,		1083.02854,		1125.30439,				1.03903,				0.86562
 83,		1034.51731,		1087.82664,		1160.64125,				1.06694,				0.89280
 84,		1038.96678,		1089.37097,		1162.51574,				1.06714,				0.89424
 85,		1005.60915,		1074.17049,		1170.04517,				1.08925,				0.90003
 86,		1002.71757,		1080.33278,		1164.44096,				1.07785,				0.89572
 87,		1001.64038,		1083.78748,		1154.91213,				1.06563,				0.88839
 88,		1021.74337,		1075.14089,		1165.01229,				1.08359,				0.89616
 89,		1016.80690,		1070.56503,		1162.46220,				1.08584,				0.89420
 90,		1025.99658,		1067.89444,		1159.29093,				1.08559,				0.89176
 91,		1019.15359,		1082.37543,		1134.84594,				1.04848,				0.87296
 92,		1016.82977,		1085.53104,		1138.69299,				1.04897,				0.87592
 93,		1032.87859,		1088.08520,		1149.18722,				1.05616,				0.88399
 94,		1028.01690,		1077.44856,		1147.06188,				1.06461,				0.88236
 95,		1023.24842,		1086.77327,		1148.68263,				1.05697,				0.88360
 96,		1040.07626,		1084.46081,		1147.69517,				1.05831,				0.88284
 97,		1042.03867,		1085.68217,		1152.76501,				1.06179,				0.88674
 98,		1027.21873,		1089.41733,		1155.84730,				1.06098,				0.88911
 99,		1026.63450,		1078.63614,		1157.58474,				1.07319,				0.89045
100,		1025.19831,		1086.88762,		1168.71012,				1.07528,				0.89901
101,		1028.42597,		1076.19692,		1174.32445,				1.09118,				0.90333
102,		981.90766,		1062.45297,		1146.18850,				1.07881,				0.88168
103,		1011.64214,		1054.34624,		1131.34545,				1.07303,				0.87027
104,		1004.18119,		1045.06055,		1098.81804,				1.05144,				0.84524
105,		1011.38952,		1046.07719,		1121.49294,				1.07209,				0.86269
106,		989.59103,		1041.11115,		1099.27839,				1.05587,				0.84560
107,		989.60161,		1035.29533,		1106.67496,				1.06895,				0.85129
108,		955.03180,		1015.08569,		1101.63850,				1.08527,				0.84741
109,		929.54597,		999.11726,		1100.30462,				1.10128,				0.84639
110,		944.90129,		994.51320,		1099.26142,				1.10533,				0.84559
111,		947.14872,		989.01517,		1056.37766,				1.06811,				0.81260
112,		936.30472,		985.04363,		1053.70879,				1.06971,				0.81055
113,		931.09224,		983.18588,		1034.95550,				1.05265,				0.79612
114,		956.74158,		984.41670,		1038.48898,				1.05493,				0.79884
115,		937.87111,		985.31265,		1047.80526,				1.06342,				0.80600
116,		933.43545,		985.08105,		1054.20111,				1.07017,				0.81092
117,		951.17214,		984.16694,		1054.34473,				1.07131,				0.81103
118,		935.00353,		984.42098,		1057.32950,				1.07406,				0.81333
119,		949.47786,		984.81550,		1055.41972,				1.07169,				0.81186
120,		934.92051,		979.02719,		1054.28510,				1.07687,				0.81099
121,		921.63966,		975.79096,		1054.11248,				1.08026,				0.81086
122,		920.51764,		973.66765,		1029.68102,				1.05753,				0.79206
123,		919.60599,		972.69036,		1030.81291,				1.05975,				0.79293
124,		919.28720,		972.12589,		1016.92589,				1.04608,				0.78225
125,		922.23408,		972.41178,		1042.92951,				1.07252,				0.80225
126,		946.63870,		975.53716,		1046.44876,				1.07269,				0.80496
127,		925.63626,		973.70029,		1039.90366,				1.06799,				0.79993
128,		919.97267,		973.46419,		1031.99589,				1.06013,				0.79384
129,		920.75054,		974.45794,		1030.15959,				1.05716,				0.79243
130,		928.72331,		977.47109,		1053.01214,				1.07728,				0.81001
131,		918.18399,		980.04285,		1074.11760,				1.09599,				0.82624
132,		941.43710,		980.54149,		1077.18606,				1.09856,				0.82860
133,		921.65982,		979.56887,		1060.68048,				1.08280,				0.81591
134,		935.26441,		978.69301,		1053.25520,				1.07619,				0.81020
135,		940.64781,		978.87409,		1047.76533,				1.07038,				0.80597
136,		931.40726,		979.22487,		1040.28079,				1.06235,				0.80022
137,		938.85717,		979.90920,		1042.02172,				1.06339,				0.80156
138,		941.95228,		979.85071,		1037.74696,				1.05909,				0.79827
139,		944.00707,		980.07916,		1041.17129,				1.06233,				0.80090
140,		946.69687,		979.84035,		1052.61760,				1.07427,				0.80971
141,		933.27245,		979.93438,		1058.31103,				1.07998,				0.81409
142,		936.16420,		978.76654,		1056.32489,				1.07924,				0.81256
143,		937.64522,		977.98429,		1055.95382,				1.07972,				0.81227
144,		938.42871,		979.17901,		1035.05129,				1.05706,				0.79619
145,		929.46879,		979.59631,		1049.57789,				1.07144,				0.80737
146,		927.62085,		979.84073,		1044.19884,				1.06568,				0.80323
147,		943.58490,		981.79416,		1048.88635,				1.06834,				0.80684
148,		938.42605,		981.89310,		1045.68519,				1.06497,				0.80437
149,		930.33052,		980.09963,		1053.77539,				1.07517,				0.81060
150,		951.83019,		979.58333,		1045.94543,				1.06775,				0.80457
151,		949.80677,		979.60238,		1050.48112,				1.07235,				0.80806
152,		945.77693,		978.13129,		1043.03154,				1.06635,				0.80233
153,		946.36329,		982.87028,		1053.77610,				1.07214,				0.81060
154,		937.83298,		979.26845,		1050.76148,				1.07301,				0.80828
155,		938.62493,		977.76423,		1024.72601,				1.04803,				0.78825
156,		944.97927,		977.47795,		1053.93633,				1.07822,				0.81072
157,		929.05664,		977.17031,		1050.56331,				1.07511,				0.80813
158,		925.13664,		976.48324,		1027.28516,				1.05203,				0.79022
159,		927.11536,		975.39800,		1045.29539,				1.07166,				0.80407
160,		924.15398,		973.86758,		1051.68281,				1.07990,				0.80899
161,		938.31974,		971.58049,		1065.37360,				1.09654,				0.81952
162,		933.80575,		971.67983,		1042.12439,				1.07250,				0.80163
163,		942.94885,		970.85301,		1046.60788,				1.07803,				0.80508
164,		915.09636,		973.58345,		1059.00398,				1.08774,				0.81462
165,		926.08456,		971.85965,		1052.96923,				1.08346,				0.80998
166,		913.01029,		972.66729,		1038.87101,				1.06806,				0.79913
167,		936.88870,		973.72197,		1032.23574,				1.06009,				0.79403
168,		927.28978,		972.31059,		1033.72127,				1.06316,				0.79517
169,		920.70133,		973.84320,		1036.82534,				1.06467,				0.79756
170,		922.40002,		974.38095,		1038.73364,				1.06604,				0.79903
171,		934.92697,		973.60660,		1034.03460,				1.06207,				0.79541
172,		930.83381,		973.00281,		1032.95502,				1.06162,				0.79458
173,		910.14189,		972.50415,		1038.72998,				1.06810,				0.79902
174,		935.20496,		972.48751,		1036.91976,				1.06626,				0.79763
175,		942.63073,		969.99846,		1034.73341,				1.06674,				0.79595
176,		916.91600,		969.01855,		1049.02170,				1.08256,				0.80694
177,		920.42010,		976.05090,		1034.20217,				1.05958,				0.79554
178,		915.15313,		974.76116,		1037.42374,				1.06429,				0.79802
179,		927.86284,		984.86354,		1061.35649,				1.07767,				0.81643
180,		924.06883,		976.50609,		1053.96723,				1.07932,				0.81074
181,		913.42606,		975.34286,		1035.51896,				1.06170,				0.79655
182,		916.73466,		972.83097,		1040.44830,				1.06951,				0.80034
183,		945.40617,		971.59944,		1043.67847,				1.07419,				0.80283
184,		907.35534,		970.12126,		1019.30210,				1.05070,				0.78408
185,		913.37112,		969.94419,		1036.07068,				1.06818,				0.79698
186,		907.32602,		968.98638,		1024.65113,				1.05745,				0.78819
187,		911.64349,		968.98912,		1020.39324,				1.05305,				0.78492
188,		934.35184,		980.39122,		1050.45691,				1.07147,				0.80804
189,		938.24137,		986.47154,		1040.75077,				1.05502,				0.80058
190,		908.61674,		989.16465,		1048.06322,				1.05954,				0.80620
191,		908.45768,		998.82473,		1061.62749,				1.06288,				0.81664
192,		909.93309,		997.18039,		1073.25911,				1.07629,				0.82558
193,		935.20027,		998.06073,		1061.86031,				1.06392,				0.81682
194,		937.27510,		997.35212,		1060.26622,				1.06308,				0.81559
195,		944.19994,		995.00793,		1061.06937,				1.06639,				0.81621
196,		940.73481,		995.21632,		1057.16300,				1.06224,				0.81320
197,		931.97741,		993.30127,		1064.73185,				1.07191,				0.81902
198,		950.66865,		995.20943,		1069.10099,				1.07425,				0.82239
199,		937.27772,		995.94391,		1066.37266,				1.07072,				0.82029
200,		941.28139,		996.69824,		1066.89083,				1.07043,				0.82069
201,		964.56093,		995.94860,		1063.88974,				1.06822,				0.81838
202,		966.09160,		995.55494,		1057.33349,				1.06205,				0.81333
203,		942.18232,		995.46795,		1066.84773,				1.07170,				0.82065
204,		943.76980,		995.54302,		1070.15614,				1.07495,				0.82320
205,		924.91147,		985.57328,		1058.26430,				1.07376,				0.81405
206,		915.94438,		990.40198,		1061.07805,				1.07136,				0.81621
207,		930.11183,		992.57493,		1060.28721,				1.06822,				0.81561
208,		930.76559,		992.87467,		1052.14475,				1.05970,				0.80934
209,		943.76597,		991.19931,		1053.01954,				1.06237,				0.81002
210,		932.62547,		990.42225,		1056.05329,				1.06627,				0.81235
211,		932.18248,		990.10884,		1056.14474,				1.06670,				0.81242
212,		935.11969,		989.55607,		1055.69233,				1.06683,				0.81207
213,		934.09424,		989.52603,		1062.61549,				1.07386,				0.81740
214,		931.68317,		991.15118,		1057.71518,				1.06716,				0.81363
215,		910.09198,		984.90992,		1046.50351,				1.06254,				0.80500
216,		925.63207,		986.16888,		1046.39957,				1.06108,				0.80492
217,		913.67744,		959.02556,		1052.47890,				1.09745,				0.80960
218,		901.26261,		976.01066,		1041.15707,				1.06675,				0.80089
219,		898.03025,		954.46869,		1043.68675,				1.09347,				0.80284
220,		896.87540,		944.33553,		1026.47253,				1.08698,				0.78959
221,		889.08190,		939.35916,		1061.30776,				1.12982,				0.81639
222,		888.73971,		935.53815,		1045.68697,				1.11774,				0.80437
223,		881.69672,		934.59176,		1045.24626,				1.11840,				0.80404
224,		896.79310,		934.72253,		1046.35272,				1.11943,				0.80489
225,		901.61851,		933.90446,		1036.66557,				1.11003,				0.79744
226,		898.12496,		934.23625,		991.13168,				1.06090,				0.76241
227,		899.47098,		933.83060,		989.07670,				1.05916,				0.76083
228,		898.26162,		933.75536,		996.68200,				1.06739,				0.76668
229,		885.76620,		934.05272,		992.44710,				1.06252,				0.76342
230,		888.93952,		933.85966,		996.32070,				1.06688,				0.76640
231,		881.83640,		933.92204,		1000.97325,				1.07180,				0.76998
232,		873.73846,		940.14677,		1005.62224,				1.06964,				0.77356
233,		871.48446,		937.23661,		1001.82392,				1.06891,				0.77063
234,		897.69915,		935.90043,		999.13316,				1.06756,				0.76856
235,		881.10196,		935.22655,		1012.37405,				1.08249,				0.77875
236,		882.92099,		934.96259,		1036.47789,				1.10858,				0.79729
237,		903.49768,		935.74893,		1038.28323,				1.10957,				0.79868
238,		896.73242,		934.31822,		996.31823,				1.06636,				0.76640
239,		864.68943,		930.79860,		992.38355,				1.06616,				0.76337
240,		862.76372,		931.09471,		984.35011,				1.05720,				0.75719
241,		871.12799,		931.50967,		999.96878,				1.07349,				0.76921
242,		873.80017,		931.86782,		1000.19485,				1.07332,				0.76938
243,		874.07445,		932.10001,		999.77591,				1.07261,				0.76906
244,		882.30318,		932.25283,		1000.56176,				1.07327,				0.76966
245,		881.38407,		933.81703,		988.91430,				1.05900,				0.76070
246,		881.50571,		932.95752,		998.16584,				1.06989,				0.76782
247,		894.48414,		934.60391,		1002.59869,				1.07275,				0.77123
248,		898.30500,		933.03357,		996.76690,				1.06831,				0.76674
249,		888.03332,		932.71984,		1003.21194,				1.07558,				0.77170
250,		875.06559,		932.07814,		995.00586,				1.06751,				0.76539
251,		876.62817,		930.91271,		998.72960,				1.07285,				0.76825
252,		886.93959,		932.36617,		1004.32598,				1.07718,				0.77256
253,		883.50850,		930.92530,		997.33741,				1.07134,				0.76718
254,		882.41007,		930.75832,		997.88421,				1.07212,				0.76760
255,		877.57155,		932.19015,		1005.29128,				1.07842,				0.77330
256,		865.29375,		931.60505,		998.45170,				1.07175,				0.76804
257,		889.80739,		932.55693,		997.24358,				1.06936,				0.76711
258,		889.98625,		946.13211,		1026.42117,				1.08486,				0.78955
259,		881.67894,		943.99369,		1031.26870,				1.09245,				0.79328
260,		890.33967,		938.75609,		1031.77364,				1.09909,				0.79367
261,		886.95083,		947.66750,		1015.96753,				1.07207,				0.78151
262,		862.84704,		938.77242,		991.35770,				1.05601,				0.76258
263,		863.14029,		951.47359,		1019.41636,				1.07141,				0.78417
264,		883.58352,		960.01613,		1050.18079,				1.09392,				0.80783
265,		910.11591,		961.62079,		1025.23527,				1.06615,				0.78864
266,		915.88119,		957.55967,		1021.52915,				1.06680,				0.78579
267,		920.31925,		964.26617,		1021.53411,				1.05939,				0.78580
268,		906.19884,		958.92801,		1023.21831,				1.06704,				0.78709
269,		908.35621,		962.64566,		1027.36600,				1.06723,				0.79028
270,		896.55456,		959.39300,		1047.65094,				1.09199,				0.80589
271,		895.79456,		959.99776,		1028.92927,				1.07180,				0.79148
272,		903.79762,		958.59572,		1027.85280,				1.07225,				0.79066
273,		901.04632,		957.11085,		1033.42092,				1.07973,				0.79494
274,		918.41483,		959.91034,		1025.13607,				1.06795,				0.78857
275,		899.74041,		957.37194,		997.30310,				1.04171,				0.76716
276,		887.92969,		956.74435,		1013.62415,				1.05945,				0.77971
277,		903.74208,		956.86961,		1008.84505,				1.05432,				0.77603
278,		906.49567,		955.92001,		985.86454,				1.03133,				0.75836
279,		918.33034,		956.20379,		1027.44787,				1.07451,				0.79034
280,		914.91355,		956.01993,		1027.36990,				1.07463,				0.79028
281,		903.66952,		956.28999,		1017.63517,				1.06415,				0.78280
282,		897.52044,		955.94779,		1008.58425,				1.05506,				0.77583
283,		895.42829,		955.89444,		1012.04123,				1.05874,				0.77849
284,		903.27338,		952.98591,		1005.73408,				1.05535,				0.77364
285,		890.63359,		947.39321,		1009.87061,				1.06595,				0.77682
286,		889.11733,		944.35348,		1011.48127,				1.07108,				0.77806
287,		887.97392,		946.56928,		1021.42641,				1.07908,				0.78571
288,		886.52920,		949.73298,		1010.55619,				1.06404,				0.77735
289,		909.57779,		951.03465,		1020.17885,				1.07270,				0.78475
290,		902.59134,		950.54060,		1019.60310,				1.07266,				0.78431
291,		889.40514,		948.32962,		1012.27697,				1.06743,				0.77867
292,		889.76127,		951.68872,		1023.08351,				1.07502,				0.78699
293,		880.52696,		945.42185,		1019.00464,				1.07783,				0.78385
294,		893.52922,		942.05052,		1023.30832,				1.08626,				0.78716
295,		878.02656,		939.57347,		978.44125,				1.04137,				0.75265
296,		893.45016,		940.39313,		1004.51118,				1.06818,				0.77270
297,		884.03694,		939.94901,		997.75000,				1.06149,				0.76750
298,		886.13241,		939.60496,		1000.94928,				1.06529,				0.76996
299,		890.78108,		942.27779,		1007.29836,				1.06900,				0.77484
300,		886.40605,		941.75088,		1005.93344,				1.06815,				0.77379
301,		890.38813,		940.36789,		993.21778,				1.05620,				0.76401
302,		889.45574,		940.55650,		999.83623,				1.06303,				0.76910
303,		888.43833,		940.07141,		1001.31026,				1.06514,				0.77024
304,		888.92112,		939.70593,		1002.80645,				1.06715,				0.77139
305,		890.79848,		939.68478,		1009.42861,				1.07422,				0.77648
306,		899.02151,		940.67062,		1008.48167,				1.07209,				0.77576
307,		901.06528,		940.73185,		1008.68631,				1.07224,				0.77591
308,		880.15320,		940.15130,		1011.42654,				1.07581,				0.77802
309,		889.62536,		940.26966,		1003.81088,				1.06758,				0.77216
310,		888.58168,		940.10113,		1000.58866,				1.06434,				0.76968
311,		883.13391,		939.04939,		986.22916,				1.05024,				0.75864
312,		886.32624,		939.84551,		1002.33581,				1.06649,				0.77103
313,		890.11271,		940.06269,		1001.97831,				1.06586,				0.77075
314,		869.71100,		939.72657,		990.76793,				1.05432,				0.76213
315,		892.15298,		940.11492,		991.78778,				1.05496,				0.76291
316,		897.57556,		940.12065,		1005.13070,				1.06915,				0.77318
317,		902.26209,		939.85776,		1006.30685,				1.07070,				0.77408
318,		879.64018,		934.42943,		1002.92593,				1.07330,				0.77148
319,		899.57262,		937.03460,		1000.88619,				1.06814,				0.76991
320,		891.82893,		938.25473,		987.09052,				1.05205,				0.75930
321,		894.51490,		941.93495,		977.43966,				1.03769,				0.75188
322,		901.59461,		939.70620,		989.44203,				1.05293,				0.76111
323,		895.42408,		939.84381,		997.63106,				1.06149,				0.76741
324,		909.55871,		941.51672,		1004.52526,				1.06692,				0.77271
325,		899.18249,		938.94546,		1002.13345,				1.06730,				0.77087
326,		874.53625,		939.27588,		1003.33878,				1.06820,				0.77180
327,		885.71319,		937.66385,		1017.53283,				1.08518,				0.78272
328,		898.93529,		938.50289,		995.28574,				1.06050,				0.76560
329,		902.08396,		939.01126,		970.55635,				1.03359,				0.74658
330,		894.95438,		939.82932,		987.79839,				1.05104,				0.75984
331,		893.00690,		939.92968,		981.20219,				1.04391,				0.75477
332,		901.10362,		940.03687,		981.75843,				1.04438,				0.75520
333,		893.78462,		940.15632,		1012.35101,				1.07679,				0.77873
334,		892.35050,		940.72563,		997.23706,				1.06007,				0.76711
335,		888.01108,		940.44450,		992.54216,				1.05540,				0.76349
336,		889.42692,		942.25906,		1001.31309,				1.06267,				0.77024
337,		886.85497,		941.50250,		995.08471,				1.05691,				0.76545
338,		916.57204,		953.93898,		997.70802,				1.04588,				0.76747
339,		908.84461,		954.26464,		1037.56666,				1.08729,				0.79813
340,		902.57000,		963.78714,		1025.56141,				1.06410,				0.78889
341,		903.90685,		965.89533,		1025.78520,				1.06200,				0.78907
342,		892.48878,		953.05163,		1022.28120,				1.07264,				0.78637
343,		903.13548,		959.80330,		1031.30410,				1.07450,				0.79331
344,		890.25634,		950.69228,		1017.50085,				1.07027,				0.78269
345,		893.86257,		959.76802,		1027.70895,				1.07079,				0.79055
346,		874.19262,		951.71357,		1030.87056,				1.08317,				0.79298
347,		894.43208,		945.58109,		1031.70065,				1.09108,				0.79362
348,		868.97008,		940.68647,		1006.32070,				1.06977,				0.77409
349,		855.25745,		917.49611,		1010.31454,				1.10116,				0.77717
350,		860.60389,		929.49315,		1011.00719,				1.08770,				0.77770
351,		858.65914,		928.00749,		1004.93320,				1.08289,				0.77303
352,		857.44584,		932.93741,		1000.24037,				1.07214,				0.76942
353,		858.69386,		938.97990,		1005.35804,				1.07069,				0.77335
354,		859.87496,		940.12957,		1014.94657,				1.07958,				0.78073
355,		864.85106,		939.05831,		1005.48595,				1.07074,				0.77345
356,		827.75842,		948.74093,		1057.81458,				1.11497,				0.81370
357,		887.64756,		951.25039,		997.84935,				1.04899,				0.76758
358,		894.35409,		947.16839,		990.11297,				1.04534,				0.76163
359,		894.85277,		952.62146,		1014.51505,				1.06497,				0.78040
360,		904.20193,		953.92626,		1016.25332,				1.06534,				0.78173
361,		895.16092,		969.01948,		1039.42996,				1.07266,				0.79956
362,		899.96416,		955.79575,		1013.57199,				1.06045,				0.77967
363,		886.86693,		958.97048,		1019.70787,				1.06334,				0.78439
364,		889.36800,		957.06210,		1005.81608,				1.05094,				0.77370
365,		894.23251,		961.08081,		1036.76299,				1.07875,				0.79751
366,		894.93928,		959.72273,		1020.41022,				1.06323,				0.78493
367,		917.18994,		965.33839,		1036.21259,				1.07342,				0.79709
368,		921.20245,		960.12759,		1007.55039,				1.04939,				0.77504
369,		900.38153,		959.01156,		1000.21163,				1.04296,				0.76939
370,		922.29792,		958.78508,		992.03690,				1.03468,				0.76311
371,		901.34464,		954.72259,		1015.01959,				1.06316,				0.78078
372,		908.16892,		956.87416,		1024.59926,				1.07078,				0.78815
373,		902.51693,		962.35869,		1015.46967,				1.05519,				0.78113
374,		898.26667,		954.92860,		1035.75171,				1.08464,				0.79673
375,		903.14562,		945.10445,		1025.97562,				1.08557,				0.78921
376,		890.61797,		943.97627,		1032.93080,				1.09423,				0.79456
377,		883.40089,		941.30942,		1044.88900,				1.11004,				0.80376
378,		888.56720,		939.77432,		1043.31151,				1.11017,				0.80255
379,		888.53458,		936.27647,		990.32639,				1.05773,				0.76179
380,		886.97697,		936.10496,		995.43077,				1.06338,				0.76572
381,		888.19745,		936.42328,		988.13585,				1.05522,				0.76010
382,		893.92963,		937.48171,		1010.09949,				1.07746,				0.77700
383,		881.78837,		938.32535,		1010.73360,				1.07717,				0.77749
384,		886.83541,		939.55821,		1019.05628,				1.08461,				0.78389
385,		884.01069,		939.65475,		1016.12799,				1.08138,				0.78164
386,		875.10645,		939.82956,		1010.44934,				1.07514,				0.77727
387,		881.95271,		940.15373,		1011.64941,				1.07605,				0.77819
388,		900.38481,		940.24745,		991.19560,				1.05419,				0.76246
389,		899.48623,		940.46476,		986.22227,				1.04865,				0.75863
390,		897.33776,		939.95012,		993.93204,				1.05743,				0.76456
391,		898.78328,		938.90047,		989.62146,				1.05402,				0.76125
392,		872.69670,		930.24800,		991.84689,				1.06622,				0.76296
393,		884.60209,		930.22258,		994.63939,				1.06925,				0.76511
394,		879.75214,		926.07599,		992.45374,				1.07168,				0.76343
395,		888.70978,		941.55715,		1028.32601,				1.09215,				0.79102
396,		900.41946,		948.21611,		1015.69757,				1.07117,				0.78131
397,		900.97289,		942.12865,		1012.90769,				1.07513,				0.77916
398,		900.58762,		938.80063,		997.56951,				1.06260,				0.76736
399,		883.43130,		937.29978,		980.76020,				1.04637,				0.75443
400,		896.26780,		936.15330,		978.43942,				1.04517,				0.75265
401,		897.06236,		935.30933,		994.36422,				1.06314,				0.76490
402,		895.21187,		933.86789,		985.45308,				1.05524,				0.75804
403,		899.97290,		934.79764,		992.43422,				1.06166,				0.76341
404,		892.48825,		934.17590,		993.80363,				1.06383,				0.76446
405,		896.79279,		933.94398,		987.92707,				1.05780,				0.75994
406,		865.48695,		933.50383,		988.23151,				1.05863,				0.76018
407,		864.24752,		934.15232,		988.86296,				1.05857,				0.76066
408,		891.67105,		934.64347,		986.85049,				1.05586,				0.75912
409,		894.95315,		934.19752,		990.69837,				1.06048,				0.76208
410,		896.16458,		933.99670,		990.17431,				1.06015,				0.76167
411,		877.30398,		933.25752,		991.55402,				1.06247,				0.76273
412,		878.79410,		933.07299,		994.91776,				1.06628,				0.76532
413,		876.52749,		932.12940,		993.32479,				1.06565,				0.76410
414,		884.13506,		931.99524,		989.91681,				1.06215,				0.76147
415,		868.46204,		932.37576,		990.12590,				1.06194,				0.76164
416,		889.85089,		932.84989,		986.76224,				1.05779,				0.75905
417,		886.12128,		933.64179,		992.21122,				1.06273,				0.76324
418,		887.94246,		933.51430,		985.47247,				1.05566,				0.75806
419,		891.20717,		933.27516,		982.44241,				1.05268,				0.75572
420,		889.76644,		932.23911,		980.36566,				1.05162,				0.75413
421,		893.83656,		931.84972,		994.34433,				1.06707,				0.76488
422,		888.00217,		931.98562,		980.48897,				1.05204,				0.75422
423,		887.73647,		935.80816,		988.22729,				1.05601,				0.76017
424,		891.69399,		933.82993,		989.95025,				1.06010,				0.76150
425,		869.79042,		923.20012,		984.20747,				1.06608,				0.75708
426,		879.55345,		915.51002,		982.33667,				1.07299,				0.75564
427,		858.50101,		911.61024,		969.86918,				1.06391,				0.74605
428,		844.47039,		906.38273,		988.87385,				1.09101,				0.76067
429,		872.26938,		907.22675,		974.16907,				1.07379,				0.74936
430,		856.28756,		906.18627,		969.17476,				1.06951,				0.74552
431,		868.01760,		904.78067,		969.85386,				1.07192,				0.74604
432,		844.81937,		902.06926,		975.41008,				1.08130,				0.75032
433,		845.58953,		901.07875,		977.75044,				1.08509,				0.75212
434,		849.15381,		903.41932,		973.93829,				1.07806,				0.74918
435,		855.12817,		908.48798,		979.65168,				1.07833,				0.75358
436,		829.01089,		896.58412,		988.20666,				1.10219,				0.76016
437,		832.08364,		905.09167,		975.35000,				1.07763,				0.75027
438,		828.99992,		898.21809,		955.65731,				1.06395,				0.73512
439,		829.51784,		891.99645,		967.97756,				1.08518,				0.74460
440,		847.44657,		889.03566,		959.99165,				1.07981,				0.73846
441,		834.99418,		884.00177,		955.31687,				1.08067,				0.73486
442,		845.63861,		888.19602,		951.41893,				1.07118,				0.73186
443,		844.14229,		890.37241,		934.49791,				1.04956,				0.71884
444,		859.04045,		896.09953,		954.68545,				1.06538,				0.73437
445,		846.23488,		889.71474,		936.68219,				1.05279,				0.72052
446,		849.79954,		889.96806,		953.71978,				1.07163,				0.73363
447,		838.33724,		888.77348,		954.95866,				1.07447,				0.73458
448,		848.90111,		889.63331,		946.76972,				1.06422,				0.72828
449,		850.12291,		891.14822,		949.10247,				1.06503,				0.73008
450,		841.37643,		891.52827,		940.66085,				1.05511,				0.72359
451,		838.73064,		891.08639,		951.93684,				1.06829,				0.73226
452,		842.35020,		887.71467,		945.77587,				1.06541,				0.72752
453,		832.24325,		875.57470,		935.06659,				1.06795,				0.71928
454,		840.78125,		883.89788,		945.42538,				1.06961,				0.72725
455,		832.94592,		889.60926,		970.00241,				1.09037,				0.74616
456,		802.91692,		877.89499,		997.06089,				1.13574,				0.76697
457,		818.47277,		884.58951,		988.80614,				1.11781,				0.76062
458,		825.76728,		889.20533,		951.42560,				1.06997,				0.73187
459,		830.60484,		887.40701,		953.94364,				1.07498,				0.73380
460,		828.06429,		891.32295,		956.77039,				1.07343,				0.73598
461,		833.82476,		891.23588,		960.44932,				1.07766,				0.73881
462,		852.40155,		890.93816,		960.10399,				1.07763,				0.73854
463,		824.55504,		887.96754,		944.22158,				1.06335,				0.72632
464,		851.77879,		889.38553,		944.56564,				1.06204,				0.72659
465,		811.61800,		886.97243,		953.89499,				1.07545,				0.73377
466,		838.90237,		888.63604,		951.93738,				1.07123,				0.73226
467,		826.78396,		873.48040,		952.08645,				1.08999,				0.73237
468,		838.98750,		882.90063,		955.21006,				1.08190,				0.73478
469,		824.51262,		871.45849,		950.43574,				1.09063,				0.73110
470,		823.66384,		881.53445,		947.42096,				1.07474,				0.72879
471,		825.26658,		886.43388,		958.93547,				1.08179,				0.73764
472,		823.66379,		888.42483,		951.74096,				1.07127,				0.73211
473,		839.66500,		889.89484,		951.65555,				1.06940,				0.73204
474,		847.23842,		891.55405,		958.41402,				1.07499,				0.73724
475,		845.12846,		895.34741,		956.47398,				1.06827,				0.73575
476,		852.13826,		892.58972,		954.82447,				1.06972,				0.73448
477,		847.09838,		891.98515,		964.77107,				1.08160,				0.74213
478,		851.10374,		891.05169,		954.52424,				1.07123,				0.73425
479,		848.13750,		893.84966,		952.03790,				1.06510,				0.73234
480,		849.22073,		893.18941,		968.11272,				1.08388,				0.74470
481,		854.83443,		892.43177,		960.40320,				1.07616,				0.73877
482,		852.72955,		893.52611,		950.32585,				1.06357,				0.73102
483,		847.06310,		891.15868,		945.70318,				1.06121,				0.72746
484,		850.87315,		890.68800,		952.37994,				1.06926,				0.73260
485,		848.73059,		890.52759,		953.32167,				1.07051,				0.73332
486,		852.65116,		891.71314,		955.86449,				1.07194,				0.73528
487,		852.40946,		892.15233,		952.00635,				1.06709,				0.73231
488,		845.21039,		891.54720,		965.30567,				1.08273,				0.74254
489,		848.92080,		890.61232,		969.24926,				1.08830,				0.74558
490,		848.08526,		891.28978,		963.81288,				1.08137,				0.74139
491,		850.53421,		890.80451,		942.61236,				1.05816,				0.72509
492,		845.03077,		891.72591,		956.17029,				1.07227,				0.73552
493,		852.29848,		897.24470,		955.25000,				1.06465,				0.73481
494,		844.66997,		892.91483,		964.93191,				1.08065,				0.74226
495,		844.64670,		890.20681,		960.90288,				1.07942,				0.73916
496,		846.64977,		891.65047,		951.91911,				1.06759,				0.73225
497,		848.78836,		890.20971,		953.31007,				1.07088,				0.73332
498,		850.93949,		889.48619,		946.24863,				1.06381,				0.72788
499,		854.44352,		889.84623,		955.95662,				1.07429,				0.73535
500,		851.10228,		889.08416,		957.51373,				1.07697,				0.73655
501,		852.40846,		889.59977,		968.41001,				1.08859,				0.74493
502,		852.08312,		890.31360,		993.66892,				1.11609,				0.76436
503,		848.77871,		894.80497,		961.65176,				1.07471,				0.73973
504,		830.36724,		892.35560,		948.09704,				1.06247,				0.72931
505,		849.71990,		891.33987,		944.19813,				1.05930,				0.72631
506,		851.63589,		890.43958,		941.52808,				1.05737,				0.72425
507,		844.82058,		892.37748,		955.63522,				1.07089,				0.73510
508,		833.78792,		893.98980,		957.82613,				1.07141,				0.73679
509,		845.61298,		891.81108,		965.92243,				1.08310,				0.74302
510,		849.53070,		890.56964,		963.17802,				1.08153,				0.74091
511,		843.40060,		890.45609,		942.97875,				1.05898,				0.72537
512,		849.62874,		890.34603,		946.89820,				1.06352,				0.72838
513,		839.95770,		890.32838,		946.32211,				1.06289,				0.72794
514,		833.12097,		890.60890,		950.32249,				1.06705,				0.73102
515,		832.16279,		890.09320,		952.89759,				1.07056,				0.73300
516,		853.78645,		890.17612,		949.88466,				1.06707,				0.73068
517,		856.17441,		891.11448,		976.55870,				1.09588,				0.75120
518,		849.68839,		890.85025,		954.18230,				1.07109,				0.73399
519,		852.20308,		890.87508,		949.79444,				1.06614,				0.73061
520,		844.23499,		891.01255,		958.57096,				1.07582,				0.73736
521,		847.14303,		887.98218,		946.71508,				1.06614,				0.72824
522,		855.06060,		891.49334,		961.88448,				1.07896,				0.73991
523,		854.82217,		905.44193,		978.61158,				1.08081,				0.75278
524,		832.08111,		902.66710,		979.81180,				1.08546,				0.75370
525,		851.92532,		902.60165,		981.10961,				1.08698,				0.75470
526,		846.19845,		898.64800,		970.47563,				1.07993,				0.74652
527,		853.56926,		897.18191,		972.17731,				1.08359,				0.74783
528,		860.77971,		905.06010,		989.96995,				1.09382,				0.76152
529,		855.96929,		925.69397,		1058.37775,				1.14333,				0.81414
530,		865.16912,		937.24711,		1059.66137,				1.13061,				0.81512
531,		866.59493,		931.93781,		1042.18276,				1.11830,				0.80168
532,		872.05277,		938.54141,		1049.09452,				1.11779,				0.80700
533,		886.71864,		942.31826,		1062.14048,				1.12716,				0.81703
534,		878.28754,		944.77326,		1008.83871,				1.06781,				0.77603
535,		880.21353,		939.57660,		1005.30642,				1.06996,				0.77331
536,		886.92644,		943.64777,		1008.97193,				1.06923,				0.77613
537,		877.33357,		944.27727,		1002.48475,				1.06164,				0.77114
538,		890.75989,		944.99651,		990.65757,				1.04832,				0.76204
539,		897.74805,		945.48437,		1006.31260,				1.06434,				0.77409
540,		902.06680,		944.71570,		1011.59563,				1.07079,				0.77815
541,		899.93509,		944.87104,		1006.22572,				1.06493,				0.77402
542,		900.25071,		944.79308,		1003.96509,				1.06263,				0.77228
543,		900.04383,		944.04711,		1005.36443,				1.06495,				0.77336
544,		902.53272,		943.07433,		998.33956,				1.05860,				0.76795
545,		894.89581,		943.10651,		1004.94822,				1.06557,				0.77304
546,		889.98730,		955.11754,		1017.32727,				1.06513,				0.78256
547,		893.29281,		948.96316,		1014.79635,				1.06937,				0.78061
548,		888.61965,		945.33171,		1024.18121,				1.08341,				0.78783
549,		905.58316,		943.69196,		1004.59722,				1.06454,				0.77277
550,		901.09028,		942.76682,		1004.04972,				1.06500,				0.77235
551,		907.99880,		943.03803,		1008.41723,				1.06933,				0.77571
552,		897.67630,		942.81222,		1002.33928,				1.06314,				0.77103
553,		901.18817,		944.82159,		1004.19401,				1.06284,				0.77246
554,		891.53283,		937.35588,		1008.08730,				1.07546,				0.77545
555,		881.81809,		934.03566,		1009.13799,				1.08041,				0.77626
556,		885.50287,		953.45012,		1022.18350,				1.07209,				0.78629
557,		887.14604,		963.28015,		1029.27485,				1.06851,				0.79175
558,		902.37640,		970.42643,		1046.42116,				1.07831,				0.80494
559,		901.87838,		972.40358,		1037.63611,				1.06708,				0.79818
560,		902.99225,		973.20693,		1042.04016,				1.07073,				0.80157
561,		902.73448,		973.41170,		1032.63087,				1.06084,				0.79433
562,		880.52945,		999.82662,		1088.87898,				1.08907,				0.83760
563,		901.86137,		1012.64510,		1065.98575,				1.05267,				0.81999
564,		910.91904,		991.15914,		1067.24189,				1.07676,				0.82096
565,		908.07394,		981.36258,		1047.70726,				1.06760,				0.80593
566,		926.93796,		975.74532,		1049.85159,				1.07595,				0.80758
567,		925.31259,		977.85902,		1046.79507,				1.07050,				0.80523
568,		934.00393,		999.97939,		1083.55515,				1.08358,				0.83350
569,		922.80978,		997.81492,		1084.23800,				1.08661,				0.83403
570,		918.78128,		982.29324,		1068.59540,				1.08786,				0.82200
571,		918.89696,		976.34166,		1047.19076,				1.07257,				0.80553
572,		927.69049,		978.26084,		1044.82893,				1.06805,				0.80371
573,		937.20717,		1001.28118,		1083.02534,				1.08164,				0.83310
574,		918.80158,		987.01602,		1054.78263,				1.06866,				0.81137
575,		904.43821,		986.25127,		1067.71457,				1.08260,				0.82132
576,		895.10573,		980.78329,		1077.31385,				1.09842,				0.82870
577,		919.62612,		978.11186,		1061.25656,				1.08501,				0.81635
578,		913.65768,		976.15950,		1064.19904,				1.09019,				0.81861
579,		919.48789,		975.08919,		1034.74961,				1.06118,				0.79596
580,		917.20162,		973.80940,		1037.93321,				1.06585,				0.79841
581,		916.82375,		974.57370,		1032.43149,				1.05937,				0.79418
582,		928.12040,		981.46975,		1056.67658,				1.07663,				0.81283
583,		920.30892,		977.89468,		1023.55089,				1.04669,				0.78735
584,		931.09138,		990.96143,		1070.56811,				1.08033,				0.82351
585,		929.03878,		1000.57016,		1085.38910,				1.08477,				0.83491
586,		923.64163,		995.07398,		1061.58163,				1.06684,				0.81660
587,		924.09668,		993.07589,		1064.30050,				1.07172,				0.81869
588,		926.65647,		1026.28298,		1105.91094,				1.07759,				0.85070
589,		925.52828,		1012.46962,		1104.62995,				1.09103,				0.84972
590,		931.67570,		997.25816,		1097.69341,				1.10071,				0.84438
591,		929.91108,		996.04414,		1110.84919,				1.11526,				0.85450
592,		925.39966,		999.27127,		1091.23618,				1.09203,				0.83941
593,		914.71157,		999.28370,		1087.43854,				1.08822,				0.83649
594,		920.91918,		999.12128,		1093.03625,				1.09400,				0.84080
595,		942.91859,		999.18134,		1063.21828,				1.06409,				0.81786
596,		950.32050,		998.40786,		1061.06153,				1.06275,				0.81620
597,		946.60515,		999.13841,		1057.57858,				1.05849,				0.81352
598,		942.57328,		999.39681,		1049.67587,				1.05031,				0.80744
599,		943.11726,		999.74094,		1061.39777,				1.06167,				0.81646
600,		946.74339,		1007.73249,		1081.55277,				1.07325,				0.83196
601,		949.97096,		1003.68372,		1047.27818,				1.04343,				0.80560
602,		954.72706,		1001.91153,		1071.42270,				1.06938,				0.82417
603,		952.02780,		1000.49034,		1067.78562,				1.06726,				0.82137
604,		941.47822,		999.01797,		1051.49955,				1.05253,				0.80885
605,		943.41869,		999.20452,		1057.48724,				1.05833,				0.81345
606,		951.68774,		999.47149,		1040.84259,				1.04139,				0.80065
607,		944.75378,		999.28593,		1055.13842,				1.05589,				0.81164
608,		948.58157,		998.58598,		1057.99717,				1.05950,				0.81384
609,		954.91353,		999.43206,		1060.94740,				1.06155,				0.81611
610,		932.00701,		998.39622,		1057.12070,				1.05882,				0.81317
611,		931.70351,		1002.03820,		1064.95113,				1.06278,				0.81919
612,		949.96102,		999.58781,		1056.60244,				1.05704,				0.81277
613,		951.43568,		999.59290,		1055.42910,				1.05586,				0.81187
614,		947.35988,		1003.04205,		1057.07648,				1.05387,				0.81314
615,		937.68834,		999.51996,		1040.78106,				1.04128,				0.80060
616,		955.75307,		1004.81337,		1054.02473,				1.04898,				0.81079
617,		951.69618,		1005.28752,		1065.18631,				1.05958,				0.81937
618,		956.83834,		1001.35826,		1066.07649,				1.06463,				0.82006
619,		955.72200,		1009.76122,		1069.84081,				1.05950,				0.82295
620,		948.22156,		1013.33985,		1060.25064,				1.04629,				0.81558
621,		966.29098,		1015.78864,		1066.06715,				1.04950,				0.82005
622,		956.19626,		1007.28693,		1071.12009,				1.06337,				0.82394
623,		967.75186,		1013.32909,		1069.54673,				1.05548,				0.82273
624,		968.79317,		1016.00434,		1069.82493,				1.05297,				0.82294
625,		951.16246,		1014.17159,		1066.15982,				1.05126,				0.82012
626,		953.75414,		1017.14663,		1064.96420,				1.04701,				0.81920
627,		947.97759,		1014.72721,		1064.40303,				1.04895,				0.81877
628,		968.40180,		1017.60458,		1076.77341,				1.05815,				0.82829
629,		963.90394,		1016.06035,		1091.62050,				1.07437,				0.83971
630,		962.08698,		1005.20940,		1072.91771,				1.06736,				0.82532
631,		951.49892,		1010.10966,		1075.13314,				1.06437,				0.82703
632,		916.91447,		1001.68043,		1054.31398,				1.05255,				0.81101
633,		945.41087,		998.41923,		1055.99674,				1.05767,				0.81231
634,		931.45876,		996.59596,		1059.73756,				1.06336,				0.81518
635,		939.69233,		1008.68643,		1062.25554,				1.05311,				0.81712
636,		943.46070,		1003.47687,		1075.25750,				1.07153,				0.82712
637,		931.68392,		998.42034,		1056.94384,				1.05862,				0.81303
638,		945.49550,		1000.71406,		1062.16542,				1.06141,				0.81705
639,		901.41835,		1012.43340,		1077.19782,				1.06397,				0.82861
640,		956.06558,		1016.71783,		1071.15217,				1.05354,				0.82396
641,		962.76108,		1014.53182,		1075.47471,				1.06007,				0.82729
642,		969.80489,		1018.67989,		1102.61315,				1.08239,				0.84816
643,		942.93369,		1005.99380,		1042.99503,				1.03678,				0.80230
644,		949.02565,		1015.10601,		1082.12989,				1.06603,				0.83241
645,		946.01391,		1004.59155,		1042.69687,				1.03793,				0.80207
646,		966.29562,		1010.05978,		1047.55512,				1.03712,				0.80581
647,		939.51782,		1001.03815,		1053.28534,				1.05219,				0.81022
648,		933.53071,		997.85385,		1058.83287,				1.06111,				0.81449
649,		936.88328,		995.44579,		1041.82947,				1.04660,				0.80141
650,		951.43962,		996.13862,		1041.41216,				1.04545,				0.80109
651,		940.42659,		994.21443,		1054.60425,				1.06074,				0.81123
652,		941.54569,		993.96879,		1068.09159,				1.07457,				0.82161
653,		940.04938,		995.04301,		1056.37305,				1.06164,				0.81259
654,		944.35527,		995.52683,		1051.81320,				1.05654,				0.80909
655,		946.14807,		1022.05055,		1107.93476,				1.08403,				0.85226
656,		951.71512,		1009.11964,		1065.62493,				1.05599,				0.81971
657,		950.03254,		1011.51455,		1078.91409,				1.06663,				0.82993
658,		949.99767,		1017.96213,		1100.13058,				1.08072,				0.84625
659,		952.32511,		1010.96485,		1109.99120,				1.09795,				0.85384
660,		964.95698,		1014.45611,		1080.98658,				1.06558,				0.83153
661,		968.45818,		1016.11305,		1080.34252,				1.06321,				0.83103
662,		965.06092,		1016.65347,		1081.26585,				1.06355,				0.83174
663,		978.15575,		1024.80980,		1091.40038,				1.06498,				0.83954
664,		973.55127,		1020.91580,		1081.62116,				1.05946,				0.83202
665,		961.07379,		1019.58817,		1079.00552,				1.05828,				0.83000
666,		965.95879,		1017.60785,		1104.86884,				1.08575,				0.84990
667,		960.68515,		1016.17234,		1099.74058,				1.08224,				0.84595
668,		952.01240,		1016.30490,		1101.08102,				1.08342,				0.84699
669,		957.41418,		1014.99440,		1102.14173,				1.08586,				0.84780
670,		960.46631,		1014.13547,		1076.13307,				1.06113,				0.82779
671,		971.43767,		1015.03548,		1077.85027,				1.06188,				0.82912
672,		957.03852,		1014.37000,		1063.06428,				1.04800,				0.81774
673,		958.77582,		1014.18814,		1065.51083,				1.05060,				0.81962
674,		955.05028,		1013.68722,		1072.79359,				1.05831,				0.82523
675,		959.54216,		1012.17937,		1073.05906,				1.06015,				0.82543
676,		954.84851,		1010.96418,		1074.85168,				1.06319,				0.82681
677,		960.45495,		1012.57893,		1055.34895,				1.04224,				0.81181
678,		963.14153,		1012.11038,		1072.78624,				1.05995,				0.82522
679,		964.23347,		1011.19711,		1058.86704,				1.04714,				0.81451
680,		953.92406,		1013.05082,		1096.30334,				1.08218,				0.84331
681,		952.10699,		1012.15175,		1074.22690,				1.06133,				0.82633
682,		966.10207,		1011.40595,		1072.98930,				1.06089,				0.82538
683,		956.18130,		1012.82016,		1070.56433,				1.05701,				0.82351
684,		968.61907,		1015.53167,		1060.14649,				1.04393,				0.81550
685,		961.31744,		1014.99765,		1059.18808,				1.04354,				0.81476
686,		955.86624,		1014.06054,		1074.67775,				1.05978,				0.82668
687,		955.93885,		1013.99773,		1076.73008,				1.06187,				0.82825
688,		953.08312,		1013.53689,		1041.31085,				1.02740,				0.80101
689,		942.40271,		1021.00981,		1076.35454,				1.05421,				0.82797
690,		945.76341,		1024.70739,		1061.47594,				1.03588,				0.81652
691,		965.62994,		1028.82009,		1096.10693,				1.06540,				0.84316
692,		976.17565,		1029.44755,		1100.72228,				1.06924,				0.84671
693,		973.96205,		1031.19044,		1106.04216,				1.07259,				0.85080
694,		968.14899,		1029.77826,		1090.69539,				1.05916,				0.83900
695,		970.20886,		1029.51190,		1084.77343,				1.05368,				0.83444
696,		976.21832,		1031.04196,		1075.68697,				1.04330,				0.82745
697,		968.49890,		1029.91702,		1089.21656,				1.05758,				0.83786
698,		965.57240,		1031.16825,		1081.80878,				1.04911,				0.83216
699,		977.77913,		1032.49345,		1097.12077,				1.06259,				0.84394
700,		964.40440,		1032.92942,		1095.34656,				1.06043,				0.84257
701,		970.11733,		1032.64830,		1098.48354,				1.06375,				0.84499
702,		969.05953,		1031.37932,		1094.84409,				1.06153,				0.84219
703,		981.39580,		1032.36275,		1095.78299,				1.06143,				0.84291
704,		979.06653,		1031.56135,		1101.80562,				1.06810,				0.84754
705,		973.20482,		1032.39301,		1088.39881,				1.05425,				0.83723
706,		992.09031,		1033.72942,		1094.19720,				1.05849,				0.84169
707,		987.39890,		1034.95058,		1096.98608,				1.05994,				0.84384
708,		1001.28144,		1034.05007,		1091.08032,				1.05515,				0.83929
709,		998.31065,		1047.36438,		1118.68406,				1.06809,				0.86053
710,		982.80414,		1054.34461,		1114.34933,				1.05691,				0.85719
711,		980.51237,		1058.25353,		1119.47327,				1.05785,				0.86113
712,		998.17062,		1058.66633,		1118.12726,				1.05617,				0.86010
713,		1001.40975,		1059.31151,		1123.12780,				1.06024,				0.86394
714,		1002.91751,		1059.92159,		1119.86159,				1.05655,				0.86143
715,		1003.71021,		1060.00881,		1119.96545,				1.05656,				0.86151
716,		998.31290,		1060.34175,		1125.75677,				1.06169,				0.86597
717,		1002.75389,		1059.64569,		1120.92355,				1.05783,				0.86225
718,		1005.25641,		1059.67294,		1119.12885,				1.05611,				0.86087
719,		1000.58965,		1063.34519,		1118.41923,				1.05179,				0.86032
720,		1012.47523,		1065.43978,		1128.16239,				1.05887,				0.86782
721,		1014.73018,		1066.21168,		1124.12811,				1.05432,				0.86471
722,		1016.79141,		1067.15951,		1131.83834,				1.06061,				0.87064
723,		1009.41856,		1064.57180,		1124.09429,				1.05591,				0.86469
724,		1008.68831,		1063.82148,		1125.06492,				1.05757,				0.86543
725,		1010.19096,		1061.84971,		1121.59917,				1.05627,				0.86277
726,		996.06211,		1055.02376,		1120.77846,				1.06233,				0.86214
727,		996.06439,		1054.50473,		1121.76661,				1.06379,				0.86290
728,		1000.21275,		1055.16400,		1108.07311,				1.05014,				0.85236
729,		994.47992,		1053.42184,		1097.89042,				1.04221,				0.84453
730,		985.22081,		1047.75105,		1103.99265,				1.05368,				0.84923
731,		987.98244,		1047.77983,		1098.72422,				1.04862,				0.84517
732,		990.85439,		1047.18397,		1103.65783,				1.05393,				0.84897
733,		986.51459,		1046.54683,		1105.91506,				1.05673,				0.85070
734,		985.14216,		1049.37550,		1105.41670,				1.05340,				0.85032
735,		997.19134,		1050.61980,		1112.06808,				1.05849,				0.85544
736,		982.52070,		1049.72704,		1112.66429,				1.05996,				0.85590
737,		987.91503,		1050.86285,		1124.05903,				1.06965,				0.86466
738,		991.12101,		1051.46138,		1109.21685,				1.05493,				0.85324
739,		1006.43836,		1050.20709,		1110.58976,				1.05750,				0.85430
740,		1010.84126,		1050.95781,		1110.04267,				1.05622,				0.85388
741,		989.20974,		1048.99441,		1105.51262,				1.05388,				0.85039
742,		989.03536,		1050.27308,		1093.51623,				1.04117,				0.84117
743,		994.75065,		1047.72293,		1070.02347,				1.02128,				0.82309
744,		997.97201,		1045.94509,		1068.16524,				1.02124,				0.82167
745,		992.51037,		1045.82287,		1116.15492,				1.06725,				0.85858
746,		989.57209,		1047.95326,		1108.23833,				1.05753,				0.85249
747,		997.01079,		1049.98221,		1124.87904,				1.07133,				0.86529
748,		993.08780,		1050.42575,		1127.12608,				1.07302,				0.86702
749,		987.14437,		1049.90683,		1125.01464,				1.07154,				0.86540
750,		990.38547,		1049.26966,		1112.34737,				1.06012,				0.85565
751,		998.49560,		1050.22355,		1104.98933,				1.05215,				0.84999
752,		996.20987,		1049.76003,		1101.75371,				1.04953,				0.84750
753,		995.16520,		1049.96781,		1129.35614,				1.07561,				0.86874
754,		987.76507,		1049.09606,		1125.82626,				1.07314,				0.86602
755,		988.32563,		1048.56775,		1094.19950,				1.04352,				0.84169
756,		989.99199,		1049.99438,		1113.10844,				1.06011,				0.85624
757,		974.95206,		1049.11282,		1105.73293,				1.05397,				0.85056
758,		938.43747,		1048.37869,		1091.47312,				1.04111,				0.83959
759,		998.79380,		1048.91523,		1102.98070,				1.05154,				0.84845
760,		998.30821,		1048.53747,		1107.05674,				1.05581,				0.85158
761,		983.48887,		1048.87283,		1107.11489,				1.05553,				0.85163
762,		978.94586,		1040.88042,		1109.06157,				1.06550,				0.85312
763,		979.77313,		1044.12961,		1099.87094,				1.05339,				0.84605
764,		986.60515,		1039.30330,		1095.91853,				1.05447,				0.84301
765,		979.15459,		1043.49495,		1096.03017,				1.05035,				0.84310
766,		979.25277,		1047.20600,		1105.49400,				1.05566,				0.85038
767,		987.85579,		1039.41052,		1105.76500,				1.06384,				0.85059
768,		997.57914,		1045.33831,		1107.55250,				1.05952,				0.85196
769,		978.56937,		1038.94148,		1110.38140,				1.06876,				0.85414
770,		975.98724,		1045.50834,		1110.06986,				1.06175,				0.85390
771,		989.87294,		1048.42066,		1126.84123,				1.07480,				0.86680
772,		998.41706,		1044.54135,		1106.20032,				1.05903,				0.85092
773,		980.62390,		1047.69961,		1111.10697,				1.06052,				0.85470
774,		993.62638,		1048.84597,		1109.81070,				1.05813,				0.85370
775,		984.15277,		1050.08095,		1097.84205,				1.04548,				0.84449
776,		990.40006,		1050.00860,		1095.01901,				1.04287,				0.84232
777,		995.34494,		1050.63479,		1104.30181,				1.05108,				0.84946
778,		1002.51180,		1050.98504,		1107.43554,				1.05371,				0.85187
779,		1004.18579,		1047.50619,		1078.11634,				1.02922,				0.82932
780,		1001.90842,		1046.21082,		1101.49029,				1.05284,				0.84730
781,		955.60112,		1044.60425,		1101.17143,				1.05415,				0.84705
782,		958.80585,		1044.18126,		1088.41784,				1.04236,				0.83724
783,		1000.74437,		1044.05583,		1090.90240,				1.04487,				0.83916
784,		982.75563,		1034.83544,		1088.88187,				1.05223,				0.83760
785,		984.30642,		1038.41396,		1100.53622,				1.05982,				0.84657
786,		989.25893,		1041.04862,		1099.59799,				1.05624,				0.84584
787,		981.11145,		1042.08116,		1109.33945,				1.06454,				0.85334
788,		986.79814,		1042.29227,		1102.95570,				1.05820,				0.84843
789,		988.24867,		1042.42925,		1083.93436,				1.03982,				0.83380
790,		985.17685,		1042.83764,		1086.62433,				1.04199,				0.83586
791,		981.61303,		1042.76896,		1077.88064,				1.03367,				0.82914
792,		983.66545,		1042.67024,		1098.64785,				1.05369,				0.84511
793,		981.91770,		1042.86983,		1103.00148,				1.05766,				0.84846
794,		984.05304,		1042.57081,		1106.18507,				1.06102,				0.85091
795,		990.03058,		1042.60220,		1099.79481,				1.05486,				0.84600
796,		984.40109,		1041.98619,		1085.03325,				1.04131,				0.83464
797,		976.23360,		1042.40340,		1092.21656,				1.04779,				0.84017
798,		986.49822,		1042.15202,		1069.63410,				1.02637,				0.82280
799,		979.51246,		1042.68071,		1100.47144,				1.05543,				0.84652
800,		975.42182,		1041.64572,		1089.07786,				1.04554,				0.83775
801,		981.63519,		1041.85785,		1099.27816,				1.05511,				0.84560
802,		987.99658,		1042.36155,		1096.88216,				1.05230,				0.84376
803,		984.21552,		1042.62646,		1098.70941,				1.05379,				0.84516
804,		991.69924,		1043.19020,		1102.17939,				1.05655,				0.84783
805,		996.59037,		1049.44158,		1115.22768,				1.06269,				0.85787
806,		992.38741,		1046.70526,		1113.63766,				1.06395,				0.85664
807,		980.56227,		1044.33924,		1096.15091,				1.04961,				0.84319
808,		981.65998,		1044.13207,		1098.24868,				1.05183,				0.84481
809,		1013.67143,		1043.88696,		1099.74163,				1.05351,				0.84596
810,		985.88557,		1042.98485,		1103.91985,				1.05842,				0.84917
811,		985.50744,		1042.87514,		1106.54630,				1.06105,				0.85119
812,		1006.86012,		1071.03217,		1161.51206,				1.08448,				0.89347
813,		1008.27360,		1076.89799,		1156.28013,				1.07371,				0.88945
814,		978.32075,		1068.84584,		1153.96962,				1.07964,				0.88767
815,		1003.38882,		1082.18078,		1149.60612,				1.06231,				0.88431
816,		984.62279,		1060.35364,		1148.87121,				1.08348,				0.88375
817,		1012.81332,		1070.66069,		1125.83636,				1.05153,				0.86603
818,		1013.19596,		1061.35102,		1123.86575,				1.05890,				0.86451
819,		1032.50446,		1082.38541,		1121.99640,				1.03660,				0.86307
820,		988.19547,		1085.01585,		1143.61876,				1.05401,				0.87971
821,		991.81830,		1089.09251,		1155.72992,				1.06119,				0.88902
822,		1033.50692,		1091.22260,		1137.79263,				1.04268,				0.87523
823,		1039.09504,		1094.27702,		1158.92107,				1.05907,				0.89148
824,		1038.30031,		1093.50751,		1131.65562,				1.03489,				0.87050
825,		1038.83110,		1090.90675,		1144.65943,				1.04927,				0.88051
826,		1039.68531,		1094.43769,		1161.17790,				1.06098,				0.89321
827,		1038.14610,		1094.99685,		1157.45487,				1.05704,				0.89035
828,		1034.15201,		1096.28203,		1156.39933,				1.05484,				0.88954
829,		1031.27183,		1090.61475,		1159.40173,				1.06307,				0.89185
830,		1031.12139,		1087.36052,		1113.42334,				1.02397,				0.85648
831,		1034.39764,		1085.95616,		1141.93181,				1.05155,				0.87841
832,		1032.06569,		1075.62805,		1113.35301,				1.03507,				0.85643
833,		1029.25503,		1076.02002,		1148.48236,				1.06734,				0.88345
834,		1011.68620,		1068.95788,		1111.83817,				1.04011,				0.85526
835,		1002.57757,		1060.51378,		1143.87540,				1.07860,				0.87990
836,		994.68879,		1064.13413,		1127.83379,				1.05986,				0.86756
837,		992.88884,		1065.76513,		1102.02780,				1.03403,				0.84771
838,		999.78476,		1067.48006,		1106.98623,				1.03701,				0.85153
839,		997.01541,		1069.25089,		1113.48177,				1.04137,				0.85652
840,		1020.06632,		1068.36320,		1125.34464,				1.05334,				0.86565
841,		1028.27110,		1066.72168,		1119.58076,				1.04955,				0.86122
842,		1019.94043,		1075.24911,		1135.82186,				1.05633,				0.87371
843,		1019.08144,		1081.62247,		1148.52775,				1.06186,				0.88348
844,		1017.44609,		1074.53003,		1147.35864,				1.06778,				0.88258
845,		1016.65055,		1082.74533,		1135.40890,				1.04864,				0.87339
846,		1013.57740,		1074.92120,		1133.00618,				1.05404,				0.87154
847,		1014.63811,		1071.30802,		1133.68413,				1.05822,				0.87206
848,		967.23474,		1059.86522,		1116.40372,				1.05334,				0.85877
849,		1001.12501,		1074.01896,		1134.29380,				1.05612,				0.87253
850,		1019.03712,		1080.26217,		1142.33189,				1.05746,				0.87872
851,		1022.71853,		1072.95493,		1129.66444,				1.05285,				0.86897
852,		1021.87342,		1069.80351,		1122.01355,				1.04880,				0.86309
853,		1025.93464,		1068.50976,		1103.10226,				1.03237,				0.84854
854,		1012.01725,		1068.27412,		1128.51986,				1.05640,				0.86809
855,		1007.85608,		1068.49168,		1105.46857,				1.03461,				0.85036
856,		1009.67366,		1070.69289,		1141.61591,				1.06624,				0.87817
857,		971.77868,		1070.76515,		1109.20928,				1.03590,				0.85324
858,		1020.30092,		1069.52199,		1107.43480,				1.03545,				0.85187
859,		1013.61528,		1068.93335,		1113.54361,				1.04173,				0.85657
860,		1020.21460,		1068.55530,		1117.12485,				1.04545,				0.85933
861,		1004.78310,		1068.96586,		1126.97614,				1.05427,				0.86690
862,		1002.41040,		1069.49329,		1128.62743,				1.05529,				0.86817
863,		1007.59456,		1068.47237,		1119.43597,				1.04770,				0.86110
864,		1018.81075,		1068.43485,		1114.47169,				1.04309,				0.85729
865,		1013.64603,		1068.41202,		1125.21954,				1.05317,				0.86555
866,		1023.20958,		1066.79081,		1127.99586,				1.05737,				0.86769
867,		1028.94362,		1066.58186,		1120.37083,				1.05043,				0.86182
868,		1005.52143,		1065.36019,		1105.89683,				1.03805,				0.85069
869,		1013.00485,		1065.87072,		1112.69314,				1.04393,				0.85592
870,		1003.09685,		1066.21916,		1091.41520,				1.02363,				0.83955
871,		1011.31122,		1066.54134,		1127.66381,				1.05731,				0.86743
872,		998.86896,		1066.57562,		1124.52440,				1.05433,				0.86502
873,		1004.43793,		1066.54456,		1115.45580,				1.04586,				0.85804
874,		1010.53741,		1067.29267,		1106.60129,				1.03683,				0.85123
875,		1004.03959,		1066.78181,		1124.17261,				1.05380,				0.86475
876,		1010.60663,		1066.33025,		1123.47258,				1.05359,				0.86421
877,		1021.23421,		1074.67036,		1122.29117,				1.04431,				0.86330
878,		1012.19227,		1075.49178,		1121.56786,				1.04284,				0.86274
879,		986.53179,		1068.08448,		1136.22096,				1.06379,				0.87402
880,		978.35223,		1081.46505,		1123.19095,				1.03858,				0.86399
881,		1005.72135,		1070.78318,		1120.94508,				1.04685,				0.86227
882,		992.32607,		1080.72368,		1124.51057,				1.04052,				0.86501
883,		1031.32503,		1072.22227,		1119.05097,				1.04367,				0.86081
884,		1000.99168,		1067.22060,		1120.79179,				1.05020,				0.86215
885,		1014.84919,		1065.10513,		1123.66493,				1.05498,				0.86436
886,		1018.94999,		1067.57017,		1130.33021,				1.05879,				0.86948
887,		999.54415,		1057.20361,		1097.93751,				1.03853,				0.84457
888,		1009.57948,		1059.81636,		1119.20002,				1.05603,				0.86092
889,		975.77138,		1063.41045,		1130.29126,				1.06289,				0.86945
890,		991.34797,		1063.14215,		1125.97806,				1.05910,				0.86614
891,		981.67048,		1063.87610,		1123.54212,				1.05608,				0.86426
892,		987.55034,		1063.07774,		1136.85241,				1.06940,				0.87450
893,		986.15146,		1063.43304,		1117.77073,				1.05110,				0.85982
894,		983.15610,		1063.04053,		1120.23333,				1.05380,				0.86172
895,		970.87225,		1065.64857,		1120.12446,				1.05112,				0.86163
896,		989.19612,		1064.30897,		1120.88880,				1.05316,				0.86222
897,		987.71721,		1064.27427,		1118.20167,				1.05067,				0.86016
898,		985.07754,		1064.57028,		1123.70703,				1.05555,				0.86439
899,		991.24335,		1066.05078,		1119.45526,				1.05010,				0.86112
900,		994.59439,		1067.82409,		1127.70658,				1.05608,				0.86747
901,		982.68285,		1068.19701,		1128.32209,				1.05629,				0.86794
902,		990.35240,		1068.08029,		1112.33194,				1.04143,				0.85564
903,		984.09077,		1066.70444,		1116.59558,				1.04677,				0.85892
904,		995.79612,		1066.93755,		1126.73417,				1.05605,				0.86672
905,		985.53209,		1065.77373,		1116.93350,				1.04800,				0.85918
906,		1010.77684,		1066.48091,		1117.11220,				1.04748,				0.85932
907,		1007.01433,		1067.57881,		1130.26111,				1.05871,				0.86943
908,		1008.05980,		1069.90159,		1125.19300,				1.05168,				0.86553
909,		1019.26122,		1071.35041,		1133.25624,				1.05778,				0.87174
910,		1014.21402,		1070.31641,		1132.59304,				1.05819,				0.87123
911,		1009.97011,		1067.37860,		1122.86633,				1.05199,				0.86374
912,		1019.38906,		1067.72650,		1094.33325,				1.02492,				0.84179
913,		1019.55989,		1068.18397,		1095.08806,				1.02519,				0.84238
914,		1015.64445,		1068.72691,		1093.12170,				1.02283,				0.84086
915,		1014.30650,		1068.79060,		1094.72702,				1.02427,				0.84210
916,		1018.02147,		1068.84547,		1099.06112,				1.02827,				0.84543
917,		1008.11885,		1072.03903,		1123.97405,				1.04845,				0.86460
918,		1015.68291,		1072.15190,		1125.05136,				1.04934,				0.86542
919,		1013.31857,		1071.56692,		1131.86470,				1.05627,				0.87067
920,		1002.45543,		1069.35505,		1131.40158,				1.05802,				0.87031
921,		1014.32247,		1069.14548,		1128.91708,				1.05591,				0.86840
922,		1018.66799,		1068.56191,		1128.01703,				1.05564,				0.86771
923,		1007.37492,		1068.52721,		1100.01676,				1.02947,				0.84617
924,		1027.07382,		1069.06546,		1122.29710,				1.04979,				0.86331
925,		1007.67126,		1068.37328,		1119.49359,				1.04785,				0.86115
926,		1024.24278,		1072.94141,		1135.33928,				1.05816,				0.87334
927,		1028.24633,		1073.55575,		1131.57718,				1.05405,				0.87044
928,		1032.31128,		1078.40282,		1117.56283,				1.03631,				0.85966
929,		1019.00308,		1083.02325,		1145.60243,				1.05778,				0.88123
930,		1014.43401,		1078.28331,		1152.52599,				1.06885,				0.88656
931,		1011.52363,		1075.08122,		1119.60640,				1.04142,				0.86124
932,		1017.77369,		1079.47319,		1127.44663,				1.04444,				0.86727
933,		1012.43306,		1075.19683,		1118.66354,				1.04043,				0.86051
934,		1018.47060,		1081.32402,		1126.71682,				1.04198,				0.86671
935,		1016.28337,		1076.88738,		1132.56076,				1.05170,				0.87120
936,		998.46527,		1076.42643,		1124.50419,				1.04466,				0.86500
937,		1008.37202,		1072.48860,		1132.29076,				1.05576,				0.87099
938,		1006.31985,		1074.04890,		1138.44604,				1.05996,				0.87573
939,		1024.95088,		1069.75089,		1138.72075,				1.06447,				0.87594
940,		1026.00366,		1073.69343,		1135.94479,				1.05798,				0.87380
941,		1033.00946,		1077.30674,		1132.47804,				1.05121,				0.87114
942,		1017.45144,		1073.70059,		1131.05591,				1.05342,				0.87004
943,		1016.07579,		1070.24382,		1126.53318,				1.05259,				0.86656
944,		1013.61819,		1075.59103,		1125.36870,				1.04628,				0.86567
945,		1023.27439,		1075.85087,		1111.94236,				1.03355,				0.85534
946,		1023.01917,		1071.99743,		1132.90932,				1.05682,				0.87147
947,		1013.84787,		1069.10466,		1120.76771,				1.04832,				0.86213
948,		1007.06644,		1068.25118,		1127.66209,				1.05562,				0.86743
949,		1022.45795,		1074.95732,		1127.31317,				1.04871,				0.86716
950,		1013.60923,		1071.24032,		1122.46449,				1.04782,				0.86343
951,		1022.61862,		1071.42496,		1127.07870,				1.05194,				0.86698
952,		1018.36877,		1069.18656,		1117.05820,				1.04477,				0.85928
953,		1010.12945,		1075.64603,		1141.11197,				1.06086,				0.87778
954,		1029.81496,		1067.88725,		1129.31287,				1.05752,				0.86870
955,		1014.27347,		1066.90417,		1131.44840,				1.06050,				0.87034
956,		1009.97133,		1068.32691,		1093.53192,				1.02359,				0.84118
957,		1009.53043,		1075.54976,		1152.36856,				1.07142,				0.88644
958,		997.63842,		1070.38331,		1124.88934,				1.05092,				0.86530
959,		1025.61581,		1082.85336,		1151.17999,				1.06310,				0.88552
960,		1022.32213,		1088.65174,		1152.31442,				1.05848,				0.88640
961,		1035.81021,		1091.96414,		1156.11316,				1.05875,				0.88932
962,		1031.46950,		1093.19043,		1157.25840,				1.05861,				0.89020
963,		1033.98907,		1094.04333,		1155.30198,				1.05599,				0.88869
964,		1057.67339,		1094.64318,		1142.53786,				1.04375,				0.87888
965,		1039.68718,		1094.17150,		1151.67309,				1.05255,				0.88590
966,		1039.11716,		1097.63968,		1153.43486,				1.05083,				0.88726
967,		1032.23952,		1096.29420,		1146.04721,				1.04538,				0.88157
968,		1041.19832,		1095.27948,		1141.46924,				1.04217,				0.87805
969,		1035.73741,		1094.83063,		1127.51451,				1.02985,				0.86732
970,		1039.33411,		1097.44316,		1148.04843,				1.04611,				0.88311
971,		1030.70124,		1096.11192,		1141.31738,				1.04124,				0.87794
972,		1039.71618,		1095.17687,		1130.09067,				1.03188,				0.86930
973,		1041.80965,		1095.48220,		1159.78888,				1.05870,				0.89215
974,		1037.23963,		1095.15634,		1153.42682,				1.05321,				0.88725
975,		1025.80279,		1081.41464,		1137.77129,				1.05211,				0.87521
976,		1036.11036,		1088.41988,		1138.27546,				1.04581,				0.87560
977,		1034.19519,		1091.98986,		1133.19157,				1.03773,				0.87169
978,		1030.38632,		1081.09297,		1151.43383,				1.06506,				0.88572
979,		1031.85929,		1085.67716,		1155.32728,				1.06415,				0.88871
980,		1039.88304,		1090.41193,		1151.18137,				1.05573,				0.88552
981,		1035.32181,		1092.20933,		1158.65749,				1.06084,				0.89127
982,		1015.86943,		1093.71869,		1151.80692,				1.05311,				0.88601
983,		1046.52947,		1094.45976,		1164.71803,				1.06419,				0.89594
984,		1017.42085,		1093.90078,		1168.15184,				1.06788,				0.89858
985,		1022.12254,		1093.72841,		1118.07806,				1.02226,				0.86006
986,		1037.47761,		1094.99101,		1138.14238,				1.03941,				0.87549
987,		1033.67020,		1095.05813,		1158.91509,				1.05831,				0.89147
988,		1028.97258,		1094.39248,		1120.74034,				1.02408,				0.86211
989,		1034.75686,		1094.66982,		1130.63697,				1.03286,				0.86972
990,		1032.31031,		1094.67117,		1142.81485,				1.04398,				0.87909
991,		1041.34535,		1089.59439,		1152.52627,				1.05776,				0.88656
992,		1045.06763,		1093.10189,		1158.07408,				1.05944,				0.89083
993,		1018.40340,		1076.54944,		1151.36073,				1.06949,				0.88566
994,		994.43483,		1081.55047,		1129.95685,				1.04476,				0.86920
995,		1021.06149,		1082.80681,		1130.21564,				1.04378,				0.86940
996,		1022.11708,		1083.47204,		1149.15260,				1.06062,				0.88396
997,		1025.27249,		1082.91969,		1138.58011,				1.05140,				0.87583
998,		1020.30036,		1083.35901,		1142.45405,				1.05455,				0.87881
999,		1013.76024,		1083.35810,		1143.13455,				1.05518,				0.87933
