RANDOM_SEED, 1698987524
GEN,		MIN,			AVE,			MAX,
0,		90.27,		252.17,		520.88,
1,		96.31,		273.05,		449.85,
2,		90.36,		317.67,		477.75,
3,		95.39,		345.08,		481.64,
4,		107.10,		354.90,		448.89,
5,		110.74,		360.44,		430.01,
6,		110.38,		364.65,		432.47,
7,		159.33,		362.32,		415.08,
8,		214.41,		367.37,		413.31,
9,		283.43,		350.11,		418.93,
10,		291.04,		363.50,		414.54,
11,		302.28,		369.23,		425.61,
12,		302.39,		372.18,		426.36,
13,		304.55,		373.93,		425.78,
14,		305.39,		374.99,		401.62,
15,		322.93,		375.31,		408.42,
16,		306.42,		375.91,		404.06,
17,		306.14,		365.91,		416.66,
18,		309.03,		371.70,		427.17,
19,		322.58,		373.09,		422.07,
20,		313.27,		365.08,		432.43,
21,		299.58,		359.14,		421.82,
22,		300.16,		379.52,		486.10,
23,		297.29,		391.99,		444.74,
24,		303.16,		394.17,		445.80,
25,		304.32,		393.82,		458.64,
26,		306.60,		389.68,		458.67,
27,		312.82,		395.12,		439.02,
28,		317.55,		383.41,		439.75,
29,		317.39,		378.00,		435.32,
30,		305.76,		384.65,		421.18,
31,		333.29,		385.94,		425.79,
32,		328.73,		381.11,		422.86,
33,		332.98,		383.06,		431.16,
34,		339.77,		383.64,		427.95,
35,		333.72,		383.98,		428.52,
36,		337.81,		386.45,		432.62,
37,		339.37,		385.44,		431.10,
38,		338.82,		384.49,		431.21,
39,		338.94,		384.68,		428.72,
40,		334.14,		384.76,		421.70,
41,		332.43,		384.60,		421.02,
42,		339.82,		383.87,		427.54,
43,		324.63,		377.66,		426.89,
44,		326.35,		380.98,		427.72,
45,		319.48,		382.93,		451.09,
46,		303.81,		383.96,		443.84,
47,		330.62,		384.13,		427.37,
48,		334.07,		384.77,		426.35,
49,		337.38,		384.01,		427.11,
50,		313.78,		383.48,		411.13,
51,		301.34,		384.08,		425.23,
52,		331.88,		384.22,		417.08,
53,		342.51,		385.45,		427.68,
54,		346.99,		385.68,		429.22,
55,		349.27,		385.57,		427.22,
56,		335.99,		385.84,		418.64,
57,		330.82,		385.15,		429.00,
58,		307.86,		385.05,		428.74,
59,		346.89,		384.91,		429.35,
60,		333.37,		387.39,		441.88,
61,		325.79,		386.73,		430.50,
62,		296.32,		386.96,		443.22,
63,		300.80,		380.75,		434.72,
64,		296.92,		374.54,		433.63,
65,		298.46,		380.57,		465.15,
66,		311.96,		383.22,		420.92,
67,		321.29,		384.14,		446.93,
68,		331.28,		385.53,		443.97,
69,		332.16,		385.60,		440.24,
70,		331.45,		405.55,		457.19,
71,		338.45,		394.32,		446.40,
72,		338.59,		389.52,		435.06,
73,		333.57,		387.45,		452.07,
74,		339.08,		385.18,		431.91,
75,		339.49,		384.89,		428.70,
76,		305.21,		383.77,		429.48,
77,		338.28,		384.59,		429.80,
78,		338.92,		384.16,		415.17,
79,		337.88,		384.45,		422.72,
80,		324.00,		379.05,		429.69,
81,		332.57,		381.33,		434.17,
82,		323.00,		382.61,		437.48,
83,		297.79,		368.59,		427.69,
84,		301.91,		374.79,		430.68,
85,		294.99,		379.40,		414.53,
86,		332.45,		381.95,		420.22,
87,		326.73,		383.15,		420.29,
88,		305.16,		382.52,		421.55,
89,		318.16,		383.46,		431.35,
90,		322.77,		384.03,		428.26,
91,		321.48,		384.34,		426.15,
92,		322.66,		384.25,		426.12,
93,		318.91,		375.95,		433.86,
94,		324.08,		383.13,		435.85,
95,		328.66,		383.62,		432.21,
96,		330.41,		386.92,		432.42,
97,		328.85,		387.62,		427.99,
98,		322.76,		388.97,		425.44,
99,		343.77,		392.46,		425.09,
100,		340.57,		399.55,		429.34,
101,		359.46,		402.82,		428.01,
102,		354.88,		396.90,		440.75,
103,		346.83,		393.47,		435.60,
104,		343.45,		400.63,		451.80,
105,		343.89,		403.16,		451.58,
106,		343.40,		404.47,		447.73,
107,		322.94,		400.10,		432.34,
108,		350.25,		400.16,		443.24,
109,		338.10,		403.19,		446.49,
110,		350.79,		405.08,		457.32,
111,		343.52,		405.45,		447.04,
112,		330.47,		402.79,		448.65,
113,		356.90,		404.98,		448.20,
114,		360.35,		405.58,		447.35,
115,		359.87,		405.38,		450.63,
116,		349.73,		405.35,		440.51,
117,		340.26,		405.53,		453.20,
118,		337.93,		406.58,		450.13,
119,		349.22,		413.93,		455.72,
120,		363.05,		409.85,		462.66,
121,		364.73,		407.88,		456.63,
122,		360.67,		406.50,		460.93,
123,		359.30,		406.48,		471.67,
124,		360.90,		407.86,		465.33,
125,		366.40,		407.68,		460.73,
126,		344.71,		405.92,		457.83,
127,		359.97,		417.25,		453.91,
128,		357.19,		415.95,		466.67,
129,		362.25,		407.63,		469.18,
130,		358.18,		407.09,		467.59,
131,		348.60,		403.27,		462.25,
132,		356.10,		404.73,		447.37,
133,		355.00,		403.16,		469.87,
134,		360.70,		402.91,		437.99,
135,		346.36,		401.84,		445.56,
136,		354.52,		401.65,		431.46,
137,		355.40,		401.84,		427.33,
138,		349.46,		401.59,		466.75,
139,		351.67,		402.01,		459.98,
140,		340.32,		402.10,		438.99,
141,		346.46,		402.91,		451.29,
142,		355.42,		402.93,		445.27,
143,		350.23,		403.86,		445.44,
144,		351.55,		403.27,		446.92,
145,		349.14,		403.04,		444.08,
146,		351.61,		403.23,		455.60,
147,		326.07,		402.46,		442.95,
148,		347.16,		403.40,		432.99,
149,		353.36,		403.36,		427.60,
150,		330.38,		403.03,		476.25,
151,		336.51,		413.47,		475.01,
152,		323.23,		402.75,		450.36,
153,		329.67,		411.93,		444.56,
154,		321.70,		391.91,		449.80,
155,		325.51,		380.29,		445.82,
156,		320.71,		373.93,		430.70,
157,		304.19,		380.46,		428.91,
158,		322.71,		385.07,		431.30,
159,		334.89,		387.42,		431.99,
160,		335.87,		377.33,		431.53,
161,		338.40,		383.85,		429.88,
162,		335.45,		378.46,		430.85,
163,		334.94,		382.99,		425.69,
164,		329.37,		375.34,		429.60,
165,		319.54,		377.65,		433.83,
166,		320.42,		383.16,		434.60,
167,		311.52,		365.59,		407.18,
168,		308.01,		372.62,		428.92,
169,		312.60,		360.53,		414.05,
170,		305.96,		356.29,		429.43,
171,		303.26,		371.86,		434.14,
172,		314.61,		377.39,		431.56,
173,		309.39,		362.74,		411.76,
174,		303.80,		356.48,		421.08,
175,		307.90,		371.71,		415.09,
176,		310.09,		379.77,		414.30,
177,		306.70,		383.51,		431.33,
178,		305.52,		384.85,		422.52,
179,		305.76,		386.27,		446.58,
180,		301.07,		371.86,		427.37,
181,		300.12,		379.27,		427.64,
182,		271.64,		383.16,		431.93,
183,		305.98,		395.34,		435.82,
184,		301.19,		392.08,		464.94,
185,		304.76,		389.76,		462.53,
186,		345.48,		389.96,		439.84,
187,		339.58,		389.40,		443.25,
188,		342.63,		388.46,		431.76,
189,		320.77,		395.84,		445.81,
190,		345.10,		393.35,		450.56,
191,		339.78,		390.51,		447.67,
192,		343.57,		392.96,		449.88,
193,		351.67,		391.21,		426.45,
194,		348.06,		391.92,		425.38,
195,		335.75,		391.62,		433.29,
196,		339.95,		392.26,		431.89,
197,		354.69,		391.89,		436.25,
198,		356.43,		390.19,		433.32,
199,		341.48,		388.68,		436.19,
200,		340.46,		388.64,		435.93,
201,		342.60,		387.71,		429.55,
202,		338.30,		395.74,		438.26,
203,		349.55,		397.97,		448.82,
204,		345.30,		400.85,		449.99,
205,		352.70,		402.22,		446.19,
206,		358.44,		402.74,		450.06,
207,		347.46,		403.00,		444.56,
208,		356.81,		402.99,		446.54,
209,		358.61,		403.45,		442.86,
210,		366.70,		397.85,		443.63,
211,		359.48,		395.44,		446.56,
212,		338.56,		393.54,		436.46,
213,		327.65,		392.78,		457.31,
214,		325.35,		396.98,		483.02,
215,		321.84,		395.23,		430.80,
216,		327.83,		395.11,		435.95,
217,		349.27,		393.75,		429.45,
218,		311.03,		391.98,		429.86,
219,		326.65,		393.16,		450.93,
220,		335.86,		390.11,		428.82,
221,		341.66,		399.14,		432.55,
222,		343.38,		394.13,		444.46,
223,		337.96,		399.15,		430.83,
224,		356.86,		402.35,		443.15,
225,		341.60,		393.90,		447.25,
226,		341.31,		399.15,		446.29,
227,		351.93,		396.85,		453.51,
228,		336.14,		388.95,		456.89,
229,		339.48,		397.13,		484.23,
230,		341.16,		386.75,		474.15,
231,		339.14,		384.27,		475.10,
232,		341.11,		385.41,		433.46,
233,		341.15,		385.41,		445.37,
234,		344.36,		384.62,		459.01,
235,		339.73,		382.98,		432.03,
236,		329.48,		383.06,		419.03,
237,		334.70,		383.90,		421.75,
238,		342.03,		383.33,		423.82,
239,		331.75,		383.33,		430.03,
240,		321.55,		382.99,		428.17,
241,		307.37,		383.93,		427.20,
242,		334.61,		385.17,		424.28,
243,		336.38,		385.14,		437.36,
244,		339.33,		385.53,		445.18,
245,		327.39,		384.79,		426.76,
246,		318.30,		384.32,		426.54,
247,		320.29,		384.84,		429.96,
248,		341.17,		385.33,		430.26,
249,		342.51,		385.29,		426.65,
250,		335.08,		385.06,		428.94,
251,		331.84,		383.76,		424.39,
252,		331.88,		383.68,		418.57,
253,		326.97,		382.44,		421.26,
254,		303.05,		364.83,		423.02,
255,		298.35,		362.91,		423.94,
256,		300.15,		374.44,		428.31,
257,		297.64,		364.30,		429.43,
258,		308.03,		366.54,		427.47,
259,		314.61,		375.48,		401.37,
260,		320.36,		379.86,		427.62,
261,		305.37,		378.78,		457.19,
262,		311.48,		381.94,		454.06,
263,		308.75,		382.43,		457.46,
264,		311.09,		389.23,		467.89,
265,		303.37,		386.24,		442.77,
266,		311.47,		384.85,		437.27,
267,		326.84,		386.01,		425.04,
268,		331.61,		385.68,		432.91,
269,		333.98,		384.11,		429.48,
270,		332.72,		387.04,		432.46,
271,		338.52,		389.78,		431.58,
272,		340.03,		387.01,		430.92,
273,		340.98,		386.73,		429.87,
274,		345.87,		385.38,		423.60,
275,		345.09,		390.46,		431.35,
276,		306.12,		406.85,		464.72,
277,		353.71,		420.76,		479.14,
278,		333.37,		408.97,		476.77,
279,		350.53,		421.93,		476.95,
280,		349.58,		408.47,		465.11,
281,		354.56,		404.70,		474.85,
282,		349.46,		399.61,		481.04,
283,		318.70,		383.87,		447.96,
284,		318.21,		389.28,		442.77,
285,		310.70,		370.84,		445.53,
286,		317.63,		382.18,		442.94,
287,		308.17,		388.52,		449.44,
288,		321.30,		370.91,		438.65,
289,		322.79,		382.67,		436.47,
290,		319.16,		382.21,		441.58,
291,		323.64,		388.32,		441.40,
292,		313.88,		390.73,		431.01,
293,		314.84,		393.55,		436.29,
294,		344.64,		394.45,		433.04,
295,		345.87,		395.32,		436.71,
296,		344.70,		396.84,		430.44,
297,		349.40,		396.61,		436.44,
298,		349.11,		396.91,		443.55,
299,		355.99,		398.46,		437.57,
300,		348.75,		396.84,		441.51,
301,		334.25,		398.50,		452.74,
302,		331.42,		395.48,		450.39,
303,		333.21,		395.41,		446.97,
304,		341.59,		394.15,		447.67,
305,		342.15,		395.43,		440.27,
306,		344.87,		395.61,		421.60,
307,		346.62,		399.15,		433.02,
308,		343.01,		398.41,		435.51,
309,		345.96,		398.86,		437.86,
310,		351.73,		401.69,		448.46,
311,		356.89,		402.59,		445.65,
312,		355.81,		404.42,		458.47,
313,		329.31,		420.73,		479.07,
314,		314.65,		411.54,		473.63,
315,		353.46,		407.32,		467.35,
316,		357.04,		404.37,		475.28,
317,		367.30,		412.38,		457.25,
318,		361.72,		407.65,		441.18,
319,		362.92,		405.33,		442.45,
320,		358.11,		404.91,		449.17,
321,		360.13,		400.01,		445.93,
322,		355.85,		401.47,		445.99,
323,		348.97,		398.65,		437.45,
324,		354.36,		396.90,		440.23,
325,		316.67,		393.91,		445.69,
326,		319.51,		394.46,		457.65,
327,		320.97,		394.96,		434.18,
328,		348.42,		394.73,		434.51,
329,		342.62,		394.72,		432.43,
330,		347.78,		395.44,		438.09,
331,		352.24,		396.24,		432.58,
332,		352.23,		395.77,		439.14,
333,		328.50,		395.16,		435.00,
334,		346.47,		392.13,		434.87,
335,		338.90,		393.21,		430.47,
336,		339.80,		391.79,		437.11,
337,		341.69,		391.15,		433.31,
338,		332.79,		393.65,		437.95,
339,		334.95,		392.94,		428.60,
340,		340.05,		393.68,		437.02,
341,		348.00,		392.73,		442.47,
342,		344.84,		390.82,		436.51,
343,		326.29,		383.31,		431.58,
344,		333.04,		387.10,		442.40,
345,		304.65,		389.14,		432.92,
346,		349.67,		390.11,		428.85,
347,		345.06,		390.06,		432.46,
348,		334.90,		388.62,		431.77,
349,		332.15,		390.81,		430.76,
350,		336.94,		384.85,		437.17,
351,		339.19,		385.03,		438.83,
352,		338.69,		386.41,		435.43,
353,		340.78,		387.62,		435.50,
354,		333.66,		389.19,		433.12,
355,		332.87,		381.45,		451.07,
356,		341.08,		378.72,		438.67,
357,		323.90,		383.04,		437.05,
358,		315.28,		381.86,		431.93,
359,		328.05,		386.22,		434.90,
360,		336.76,		382.20,		412.65,
361,		343.13,		390.34,		424.85,
362,		335.76,		391.61,		426.71,
363,		338.07,		391.49,		432.72,
364,		347.08,		385.28,		431.56,
365,		348.75,		388.07,		443.64,
366,		312.77,		380.99,		410.27,
367,		334.19,		386.21,		455.98,
368,		333.65,		389.57,		433.94,
369,		323.65,		382.19,		431.98,
370,		331.72,		386.78,		435.05,
371,		339.63,		389.64,		439.43,
372,		336.86,		384.22,		431.60,
373,		344.90,		384.36,		429.47,
374,		339.15,		384.46,		428.20,
375,		322.25,		373.47,		424.02,
376,		332.92,		366.54,		420.95,
377,		318.77,		363.20,		414.22,
378,		321.84,		361.23,		403.59,
379,		324.17,		361.15,		410.83,
380,		299.15,		354.95,		406.46,
381,		310.19,		356.73,		408.41,
382,		305.27,		370.55,		421.37,
383,		315.36,		362.54,		412.23,
384,		287.58,		347.40,		394.95,
385,		285.93,		347.20,		398.21,
386,		300.34,		349.06,		417.14,
387,		297.19,		348.12,		419.23,
388,		301.20,		353.63,		403.68,
389,		272.31,		335.52,		401.54,
390,		270.96,		325.38,		381.96,
391,		268.48,		320.29,		383.85,
392,		272.24,		318.60,		388.75,
393,		254.50,		321.10,		385.46,
394,		275.05,		320.83,		364.24,
395,		266.53,		318.08,		360.14,
396,		264.45,		316.71,		373.44,
397,		279.04,		317.10,		388.68,
398,		270.54,		316.84,		359.13,
399,		261.89,		316.46,		355.42,
400,		264.61,		319.02,		358.95,
401,		274.88,		322.48,		387.12,
402,		276.18,		319.89,		366.34,
403,		269.27,		318.60,		365.04,
404,		278.09,		317.38,		357.34,
405,		277.00,		318.87,		369.23,
406,		255.82,		316.68,		369.60,
407,		276.97,		323.16,		374.30,
408,		276.87,		326.02,		369.05,
409,		279.97,		327.88,		374.92,
410,		289.98,		326.12,		373.01,
411,		277.17,		325.00,		368.85,
412,		284.69,		326.44,		364.99,
413,		279.09,		328.74,		373.73,
414,		280.39,		326.14,		370.19,
415,		281.31,		325.06,		369.64,
416,		254.87,		315.11,		368.84,
417,		253.21,		335.09,		398.01,
418,		266.66,		314.37,		386.37,
419,		238.48,		302.99,		379.36,
420,		247.04,		296.17,		372.28,
421,		250.79,		304.84,		384.34,
422,		261.70,		297.00,		385.42,
423,		244.21,		311.52,		389.72,
424,		265.64,		318.26,		393.55,
425,		267.54,		322.38,		390.01,
426,		253.42,		312.87,		377.88,
427,		269.56,		317.64,		386.06,
428,		256.90,		304.56,		378.03,
429,		239.54,		297.53,		363.27,
430,		235.92,		293.62,		361.55,
431,		232.64,		285.98,		352.60,
432,		233.64,		282.85,		347.30,
433,		229.57,		281.32,		344.61,
434,		234.48,		281.21,		345.58,
435,		233.76,		280.53,		343.77,
436,		237.70,		280.10,		343.70,
437,		225.20,		279.79,		345.07,
438,		224.70,		279.05,		340.40,
439,		235.27,		279.18,		323.15,
440,		228.54,		281.79,		323.17,
441,		226.69,		278.69,		324.35,
442,		233.04,		281.61,		326.90,
443,		235.85,		279.26,		331.59,
444,		234.70,		278.28,		325.99,
445,		210.53,		280.46,		320.56,
446,		205.45,		282.08,		321.97,
447,		231.95,		282.67,		324.05,
448,		236.62,		281.86,		321.98,
449,		244.54,		281.94,		323.71,
450,		234.40,		281.77,		317.16,
451,		240.59,		281.51,		321.14,
452,		244.56,		282.65,		314.38,
453,		232.38,		282.06,		351.32,
454,		232.69,		282.33,		318.63,
455,		237.65,		282.68,		316.20,
456,		243.10,		283.40,		322.02,
457,		229.61,		280.93,		322.29,
458,		228.21,		282.05,		319.85,
459,		231.41,		280.55,		321.12,
460,		235.32,		282.81,		330.06,
461,		242.02,		299.71,		356.71,
462,		237.77,		292.08,		348.73,
463,		240.77,		284.55,		355.49,
464,		245.32,		279.97,		324.06,
465,		248.48,		286.15,		333.55,
466,		248.60,		289.51,		339.68,
467,		253.36,		290.17,		334.11,
468,		248.13,		291.58,		346.73,
469,		258.10,		292.36,		330.92,
470,		243.67,		290.25,		343.77,
471,		246.44,		283.61,		325.29,
472,		237.19,		283.99,		348.30,
473,		214.95,		261.53,		337.28,
474,		204.65,		265.95,		328.14,
475,		201.45,		278.46,		325.54,
476,		195.99,		282.02,		325.54,
477,		230.36,		282.34,		332.61,
478,		237.44,		287.80,		326.67,
479,		236.33,		289.18,		336.94,
480,		240.23,		279.48,		336.22,
481,		249.02,		285.48,		333.80,
482,		243.66,		287.99,		336.33,
483,		250.08,		285.56,		334.76,
484,		241.46,		285.39,		334.71,
485,		231.72,		291.05,		359.59,
486,		238.13,		291.95,		340.04,
487,		239.82,		294.11,		330.62,
488,		236.11,		297.44,		344.43,
489,		252.29,		303.61,		344.02,
490,		264.91,		307.36,		366.70,
491,		241.49,		306.63,		354.65,
492,		242.39,		308.15,		356.99,
493,		252.75,		305.01,		349.61,
494,		246.00,		308.90,		357.77,
495,		242.65,		324.81,		384.16,
496,		237.07,		309.35,		380.82,
497,		246.92,		309.07,		382.47,
498,		258.74,		302.05,		355.59,
499,		263.48,		299.02,		350.99,
500,		252.03,		303.27,		349.08,
501,		259.13,		299.52,		371.68,
502,		251.49,		295.05,		353.46,
503,		247.48,		292.76,		333.56,
504,		241.17,		293.90,		334.10,
505,		254.56,		294.29,		337.44,
506,		268.79,		294.95,		343.35,
507,		259.60,		294.09,		352.82,
508,		256.06,		296.46,		370.52,
509,		247.02,		295.32,		341.34,
510,		247.03,		292.43,		333.94,
511,		248.62,		294.18,		336.51,
512,		251.44,		295.15,		340.36,
513,		250.61,		295.65,		337.90,
514,		257.04,		295.75,		340.68,
515,		257.81,		295.92,		356.17,
516,		269.30,		296.01,		336.20,
517,		248.03,		295.76,		341.17,
518,		246.10,		295.61,		333.69,
519,		250.77,		296.18,		342.70,
520,		251.60,		296.20,		343.36,
521,		257.43,		296.11,		343.65,
522,		255.07,		300.92,		346.04,
523,		257.91,		302.15,		333.89,
524,		257.56,		303.43,		343.85,
525,		254.58,		306.07,		349.69,
526,		253.67,		305.83,		361.60,
527,		253.54,		307.31,		347.40,
528,		257.59,		308.08,		351.86,
529,		259.47,		307.61,		351.81,
530,		261.00,		307.92,		350.54,
531,		258.30,		308.12,		364.26,
532,		255.43,		308.10,		370.02,
533,		255.89,		308.19,		355.34,
534,		260.21,		308.42,		363.79,
535,		260.99,		307.46,		347.69,
536,		258.74,		307.71,		374.90,
537,		247.93,		301.48,		341.89,
538,		251.85,		304.14,		353.77,
539,		256.30,		299.59,		350.51,
540,		252.06,		297.55,		347.19,
541,		244.42,		285.36,		329.98,
542,		235.33,		280.06,		325.47,
543,		239.91,		277.22,		337.53,
544,		243.93,		274.92,		332.10,
545,		219.93,		273.42,		323.33,
546,		242.24,		272.49,		332.11,
547,		242.99,		271.99,		304.75,
548,		227.26,		271.01,		317.43,
549,		230.58,		270.90,		311.03,
550,		230.11,		270.69,		312.24,
551,		229.06,		270.40,		313.58,
552,		232.66,		270.91,		311.98,
553,		226.19,		270.33,		310.90,
554,		238.65,		270.38,		315.67,
555,		246.03,		270.39,		312.71,
556,		233.12,		269.78,		310.19,
557,		238.02,		270.04,		319.71,
558,		234.08,		269.36,		305.21,
559,		238.14,		269.28,		311.55,
560,		240.36,		269.86,		320.91,
561,		229.27,		270.05,		309.46,
562,		238.33,		269.99,		313.83,
563,		236.19,		269.71,		310.82,
564,		238.09,		269.86,		309.64,
565,		225.75,		269.79,		314.21,
566,		225.66,		270.07,		305.80,
567,		232.41,		269.68,		316.09,
568,		224.34,		270.73,		314.36,
569,		237.70,		270.56,		313.28,
570,		235.87,		270.11,		309.36,
571,		227.05,		270.13,		318.07,
572,		223.86,		269.81,		308.89,
573,		233.97,		269.82,		315.71,
574,		223.85,		269.58,		312.11,
575,		223.47,		270.29,		310.75,
576,		222.42,		269.75,		306.00,
577,		218.28,		265.60,		307.10,
578,		208.91,		257.99,		311.30,
579,		221.53,		264.33,		311.50,
580,		222.08,		261.98,		309.76,
581,		231.86,		262.26,		317.94,
582,		208.96,		261.30,		314.32,
583,		230.01,		256.67,		304.17,
584,		230.54,		260.25,		308.99,
585,		218.56,		262.07,		295.98,
586,		223.05,		257.87,		305.89,
587,		227.62,		254.50,		297.22,
588,		218.24,		256.86,		312.69,
589,		226.64,		252.64,		308.50,
590,		218.62,		252.99,		317.01,
591,		218.03,		252.45,		326.99,
592,		216.02,		251.91,		323.78,
593,		218.73,		250.04,		298.99,
594,		204.19,		249.22,		296.71,
595,		210.53,		248.32,		310.60,
596,		211.10,		242.56,		309.09,
597,		198.25,		234.79,		278.97,
598,		204.20,		230.23,		276.38,
599,		168.96,		232.45,		272.29,
600,		184.86,		232.88,		273.23,
601,		170.64,		232.45,		276.93,
602,		192.78,		230.29,		276.20,
603,		172.29,		227.27,		287.15,
604,		196.54,		231.34,		280.84,
605,		199.57,		227.32,		275.05,
606,		207.70,		230.93,		287.82,
607,		189.44,		230.92,		266.87,
608,		183.42,		230.57,		277.83,
609,		180.07,		231.02,		282.03,
610,		177.92,		236.37,		282.70,
611,		179.12,		235.85,		277.33,
612,		204.06,		245.23,		306.89,
613,		203.94,		250.87,		294.42,
614,		207.76,		252.72,		287.92,
615,		205.00,		253.59,		297.52,
616,		184.02,		254.42,		302.18,
617,		205.46,		255.93,		301.24,
618,		203.75,		255.49,		297.53,
619,		201.96,		255.99,		291.99,
620,		200.84,		255.84,		296.78,
621,		202.44,		256.26,		295.44,
622,		209.48,		256.18,		301.23,
623,		203.09,		249.77,		287.63,
624,		193.85,		253.42,		296.12,
625,		204.82,		255.32,		298.59,
626,		205.72,		254.35,		294.67,
627,		215.31,		255.26,		293.82,
628,		210.95,		256.19,		282.95,
629,		214.77,		261.16,		325.12,
630,		221.01,		258.62,		295.43,
631,		204.87,		257.86,		298.69,
632,		197.28,		254.50,		297.47,
633,		207.13,		266.12,		308.21,
634,		197.33,		268.97,		302.29,
635,		229.97,		271.55,		296.17,
636,		224.91,		262.95,		329.36,
637,		212.12,		270.58,		326.51,
638,		206.36,		264.56,		313.00,
639,		227.30,		289.36,		350.38,
640,		202.49,		277.20,		356.44,
641,		209.78,		286.69,		367.00,
642,		218.20,		278.02,		336.54,
643,		224.67,		297.74,		343.94,
644,		234.78,		306.93,		356.69,
645,		235.01,		310.81,		371.66,
646,		241.17,		333.04,		395.13,
647,		250.67,		338.88,		388.17,
648,		209.96,		326.29,		388.42,
649,		241.86,		311.41,		391.98,
650,		254.90,		333.24,		385.17,
651,		262.75,		316.05,		391.68,
652,		246.15,		334.98,		389.08,
653,		253.09,		332.08,		393.93,
654,		250.24,		354.62,		410.07,
655,		261.27,		360.96,		421.37,
656,		261.86,		361.74,		416.59,
657,		269.62,		346.11,		416.63,
658,		262.16,		362.50,		436.09,
659,		268.54,		354.63,		418.90,
660,		261.01,		364.28,		415.74,
661,		281.46,		363.38,		406.04,
662,		274.36,		350.06,		417.32,
663,		254.92,		340.55,		412.44,
664,		252.98,		329.04,		404.79,
665,		267.84,		355.26,		419.55,
666,		250.77,		316.36,		420.48,
667,		217.93,		314.68,		401.32,
668,		249.67,		298.11,		399.69,
669,		236.28,		288.85,		377.84,
670,		248.05,		322.12,		385.90,
671,		226.66,		300.78,		386.39,
672,		249.24,		292.12,		393.55,
673,		238.66,		311.01,		388.33,
674,		228.50,		296.91,		389.88,
675,		250.43,		287.15,		374.82,
676,		236.71,		285.66,		371.76,
677,		235.43,		284.23,		365.91,
678,		239.70,		283.98,		358.19,
679,		220.40,		284.79,		335.01,
680,		222.23,		284.59,		321.78,
681,		224.95,		285.08,		340.28,
682,		241.24,		284.57,		340.37,
683,		231.06,		284.61,		335.66,
684,		239.02,		283.75,		319.13,
685,		225.45,		282.73,		318.59,
686,		237.05,		283.62,		342.03,
687,		247.54,		283.39,		334.51,
688,		237.66,		283.79,		325.21,
689,		245.51,		283.20,		340.41,
690,		227.02,		282.30,		319.53,
691,		223.88,		282.18,		316.85,
692,		225.83,		282.71,		337.71,
693,		223.96,		281.58,		330.68,
694,		223.58,		282.04,		332.30,
695,		221.94,		281.61,		329.93,
696,		220.56,		284.52,		339.01,
697,		223.87,		281.86,		331.06,
698,		224.43,		281.75,		332.27,
699,		242.13,		281.70,		329.83,
700,		252.26,		281.81,		319.93,
701,		235.57,		283.92,		319.30,
702,		236.95,		283.00,		324.52,
703,		243.23,		282.56,		321.69,
704,		239.30,		283.71,		334.86,
705,		229.76,		284.87,		342.19,
706,		229.65,		290.75,		349.04,
707,		241.34,		297.93,		358.31,
708,		251.08,		297.47,		329.74,
709,		257.99,		298.50,		332.90,
710,		234.03,		298.01,		338.98,
711,		236.99,		297.78,		350.28,
712,		238.17,		297.77,		345.36,
713,		227.82,		290.80,		337.05,
714,		205.34,		265.12,		329.13,
715,		200.03,		269.83,		330.73,
716,		220.93,		254.50,		332.95,
717,		214.34,		267.05,		331.75,
718,		214.46,		268.29,		330.94,
719,		220.50,		283.13,		320.05,
720,		228.41,		287.22,		348.40,
721,		218.82,		292.77,		360.31,
722,		215.36,		291.63,		332.61,
723,		237.81,		294.03,		344.07,
724,		233.92,		289.95,		336.95,
725,		235.61,		292.88,		343.75,
726,		237.63,		292.11,		332.43,
727,		235.23,		290.89,		332.20,
728,		253.16,		293.55,		340.90,
729,		246.02,		294.84,		336.83,
730,		250.63,		295.48,		346.72,
731,		252.81,		296.14,		343.86,
732,		253.99,		296.39,		345.06,
733,		267.43,		296.60,		356.70,
734,		265.25,		296.63,		347.71,
735,		228.26,		296.71,		344.91,
736,		230.21,		296.19,		345.36,
737,		233.65,		296.29,		344.75,
738,		240.55,		296.41,		340.53,
739,		230.03,		296.45,		348.75,
740,		271.17,		301.91,		336.75,
741,		259.81,		299.77,		335.10,
742,		263.70,		309.19,		353.96,
743,		249.43,		311.89,		376.66,
744,		260.46,		310.44,		387.72,
745,		247.43,		310.37,		365.24,
746,		254.80,		320.44,		374.82,
747,		252.97,		314.77,		371.52,
748,		249.43,		318.46,		361.55,
749,		261.01,		333.59,		370.56,
750,		249.94,		337.51,		392.95,
751,		247.08,		343.66,		405.76,
752,		245.22,		336.92,		403.99,
753,		264.49,		333.50,		378.11,
754,		269.31,		330.60,		382.26,
755,		267.73,		332.76,		380.81,
756,		274.75,		330.86,		387.21,
757,		262.27,		324.67,		380.08,
758,		260.93,		322.30,		377.57,
759,		262.65,		322.59,		373.83,
760,		269.21,		321.24,		362.27,
761,		257.76,		328.15,		365.68,
762,		263.43,		327.51,		381.44,
763,		258.21,		317.33,		361.08,
764,		251.12,		318.39,		358.69,
765,		251.01,		314.91,		365.86,
766,		246.74,		311.48,		342.25,
767,		239.96,		315.30,		361.46,
768,		242.16,		310.50,		343.73,
769,		252.44,		315.13,		361.36,
770,		263.29,		314.25,		350.65,
771,		259.73,		316.50,		361.29,
772,		276.39,		317.49,		354.46,
773,		271.54,		317.93,		356.68,
774,		279.69,		316.67,		362.69,
775,		276.72,		316.87,		359.93,
776,		265.93,		303.79,		372.06,
777,		251.02,		299.21,		369.94,
778,		249.94,		299.15,		357.05,
779,		253.97,		300.69,		355.95,
780,		255.45,		300.18,		359.80,
781,		251.70,		297.71,		351.54,
782,		251.67,		299.05,		343.53,
783,		239.10,		299.98,		332.25,
784,		249.81,		301.81,		337.77,
785,		235.52,		305.07,		334.70,
786,		255.77,		302.96,		345.78,
787,		240.63,		299.41,		335.59,
788,		245.97,		303.57,		344.40,
789,		236.82,		299.23,		339.77,
790,		233.89,		303.78,		336.88,
791,		233.95,		304.36,		352.96,
792,		236.63,		291.94,		339.35,
793,		236.14,		301.04,		349.84,
794,		228.96,		303.32,		345.00,
795,		243.90,		294.12,		345.41,
796,		252.81,		292.06,		345.49,
797,		245.92,		297.99,		342.48,
798,		242.45,		302.51,		362.67,
799,		248.84,		303.86,		341.12,
800,		258.56,		306.32,		343.55,
801,		248.01,		290.52,		338.46,
802,		252.77,		298.49,		337.40,
803,		215.43,		301.65,		338.35,
804,		225.59,		303.05,		332.51,
805,		247.35,		308.21,		341.32,
806,		246.63,		306.26,		339.15,
807,		246.82,		308.13,		339.26,
808,		252.35,		307.25,		368.63,
809,		252.53,		306.77,		339.71,
810,		265.31,		306.99,		339.84,
811,		253.16,		305.86,		345.95,
812,		264.02,		304.60,		346.71,
813,		262.99,		305.05,		339.15,
814,		247.99,		305.57,		335.03,
815,		240.34,		306.04,		341.16,
816,		275.56,		307.74,		342.66,
817,		259.12,		307.14,		341.29,
818,		243.26,		307.08,		359.11,
819,		233.22,		306.84,		345.69,
820,		238.33,		304.74,		348.92,
821,		247.81,		305.67,		335.49,
822,		261.97,		306.61,		342.00,
823,		240.52,		307.19,		346.61,
824,		242.60,		307.48,		347.11,
825,		246.46,		307.11,		341.92,
826,		248.76,		307.18,		334.92,
827,		278.96,		315.05,		342.28,
828,		264.05,		301.87,		358.19,
829,		268.66,		311.16,		346.66,
830,		269.89,		319.45,		359.08,
831,		274.10,		323.96,		367.84,
832,		275.76,		325.91,		368.16,
833,		273.15,		328.92,		355.59,
834,		270.65,		339.45,		380.13,
835,		279.32,		334.75,		363.24,
836,		274.63,		337.23,		373.74,
837,		288.39,		342.16,		396.82,
838,		296.98,		343.07,		401.76,
839,		286.61,		343.08,		380.72,
840,		287.71,		336.16,		372.82,
841,		270.55,		339.46,		376.82,
842,		265.63,		329.48,		372.42,
843,		268.55,		321.93,		362.87,
844,		269.55,		323.37,		370.76,
845,		271.50,		323.85,		360.88,
846,		270.72,		323.29,		355.40,
847,		263.12,		323.46,		361.53,
848,		269.52,		323.23,		362.64,
849,		270.66,		327.84,		364.89,
850,		278.41,		331.14,		367.48,
851,		287.33,		332.08,		363.06,
852,		296.61,		333.65,		370.80,
853,		283.87,		334.36,		377.15,
854,		287.24,		333.44,		363.10,
855,		278.50,		334.62,		369.48,
856,		275.42,		337.65,		375.27,
857,		275.28,		337.26,		364.94,
858,		285.61,		335.30,		365.22,
859,		280.05,		331.40,		384.00,
860,		266.53,		336.33,		364.34,
861,		277.85,		337.69,		374.64,
862,		275.57,		335.32,		367.59,
863,		279.76,		335.64,		370.97,
864,		249.89,		336.53,		372.95,
865,		246.35,		336.01,		368.32,
866,		283.53,		335.05,		366.90,
867,		262.06,		326.17,		370.82,
868,		254.22,		319.71,		373.65,
869,		254.13,		316.82,		368.96,
870,		259.62,		315.63,		352.13,
871,		280.38,		326.56,		355.75,
872,		268.31,		320.97,		368.62,
873,		266.19,		329.51,		375.14,
874,		289.08,		337.07,		377.31,
875,		288.23,		325.52,		382.12,
876,		257.95,		318.90,		406.34,
877,		272.91,		316.97,		406.62,
878,		269.67,		314.15,		403.42,
879,		261.30,		314.79,		371.90,
880,		251.89,		314.47,		351.65,
881,		251.82,		314.34,		366.20,
882,		254.69,		314.81,		346.60,
883,		247.26,		315.30,		367.86,
884,		253.66,		314.69,		376.40,
885,		254.31,		314.61,		377.85,
886,		267.13,		314.90,		351.68,
887,		257.44,		314.68,		351.32,
888,		259.88,		314.77,		370.66,
889,		259.54,		315.07,		349.27,
890,		279.13,		318.25,		349.88,
891,		273.77,		328.53,		361.16,
892,		267.27,		326.71,		359.90,
893,		261.29,		329.19,		382.58,
894,		268.14,		329.40,		388.75,
895,		260.03,		329.44,		385.78,
896,		269.56,		327.20,		388.13,
897,		269.69,		325.39,		381.96,
898,		268.97,		324.62,		386.00,
899,		267.81,		325.60,		380.98,
900,		279.94,		325.60,		384.83,
901,		283.16,		325.67,		382.70,
902,		285.45,		326.30,		386.64,
903,		266.60,		326.41,		382.90,
904,		280.24,		325.14,		392.44,
905,		284.29,		323.85,		383.75,
906,		280.53,		325.43,		379.57,
907,		269.09,		324.92,		367.62,
908,		269.42,		324.98,		363.63,
909,		274.75,		323.99,		375.18,
910,		264.29,		325.30,		388.05,
911,		261.02,		327.94,		365.62,
912,		273.52,		331.58,		378.13,
913,		274.35,		332.29,		366.04,
914,		268.57,		337.28,		373.87,
915,		269.41,		335.69,		393.18,
916,		284.03,		336.63,		396.89,
917,		263.95,		334.92,		377.89,
918,		263.42,		339.10,		390.03,
919,		257.65,		337.12,		383.38,
920,		268.78,		335.23,		371.62,
921,		271.00,		343.62,		406.20,
922,		273.17,		342.04,		383.35,
923,		267.33,		340.04,		384.51,
924,		271.12,		336.06,		398.14,
925,		254.70,		344.10,		387.53,
926,		293.57,		344.39,		382.36,
927,		300.61,		344.55,		383.87,
928,		272.24,		344.53,		399.89,
929,		271.18,		343.41,		375.15,
930,		272.80,		343.20,		399.36,
931,		267.32,		338.16,		390.55,
932,		265.05,		340.00,		376.81,
933,		271.92,		337.46,		400.93,
934,		266.49,		338.36,		378.01,
935,		283.24,		341.30,		386.12,
936,		267.16,		338.38,		394.35,
937,		273.20,		336.50,		374.85,
938,		272.28,		337.79,		401.31,
939,		278.66,		338.72,		406.89,
940,		248.70,		338.52,		406.02,
941,		282.71,		339.12,		431.45,
942,		253.68,		317.92,		381.17,
943,		234.93,		306.16,		375.61,
944,		249.50,		301.86,		359.13,
945,		248.19,		299.24,		345.80,
946,		248.52,		297.22,		363.71,
947,		241.53,		295.99,		365.77,
948,		247.58,		296.10,		369.62,
949,		236.90,		296.42,		347.27,
950,		240.05,		285.15,		346.43,
951,		231.10,		281.17,		339.38,
952,		231.61,		279.58,		338.22,
953,		238.97,		277.68,		340.94,
954,		225.30,		267.52,		340.43,
955,		221.19,		276.26,		348.39,
956,		232.48,		281.54,		342.53,
957,		232.62,		281.68,		337.33,
958,		217.24,		284.83,		343.16,
959,		247.72,		289.55,		324.52,
960,		251.43,		288.56,		356.88,
961,		250.07,		291.11,		337.99,
962,		248.48,		291.73,		347.82,
963,		240.17,		297.89,		337.38,
964,		239.17,		306.36,		360.58,
965,		251.12,		302.30,		366.01,
966,		247.00,		297.67,		345.88,
967,		233.01,		295.66,		343.63,
968,		241.49,		298.10,		350.81,
969,		239.83,		299.95,		355.68,
970,		236.42,		288.93,		346.95,
971,		220.80,		294.56,		350.66,
972,		235.32,		298.64,		350.83,
973,		236.68,		287.73,		362.16,
974,		228.83,		282.72,		359.78,
975,		205.15,		262.22,		365.27,
976,		196.23,		252.06,		365.90,
977,		203.33,		246.54,		349.31,
978,		191.54,		244.24,		306.23,
979,		196.18,		241.94,		303.58,
980,		211.78,		241.74,		287.40,
981,		211.11,		242.60,		302.79,
982,		195.37,		242.54,		300.93,
983,		201.75,		242.81,		301.22,
984,		192.38,		242.67,		312.41,
985,		205.23,		242.91,		300.87,
986,		191.90,		242.57,		299.47,
987,		206.08,		242.92,		301.66,
988,		201.51,		243.25,		296.83,
989,		202.41,		242.33,		278.46,
990,		201.50,		243.18,		279.97,
991,		189.17,		241.77,		281.27,
992,		204.61,		242.49,		285.35,
993,		190.30,		242.01,		285.35,
994,		192.72,		241.58,		283.42,
995,		194.91,		241.78,		283.86,
996,		204.49,		240.83,		290.87,
997,		192.29,		241.02,		286.49,
998,		198.00,		241.69,		287.94,
999,		185.19,		234.46,		275.83,
