RANDOM_SEED, 1698989104
GEN,		MIN,			AVE,			MAX,
0,		81.19,		250.79,		454.72,
1,		61.21,		240.53,		469.48,
2,		82.53,		244.47,		394.61,
3,		111.34,		245.23,		392.78,
4,		128.44,		239.80,		339.38,
5,		171.81,		245.27,		353.97,
6,		178.11,		240.86,		348.49,
7,		177.48,		236.92,		316.17,
8,		193.14,		235.18,		296.08,
9,		162.26,		234.66,		303.47,
10,		158.97,		239.86,		304.31,
11,		190.18,		240.24,		308.76,
12,		179.60,		243.22,		293.98,
13,		178.15,		244.67,		297.54,
14,		185.76,		244.64,		292.76,
15,		184.62,		244.71,		306.45,
16,		186.61,		244.52,		304.08,
17,		195.06,		244.89,		277.07,
18,		189.43,		244.96,		299.03,
19,		194.33,		245.03,		304.34,
20,		198.22,		245.06,		306.86,
21,		191.88,		244.94,		305.72,
22,		191.23,		244.55,		279.46,
23,		194.82,		243.64,		303.17,
24,		191.08,		244.27,		284.45,
25,		189.19,		252.10,		301.92,
26,		193.18,		257.63,		289.94,
27,		216.61,		261.30,		326.66,
28,		228.98,		262.37,		323.45,
29,		231.62,		262.96,		326.09,
30,		221.79,		263.05,		294.07,
31,		212.24,		263.22,		319.77,
32,		212.33,		263.10,		323.38,
33,		214.77,		263.48,		324.47,
34,		211.36,		262.98,		326.83,
35,		205.61,		262.98,		303.27,
36,		210.19,		263.17,		307.30,
37,		195.20,		244.50,		322.25,
38,		187.09,		236.35,		326.74,
39,		185.26,		239.75,		326.38,
40,		196.38,		245.85,		338.25,
41,		196.14,		248.23,		338.09,
42,		193.68,		244.81,		343.63,
43,		178.83,		235.49,		288.63,
44,		187.78,		232.45,		292.00,
45,		187.79,		228.94,		289.95,
46,		186.53,		227.07,		293.28,
47,		190.03,		226.64,		319.27,
48,		186.52,		226.06,		287.39,
49,		190.30,		229.12,		281.51,
50,		189.72,		227.58,		294.97,
51,		198.78,		227.06,		288.75,
52,		193.42,		226.25,		285.86,
53,		192.42,		226.05,		286.91,
54,		189.09,		226.77,		284.34,
55,		191.06,		226.51,		282.23,
56,		191.32,		226.31,		287.55,
57,		174.28,		226.27,		285.51,
58,		201.88,		226.56,		284.16,
59,		187.45,		226.55,		284.40,
60,		186.37,		224.71,		290.09,
61,		187.17,		237.03,		294.47,
62,		195.27,		256.07,		343.32,
63,		197.06,		241.95,		348.87,
64,		184.56,		235.52,		353.22,
65,		163.71,		230.13,		349.11,
66,		189.71,		228.10,		345.26,
67,		197.51,		226.83,		304.75,
68,		192.86,		226.09,		277.39,
69,		192.22,		225.86,		270.02,
70,		187.31,		225.76,		264.06,
71,		187.97,		225.74,		259.39,
72,		183.30,		225.77,		281.29,
73,		192.31,		230.95,		299.54,
74,		185.36,		232.70,		287.07,
75,		188.30,		233.49,		295.18,
76,		192.52,		234.30,		297.66,
77,		191.86,		233.74,		291.71,
78,		190.63,		230.01,		294.89,
79,		185.74,		231.04,		273.45,
80,		188.12,		230.81,		295.54,
81,		183.91,		225.93,		292.83,
82,		201.85,		230.48,		299.58,
83,		202.33,		232.39,		279.88,
84,		183.36,		232.98,		292.09,
85,		182.44,		233.22,		291.60,
86,		200.31,		234.22,		310.05,
87,		199.29,		234.07,		295.34,
88,		200.19,		234.13,		293.19,
89,		195.47,		234.80,		299.39,
90,		204.35,		235.02,		301.86,
91,		202.01,		234.87,		289.15,
92,		181.03,		234.77,		290.74,
93,		194.35,		233.75,		295.49,
94,		191.50,		233.88,		320.79,
95,		199.23,		231.27,		288.73,
96,		201.38,		230.88,		294.15,
97,		203.40,		230.15,		296.74,
98,		191.60,		229.94,		298.12,
99,		191.90,		224.91,		290.17,
100,		194.92,		228.86,		328.35,
101,		193.39,		224.69,		288.20,
102,		189.46,		227.96,		258.11,
103,		180.27,		233.65,		292.39,
104,		187.93,		228.90,		308.01,
105,		181.12,		230.35,		307.36,
106,		188.63,		237.55,		311.55,
107,		206.74,		238.54,		313.48,
108,		199.52,		238.72,		292.88,
109,		188.52,		241.89,		308.33,
110,		205.13,		244.17,		322.15,
111,		198.94,		244.78,		292.00,
112,		199.37,		245.10,		309.17,
113,		201.03,		244.33,		308.72,
114,		202.28,		244.85,		289.67,
115,		206.15,		245.03,		305.14,
116,		208.76,		261.00,		337.64,
117,		211.11,		257.79,		344.22,
118,		219.54,		253.76,		311.55,
119,		204.28,		259.54,		350.50,
120,		206.47,		247.96,		329.41,
121,		198.58,		248.52,		310.98,
122,		189.86,		243.99,		299.61,
123,		192.02,		233.88,		299.89,
124,		176.90,		218.06,		292.04,
125,		177.20,		210.66,		272.89,
126,		161.96,		207.60,		276.68,
127,		178.23,		205.97,		274.63,
128,		170.92,		204.31,		266.69,
129,		175.73,		204.64,		272.21,
130,		177.42,		204.28,		268.16,
131,		176.89,		203.94,		269.63,
132,		168.10,		203.53,		260.59,
133,		173.13,		203.22,		262.22,
134,		175.11,		203.69,		268.52,
135,		166.59,		203.64,		270.76,
136,		166.95,		202.84,		261.51,
137,		168.99,		202.94,		265.53,
138,		179.53,		200.22,		272.20,
139,		171.17,		200.79,		276.43,
140,		180.76,		209.89,		278.99,
141,		174.52,		204.21,		278.30,
142,		175.83,		212.86,		291.56,
143,		184.67,		219.00,		283.49,
144,		184.92,		220.24,		265.57,
145,		182.16,		222.60,		282.36,
146,		179.00,		223.55,		286.83,
147,		170.86,		215.03,		280.63,
148,		178.21,		221.27,		293.33,
149,		171.51,		224.54,		264.88,
150,		179.72,		225.76,		281.40,
151,		184.17,		222.58,		292.31,
152,		170.75,		218.80,		297.24,
153,		181.65,		220.26,		286.27,
154,		192.59,		226.43,		269.31,
155,		180.72,		223.02,		267.33,
156,		176.68,		227.35,		271.10,
157,		185.48,		226.32,		291.26,
158,		181.33,		221.93,		280.61,
159,		180.85,		235.71,		345.61,
160,		182.79,		256.03,		332.22,
161,		186.08,		247.41,		330.65,
162,		180.68,		236.94,		330.64,
163,		168.26,		223.26,		332.62,
164,		173.24,		214.73,		309.65,
165,		174.27,		214.11,		305.59,
166,		176.04,		221.59,		301.20,
167,		188.32,		226.31,		285.08,
168,		191.75,		227.71,		286.80,
169,		191.69,		228.59,		291.82,
170,		175.88,		216.63,		293.25,
171,		184.90,		223.17,		293.41,
172,		180.98,		226.16,		296.34,
173,		194.89,		227.68,		263.68,
174,		189.26,		228.76,		264.25,
175,		194.25,		229.67,		295.31,
176,		196.40,		234.77,		284.01,
177,		193.19,		232.67,		306.47,
178,		192.33,		231.08,		304.63,
179,		194.11,		229.80,		276.48,
180,		192.11,		228.76,		286.29,
181,		175.34,		221.04,		289.62,
182,		171.52,		214.44,		273.68,
183,		170.83,		210.25,		250.60,
184,		168.46,		208.64,		291.55,
185,		167.64,		208.49,		269.41,
186,		174.09,		207.87,		247.39,
187,		177.31,		208.21,		266.57,
188,		168.69,		208.14,		245.53,
189,		173.38,		219.36,		302.03,
190,		179.85,		226.14,		296.58,
191,		177.62,		228.79,		297.59,
192,		197.17,		230.68,		291.83,
193,		188.14,		231.28,		298.41,
194,		175.81,		231.71,		294.01,
195,		179.22,		231.63,		294.59,
196,		180.29,		231.25,		263.23,
197,		174.34,		231.19,		262.98,
198,		169.63,		230.79,		268.87,
199,		180.47,		231.95,		272.99,
200,		175.48,		232.27,		296.36,
201,		179.06,		232.12,		295.91,
202,		175.11,		232.05,		298.83,
203,		178.06,		232.51,		309.11,
204,		184.58,		232.43,		301.56,
205,		182.27,		232.15,		296.93,
206,		173.93,		232.56,		295.71,
207,		172.53,		232.08,		288.85,
208,		181.18,		231.99,		284.65,
209,		180.44,		231.75,		294.02,
210,		180.45,		231.72,		291.01,
211,		169.88,		232.15,		289.83,
212,		191.49,		233.26,		293.36,
213,		199.23,		233.89,		299.85,
214,		189.07,		233.48,		297.19,
215,		177.79,		231.31,		308.45,
216,		172.84,		232.13,		307.42,
217,		156.09,		233.44,		300.31,
218,		186.34,		234.02,		302.19,
219,		175.16,		232.50,		302.40,
220,		203.16,		232.34,		296.90,
221,		175.68,		231.27,		264.83,
222,		170.89,		231.48,		259.97,
223,		177.79,		231.64,		294.00,
224,		176.98,		234.11,		294.42,
225,		173.36,		232.61,		294.59,
226,		169.42,		231.48,		275.94,
227,		206.43,		235.36,		297.48,
228,		215.40,		235.60,		286.63,
229,		204.72,		233.20,		270.25,
230,		201.57,		232.20,		272.91,
231,		200.61,		231.49,		270.18,
232,		200.94,		230.98,		272.77,
233,		202.88,		231.70,		319.48,
234,		196.89,		229.10,		289.96,
235,		171.96,		228.83,		294.60,
236,		180.58,		230.26,		291.98,
237,		201.00,		233.19,		299.17,
238,		174.80,		231.58,		303.20,
239,		191.84,		228.05,		303.41,
240,		183.51,		228.12,		300.13,
241,		172.52,		228.98,		322.63,
242,		173.23,		228.34,		288.84,
243,		174.14,		229.02,		293.59,
244,		171.73,		225.79,		289.96,
245,		174.88,		226.81,		288.56,
246,		181.55,		227.28,		266.12,
247,		181.12,		227.27,		251.01,
248,		184.55,		227.74,		265.43,
249,		189.22,		228.22,		263.31,
250,		183.78,		228.45,		291.17,
251,		187.29,		227.74,		276.94,
252,		185.14,		226.28,		282.57,
253,		180.21,		226.14,		264.16,
254,		177.72,		225.79,		259.40,
255,		164.68,		225.35,		265.37,
256,		165.47,		225.44,		259.75,
257,		171.86,		225.36,		287.01,
258,		189.22,		222.63,		288.24,
259,		178.24,		223.00,		287.20,
260,		172.12,		222.29,		291.56,
261,		167.02,		224.53,		283.40,
262,		189.40,		222.94,		287.88,
263,		194.05,		222.41,		284.73,
264,		188.16,		222.96,		281.41,
265,		191.17,		224.03,		268.48,
266,		183.15,		220.61,		276.80,
267,		173.72,		225.38,		287.53,
268,		179.88,		225.92,		296.45,
269,		187.53,		227.41,		296.83,
270,		184.10,		225.94,		298.58,
271,		195.86,		225.95,		274.92,
272,		186.53,		226.71,		270.15,
273,		171.10,		234.68,		288.58,
274,		169.73,		232.24,		289.80,
275,		202.13,		232.48,		299.03,
276,		170.40,		230.73,		310.49,
277,		180.97,		235.26,		282.29,
278,		182.05,		224.11,		285.79,
279,		162.43,		228.98,		263.02,
280,		160.50,		221.17,		279.28,
281,		165.93,		223.54,		269.87,
282,		166.34,		223.56,		267.76,
283,		179.48,		225.37,		280.36,
284,		179.58,		231.44,		282.80,
285,		158.93,		228.98,		273.50,
286,		185.72,		231.54,		273.36,
287,		184.81,		230.54,		278.91,
288,		185.04,		233.60,		283.65,
289,		193.02,		230.81,		298.43,
290,		196.96,		237.89,		288.44,
291,		186.85,		233.43,		313.67,
292,		170.85,		234.63,		317.68,
293,		185.98,		234.08,		292.04,
294,		164.46,		244.40,		319.24,
295,		208.46,		244.43,		315.19,
296,		193.66,		246.87,		343.43,
297,		182.95,		245.80,		319.30,
298,		181.62,		244.97,		299.95,
299,		206.42,		245.72,		307.05,
300,		195.23,		244.84,		306.64,
301,		200.58,		244.99,		308.61,
302,		186.49,		245.40,		307.92,
303,		183.51,		245.15,		308.71,
304,		186.70,		244.65,		308.13,
305,		189.54,		244.49,		312.70,
306,		209.34,		245.32,		308.64,
307,		210.54,		244.74,		314.13,
308,		210.48,		244.51,		281.63,
309,		194.24,		244.15,		305.70,
310,		203.13,		243.94,		308.36,
311,		205.77,		243.82,		304.28,
312,		183.88,		244.38,		282.09,
313,		184.11,		243.64,		303.14,
314,		187.31,		243.42,		317.18,
315,		185.76,		243.85,		305.37,
316,		187.54,		244.02,		306.93,
317,		190.04,		244.03,		306.65,
318,		191.54,		244.18,		309.19,
319,		199.18,		245.26,		336.82,
320,		197.77,		244.65,		308.89,
321,		185.09,		261.01,		307.23,
322,		195.56,		258.59,		338.24,
323,		212.21,		268.14,		312.45,
324,		210.60,		257.28,		323.47,
325,		190.46,		250.20,		324.48,
326,		192.09,		246.62,		322.01,
327,		165.21,		245.92,		307.95,
328,		211.45,		246.05,		282.78,
329,		207.34,		245.17,		305.04,
330,		211.78,		245.71,		306.65,
331,		203.10,		245.89,		307.21,
332,		209.58,		249.01,		308.69,
333,		199.53,		249.08,		318.00,
334,		210.79,		250.64,		304.76,
335,		209.83,		251.89,		314.41,
336,		192.28,		251.54,		320.34,
337,		217.96,		251.58,		315.84,
338,		220.57,		251.96,		313.35,
339,		196.50,		252.17,		316.20,
340,		205.40,		251.89,		317.27,
341,		195.05,		251.38,		315.42,
342,		194.90,		251.74,		317.17,
343,		197.71,		252.64,		311.84,
344,		196.91,		253.31,		320.05,
345,		195.72,		253.14,		315.63,
346,		196.51,		253.63,		316.19,
347,		189.82,		252.53,		307.17,
348,		193.59,		253.39,		316.28,
349,		190.90,		256.50,		337.78,
350,		193.59,		253.91,		327.73,
351,		188.70,		241.41,		331.74,
352,		189.73,		234.55,		328.08,
353,		192.75,		232.11,		291.18,
354,		196.48,		231.15,		289.73,
355,		175.77,		215.28,		282.41,
356,		163.27,		212.79,		292.69,
357,		150.72,		219.78,		292.17,
358,		174.15,		225.44,		287.49,
359,		178.57,		226.34,		281.25,
360,		180.02,		230.94,		294.88,
361,		175.91,		216.82,		302.96,
362,		176.12,		210.15,		298.57,
363,		174.75,		219.06,		287.62,
364,		186.92,		223.83,		291.89,
365,		172.83,		232.28,		287.88,
366,		189.02,		230.67,		284.81,
367,		191.98,		236.56,		275.73,
368,		191.28,		240.34,		291.67,
369,		178.95,		227.13,		304.15,
370,		160.85,		228.17,		303.77,
371,		190.29,		235.24,		291.75,
372,		191.56,		238.64,		296.84,
373,		184.62,		239.85,		294.40,
374,		199.39,		241.13,		303.50,
375,		194.48,		240.66,		302.37,
376,		198.19,		240.74,		276.93,
377,		205.16,		240.91,		294.93,
378,		200.08,		241.09,		309.43,
379,		207.90,		241.50,		300.10,
380,		206.24,		241.60,		314.45,
381,		207.86,		241.36,		313.40,
382,		204.23,		241.59,		317.18,
383,		210.87,		241.85,		312.97,
384,		216.08,		241.46,		293.64,
385,		204.11,		241.55,		304.77,
386,		202.84,		241.24,		297.39,
387,		204.00,		241.17,		295.02,
388,		208.38,		241.83,		301.01,
389,		204.44,		241.49,		328.68,
390,		204.42,		241.83,		299.11,
391,		180.38,		241.21,		304.94,
392,		174.33,		241.37,		302.18,
393,		200.90,		241.84,		298.92,
394,		197.73,		239.77,		291.83,
395,		202.14,		240.33,		295.33,
396,		198.72,		241.11,		287.48,
397,		208.21,		241.18,		281.89,
398,		207.49,		241.37,		299.14,
399,		202.27,		241.82,		286.37,
400,		200.22,		242.04,		291.22,
401,		196.53,		238.27,		282.01,
402,		192.32,		236.34,		288.67,
403,		190.88,		239.74,		311.36,
404,		207.68,		241.24,		307.92,
405,		204.73,		236.54,		312.06,
406,		201.47,		239.22,		297.58,
407,		201.64,		240.20,		305.30,
408,		208.28,		240.60,		299.22,
409,		180.95,		235.78,		305.90,
410,		199.55,		238.16,		278.21,
411,		207.50,		233.97,		287.09,
412,		201.84,		232.07,		290.98,
413,		184.80,		229.05,		283.25,
414,		186.99,		229.94,		282.80,
415,		195.58,		229.36,		292.10,
416,		195.35,		229.44,		295.53,
417,		194.24,		229.21,		293.36,
418,		193.11,		227.69,		281.18,
419,		189.40,		227.81,		277.84,
420,		177.17,		229.50,		281.01,
421,		189.95,		228.81,		276.29,
422,		189.89,		230.22,		296.57,
423,		195.29,		237.51,		275.32,
424,		194.77,		234.07,		299.86,
425,		189.31,		230.27,		274.87,
426,		193.83,		228.44,		314.04,
427,		191.42,		228.07,		317.01,
428,		187.55,		228.18,		310.77,
429,		190.70,		227.88,		292.84,
430,		191.01,		227.47,		272.21,
431,		187.94,		227.15,		274.42,
432,		186.21,		227.51,		280.32,
433,		193.78,		227.82,		273.70,
434,		191.99,		226.80,		279.64,
435,		192.99,		226.46,		279.57,
436,		190.71,		225.88,		274.05,
437,		196.17,		226.56,		276.79,
438,		190.43,		226.06,		277.30,
439,		188.11,		222.48,		270.53,
440,		188.86,		224.79,		273.63,
441,		193.32,		225.74,		272.11,
442,		191.39,		226.16,		271.86,
443,		170.68,		219.23,		280.55,
444,		176.57,		222.34,		275.84,
445,		173.52,		215.97,		277.30,
446,		171.22,		220.91,		270.98,
447,		176.09,		215.97,		259.31,
448,		184.39,		222.76,		259.44,
449,		180.07,		216.51,		260.60,
450,		181.78,		213.33,		260.74,
451,		182.78,		219.35,		276.51,
452,		180.56,		224.31,		277.77,
453,		170.30,		215.18,		278.32,
454,		169.63,		210.73,		251.95,
455,		175.35,		219.60,		264.00,
456,		169.05,		212.77,		284.59,
457,		167.72,		209.27,		255.83,
458,		167.29,		207.15,		249.18,
459,		148.67,		202.17,		251.43,
460,		146.62,		193.46,		256.70,
461,		135.91,		183.67,		249.60,
462,		137.67,		178.85,		250.28,
463,		133.88,		187.30,		251.30,
464,		135.71,		194.15,		253.93,
465,		136.52,		184.54,		256.48,
466,		139.80,		192.70,		278.92,
467,		138.55,		195.48,		281.38,
468,		151.33,		197.92,		247.28,
469,		147.55,		199.50,		251.39,
470,		163.12,		200.19,		272.64,
471,		163.06,		197.91,		245.64,
472,		163.68,		205.79,		260.17,
473,		166.25,		209.69,		264.10,
474,		173.96,		211.84,		267.96,
475,		154.79,		200.82,		251.60,
476,		163.99,		208.21,		256.40,
477,		170.93,		211.99,		267.70,
478,		176.44,		212.84,		271.30,
479,		147.75,		213.28,		256.08,
480,		151.31,		213.59,		263.27,
481,		159.80,		217.48,		275.99,
482,		183.37,		217.73,		283.52,
483,		179.39,		216.75,		272.17,
484,		177.24,		213.56,		265.53,
485,		172.82,		215.77,		273.74,
486,		182.50,		216.76,		270.25,
487,		178.56,		212.93,		271.61,
488,		177.65,		218.61,		273.71,
489,		174.39,		213.57,		268.92,
490,		169.87,		212.48,		271.45,
491,		174.59,		215.41,		266.70,
492,		172.52,		218.89,		272.16,
493,		176.89,		222.06,		273.71,
494,		164.83,		223.36,		274.88,
495,		169.14,		216.53,		274.54,
496,		177.17,		220.72,		281.93,
497,		175.42,		215.54,		276.70,
498,		166.86,		214.86,		273.72,
499,		158.64,		215.94,		277.62,
500,		167.13,		219.38,		274.43,
501,		162.80,		245.51,		321.02,
502,		174.24,		232.30,		316.39,
503,		174.94,		229.31,		323.44,
504,		193.05,		229.49,		312.88,
505,		189.78,		226.55,		320.17,
506,		198.05,		222.69,		318.94,
507,		178.71,		219.45,		276.65,
508,		181.37,		217.24,		276.95,
509,		183.70,		216.75,		274.58,
510,		191.65,		215.23,		269.51,
511,		178.81,		215.75,		267.16,
512,		180.16,		215.02,		272.05,
513,		179.79,		216.39,		261.79,
514,		181.56,		215.24,		273.52,
515,		174.78,		215.62,		261.72,
516,		179.61,		214.21,		262.51,
517,		166.44,		217.00,		278.85,
518,		179.46,		215.38,		277.13,
519,		185.94,		217.20,		275.82,
520,		187.00,		217.47,		274.95,
521,		181.69,		215.57,		285.13,
522,		178.54,		217.16,		284.52,
523,		148.88,		215.44,		283.02,
524,		156.98,		214.26,		272.13,
525,		176.25,		213.13,		273.36,
526,		181.33,		213.21,		272.37,
527,		179.48,		215.82,		271.83,
528,		183.29,		214.63,		264.62,
529,		181.96,		214.43,		265.77,
530,		181.45,		213.84,		267.59,
531,		161.94,		213.20,		271.94,
532,		184.17,		213.31,		252.15,
533,		187.57,		213.33,		264.38,
534,		184.83,		213.57,		267.03,
535,		168.76,		206.90,		261.30,
536,		168.90,		204.19,		254.79,
537,		162.41,		201.14,		255.33,
538,		161.97,		199.51,		227.68,
539,		154.77,		198.54,		245.83,
540,		157.97,		198.82,		249.67,
541,		163.83,		199.19,		257.65,
542,		165.34,		198.63,		251.09,
543,		163.14,		198.44,		249.92,
544,		168.87,		198.38,		245.79,
545,		166.56,		199.20,		240.79,
546,		166.86,		199.48,		249.48,
547,		161.84,		198.97,		238.66,
548,		163.02,		199.89,		259.32,
549,		156.95,		200.26,		251.04,
550,		163.05,		199.42,		250.60,
551,		162.36,		199.05,		248.30,
552,		162.90,		198.92,		246.80,
553,		162.50,		199.54,		260.38,
554,		145.24,		189.55,		254.37,
555,		147.55,		194.20,		256.76,
556,		151.20,		194.40,		258.99,
557,		153.76,		187.40,		241.35,
558,		145.93,		192.95,		270.35,
559,		146.70,		194.06,		253.12,
560,		164.18,		197.21,		252.14,
561,		154.86,		198.43,		252.97,
562,		166.32,		198.08,		253.91,
563,		167.68,		198.29,		251.89,
564,		168.60,		198.87,		243.74,
565,		164.09,		199.29,		260.87,
566,		168.23,		200.24,		245.65,
567,		168.04,		199.42,		255.13,
568,		163.92,		200.70,		257.04,
569,		167.01,		200.23,		255.92,
570,		156.96,		198.72,		258.24,
571,		165.57,		199.85,		253.84,
572,		161.79,		200.26,		248.33,
573,		167.18,		201.08,		256.75,
574,		165.24,		201.45,		257.91,
575,		158.10,		201.65,		260.60,
576,		159.08,		200.98,		261.21,
577,		161.50,		201.00,		264.04,
578,		159.64,		201.09,		260.16,
579,		174.74,		201.16,		260.49,
580,		172.65,		201.61,		257.17,
581,		174.08,		200.88,		251.17,
582,		166.06,		201.50,		261.53,
583,		165.99,		202.11,		260.00,
584,		163.39,		201.86,		259.95,
585,		164.29,		202.80,		274.58,
586,		168.95,		202.71,		267.22,
587,		163.24,		203.11,		256.34,
588,		162.17,		202.01,		260.07,
589,		149.89,		228.80,		272.98,
590,		173.40,		242.54,		313.55,
591,		195.21,		257.44,		324.15,
592,		190.19,		255.34,		323.03,
593,		188.13,		254.58,		317.60,
594,		188.61,		254.85,		301.50,
595,		196.75,		255.30,		326.05,
596,		195.19,		255.73,		306.64,
597,		195.75,		254.60,		310.10,
598,		200.91,		255.33,		300.52,
599,		197.31,		255.23,		312.04,
600,		188.13,		258.41,		315.56,
601,		198.13,		258.42,		305.48,
602,		201.15,		257.98,		304.40,
603,		203.09,		259.82,		314.67,
604,		227.67,		259.78,		322.30,
605,		217.62,		258.17,		314.86,
606,		214.82,		260.13,		305.76,
607,		207.56,		261.05,		312.02,
608,		206.68,		261.31,		307.05,
609,		200.70,		261.75,		316.44,
610,		209.78,		262.50,		318.08,
611,		219.55,		263.54,		319.32,
612,		215.16,		263.10,		323.20,
613,		220.20,		262.43,		308.97,
614,		220.85,		262.41,		315.28,
615,		203.81,		262.52,		317.70,
616,		208.56,		262.03,		318.82,
617,		222.22,		262.24,		315.74,
618,		215.93,		262.10,		320.63,
619,		224.19,		261.93,		308.95,
620,		201.27,		261.57,		308.63,
621,		203.95,		261.92,		306.49,
622,		216.92,		261.40,		311.23,
623,		189.14,		243.32,		308.17,
624,		205.93,		252.91,		307.76,
625,		188.89,		237.07,		317.56,
626,		179.69,		225.14,		303.23,
627,		190.12,		224.50,		285.76,
628,		192.19,		241.72,		309.95,
629,		188.54,		249.25,		359.68,
630,		194.15,		256.15,		359.35,
631,		188.43,		255.83,		317.39,
632,		189.40,		257.87,		313.92,
633,		196.84,		257.17,		308.77,
634,		198.63,		257.56,		313.50,
635,		203.77,		258.47,		316.73,
636,		221.22,		258.10,		314.87,
637,		222.23,		262.65,		313.24,
638,		199.87,		260.19,		317.73,
639,		200.13,		263.06,		309.60,
640,		196.01,		260.32,		316.72,
641,		198.63,		262.21,		322.29,
642,		198.71,		263.73,		315.82,
643,		197.84,		264.35,		316.13,
644,		202.41,		266.06,		309.05,
645,		220.24,		265.38,		328.44,
646,		218.68,		266.97,		328.95,
647,		220.01,		272.67,		330.90,
648,		219.03,		270.70,		319.01,
649,		220.62,		269.47,		307.39,
650,		223.65,		273.99,		330.58,
651,		229.06,		271.48,		327.97,
652,		220.07,		269.79,		324.73,
653,		224.44,		266.33,		315.68,
654,		226.34,		274.59,		331.53,
655,		226.44,		271.60,		326.81,
656,		200.69,		268.17,		320.43,
657,		215.49,		268.52,		329.41,
658,		206.15,		267.17,		328.64,
659,		213.20,		268.21,		287.88,
660,		232.71,		264.34,		324.18,
661,		215.73,		261.86,		316.73,
662,		228.27,		260.22,		320.96,
663,		224.19,		259.87,		320.36,
664,		205.84,		258.52,		323.73,
665,		215.62,		258.88,		308.74,
666,		200.08,		259.40,		309.41,
667,		204.09,		259.82,		309.00,
668,		202.36,		259.50,		317.69,
669,		199.34,		259.57,		315.31,
670,		199.44,		260.11,		314.77,
671,		203.88,		260.08,		313.40,
672,		210.32,		251.18,		303.28,
673,		212.20,		254.75,		305.04,
674,		211.72,		248.16,		308.42,
675,		194.15,		242.10,		293.88,
676,		195.28,		238.09,		282.39,
677,		208.14,		238.89,		270.08,
678,		208.50,		233.25,		317.66,
679,		186.84,		229.62,		284.99,
680,		182.67,		227.68,		284.05,
681,		179.91,		227.00,		272.97,
682,		172.31,		226.90,		277.51,
683,		170.17,		222.19,		269.99,
684,		158.35,		220.72,		268.50,
685,		174.88,		219.27,		269.48,
686,		174.38,		218.84,		290.61,
687,		175.54,		218.18,		267.81,
688,		180.64,		217.89,		273.10,
689,		162.36,		217.35,		275.63,
690,		156.36,		217.42,		274.56,
691,		156.17,		209.21,		263.09,
692,		167.25,		213.74,		272.49,
693,		172.82,		210.91,		273.14,
694,		173.73,		206.05,		247.43,
695,		171.89,		203.32,		247.55,
696,		178.83,		210.82,		262.24,
697,		158.18,		210.66,		265.76,
698,		160.31,		212.19,		264.25,
699,		170.16,		207.85,		262.94,
700,		170.16,		210.36,		271.88,
701,		168.91,		214.15,		269.36,
702,		183.35,		215.22,		266.52,
703,		160.02,		215.29,		273.06,
704,		172.13,		216.46,		271.62,
705,		156.57,		216.39,		263.44,
706,		180.48,		217.04,		269.48,
707,		187.87,		216.94,		283.22,
708,		173.81,		216.61,		275.42,
709,		161.88,		216.67,		273.26,
710,		183.92,		217.02,		267.29,
711,		171.12,		216.56,		262.55,
712,		172.25,		216.41,		265.49,
713,		161.30,		216.44,		266.37,
714,		176.51,		217.16,		273.02,
715,		181.61,		221.56,		279.43,
716,		175.24,		218.43,		258.06,
717,		166.71,		223.90,		273.13,
718,		151.10,		220.61,		283.29,
719,		147.19,		227.63,		303.26,
720,		147.54,		221.18,		276.99,
721,		157.98,		219.48,		282.20,
722,		179.11,		226.58,		290.84,
723,		183.92,		220.67,		286.32,
724,		156.21,		222.82,		292.80,
725,		189.41,		221.67,		281.41,
726,		174.84,		218.89,		265.56,
727,		170.70,		228.27,		288.70,
728,		160.43,		221.49,		287.31,
729,		176.30,		228.97,		280.94,
730,		172.78,		222.85,		284.30,
731,		157.91,		218.34,		280.49,
732,		183.90,		216.96,		275.77,
733,		193.63,		216.25,		264.38,
734,		191.93,		215.97,		273.60,
735,		189.08,		215.61,		268.88,
736,		178.86,		214.76,		268.60,
737,		169.06,		214.71,		262.29,
738,		144.49,		214.59,		262.34,
739,		152.34,		215.10,		266.90,
740,		157.35,		215.14,		268.11,
741,		163.76,		214.44,		270.47,
742,		157.98,		213.69,		245.78,
743,		160.52,		213.86,		280.91,
744,		170.92,		213.22,		256.57,
745,		156.27,		219.40,		273.12,
746,		158.27,		216.70,		267.82,
747,		157.70,		214.11,		273.33,
748,		149.27,		212.94,		256.94,
749,		153.95,		212.61,		244.66,
750,		153.68,		212.63,		264.70,
751,		163.15,		212.29,		239.76,
752,		163.55,		212.54,		259.13,
753,		150.14,		212.11,		262.98,
754,		155.55,		212.32,		264.22,
755,		154.74,		217.64,		282.32,
756,		176.23,		224.23,		288.68,
757,		156.49,		217.84,		284.27,
758,		156.09,		220.15,		293.44,
759,		167.35,		229.40,		280.71,
760,		171.70,		220.95,		285.77,
761,		167.76,		217.95,		254.27,
762,		176.72,		228.09,		286.31,
763,		174.51,		223.19,		298.60,
764,		190.27,		221.40,		296.36,
765,		157.16,		220.63,		300.96,
766,		182.84,		220.43,		249.16,
767,		170.14,		218.46,		267.92,
768,		174.86,		217.06,		242.20,
769,		173.14,		215.81,		264.90,
770,		180.10,		214.60,		238.53,
771,		163.67,		208.39,		236.97,
772,		159.11,		208.54,		262.24,
773,		155.07,		216.07,		246.98,
774,		150.19,		215.33,		270.03,
775,		151.19,		220.28,		279.45,
776,		163.89,		222.75,		276.62,
777,		162.07,		223.44,		280.25,
778,		181.97,		223.85,		277.93,
779,		181.28,		224.49,		278.11,
780,		171.73,		224.07,		274.73,
781,		164.26,		223.97,		284.72,
782,		176.19,		224.25,		279.43,
783,		168.43,		224.59,		281.24,
784,		173.00,		224.72,		279.66,
785,		181.63,		225.31,		274.89,
786,		184.13,		224.87,		276.24,
787,		182.63,		225.27,		276.32,
788,		196.50,		225.51,		279.49,
789,		188.78,		225.63,		283.18,
790,		193.43,		225.27,		276.49,
791,		173.08,		227.37,		288.64,
792,		179.14,		230.79,		299.28,
793,		180.27,		230.71,		275.40,
794,		166.49,		230.27,		286.07,
795,		187.70,		231.25,		280.58,
796,		194.26,		229.79,		268.29,
797,		172.73,		225.00,		282.83,
798,		176.50,		227.22,		262.52,
799,		205.69,		228.90,		283.69,
800,		197.52,		227.70,		276.98,
801,		170.55,		227.50,		265.15,
802,		177.19,		224.96,		250.60,
803,		195.31,		224.08,		262.73,
804,		169.43,		224.96,		283.02,
805,		165.89,		221.15,		247.60,
806,		157.31,		216.82,		266.47,
807,		171.30,		223.86,		277.74,
808,		163.68,		223.57,		272.28,
809,		175.85,		222.39,		254.86,
810,		173.77,		225.34,		267.07,
811,		177.80,		222.76,		263.96,
812,		178.36,		226.37,		260.60,
813,		179.42,		224.41,		259.08,
814,		182.60,		225.85,		277.23,
815,		169.98,		227.40,		274.13,
816,		171.46,		227.91,		253.77,
817,		179.72,		228.20,		263.41,
818,		168.71,		228.46,		268.05,
819,		171.06,		229.47,		257.08,
820,		173.09,		228.71,		246.90,
821,		191.88,		225.31,		248.99,
822,		195.65,		229.05,		267.07,
823,		184.58,		228.93,		255.58,
824,		167.68,		216.18,		256.53,
825,		157.79,		210.19,		246.77,
826,		144.50,		207.43,		251.41,
827,		163.36,		205.76,		246.56,
828,		158.95,		205.51,		252.97,
829,		158.56,		204.60,		250.22,
830,		155.30,		203.89,		241.75,
831,		159.31,		204.11,		246.25,
832,		154.02,		203.27,		231.36,
833,		161.24,		203.65,		244.93,
834,		161.14,		203.65,		251.85,
835,		143.22,		203.34,		253.48,
836,		136.74,		195.09,		237.68,
837,		152.57,		188.31,		248.88,
838,		157.59,		201.97,		241.18,
839,		118.14,		201.08,		243.30,
840,		159.57,		219.02,		250.63,
841,		153.82,		217.74,		253.49,
842,		172.72,		217.20,		250.41,
843,		167.02,		219.70,		259.70,
844,		176.64,		224.77,		266.29,
845,		169.87,		221.03,		267.25,
846,		173.50,		216.91,		258.65,
847,		156.55,		215.42,		256.00,
848,		153.93,		222.76,		272.13,
849,		158.64,		218.11,		279.88,
850,		183.90,		222.23,		245.17,
851,		170.07,		217.24,		272.74,
852,		175.94,		218.62,		291.63,
853,		171.43,		233.05,		300.83,
854,		174.71,		229.51,		273.99,
855,		160.13,		220.73,		272.07,
856,		175.44,		234.26,		292.72,
857,		182.02,		241.34,		287.76,
858,		189.56,		247.70,		291.41,
859,		206.01,		254.99,		300.15,
860,		202.87,		257.73,		296.84,
861,		206.60,		260.20,		305.47,
862,		200.51,		259.00,		303.69,
863,		215.32,		260.68,		300.44,
864,		213.54,		261.19,		305.80,
865,		205.77,		261.54,		309.50,
866,		206.24,		258.08,		309.22,
867,		197.92,		252.95,		303.68,
868,		187.68,		255.63,		295.48,
869,		198.51,		255.28,		300.52,
870,		212.08,		260.57,		302.51,
871,		201.84,		275.89,		323.11,
872,		220.87,		268.25,		324.34,
873,		207.11,		269.76,		315.85,
874,		208.60,		266.13,		308.38,
875,		205.96,		266.60,		312.32,
876,		221.51,		265.37,		313.08,
877,		216.37,		263.44,		300.31,
878,		217.95,		263.53,		333.99,
879,		221.77,		266.05,		315.48,
880,		208.11,		265.81,		322.65,
881,		216.84,		265.45,		314.94,
882,		216.46,		265.26,		315.59,
883,		208.09,		265.06,		317.05,
884,		209.11,		265.25,		311.93,
885,		228.24,		265.22,		312.10,
886,		223.76,		264.84,		300.75,
887,		208.27,		264.44,		301.12,
888,		203.26,		264.33,		302.99,
889,		207.05,		260.82,		313.83,
890,		203.93,		263.74,		317.25,
891,		196.43,		266.30,		324.70,
892,		197.02,		264.42,		307.16,
893,		199.64,		271.70,		315.55,
894,		199.72,		276.43,		325.70,
895,		198.41,		278.57,		329.82,
896,		198.01,		279.55,		330.52,
897,		212.64,		279.78,		334.76,
898,		210.86,		277.31,		327.45,
899,		238.38,		277.63,		317.99,
900,		219.21,		276.16,		322.59,
901,		217.39,		275.74,		326.07,
902,		221.95,		272.76,		317.55,
903,		226.63,		280.74,		347.87,
904,		234.99,		275.60,		331.20,
905,		234.86,		276.74,		333.82,
906,		235.86,		274.90,		324.19,
907,		244.33,		273.67,		336.59,
908,		223.64,		260.83,		327.59,
909,		196.55,		253.43,		315.47,
910,		194.46,		249.86,		314.49,
911,		215.42,		249.04,		311.36,
912,		164.83,		259.84,		302.11,
913,		171.84,		253.38,		308.26,
914,		192.63,		250.32,		316.27,
915,		194.01,		242.85,		295.15,
916,		182.58,		238.68,		291.60,
917,		176.07,		236.65,		292.32,
918,		189.37,		236.34,		282.52,
919,		192.92,		235.64,		279.85,
920,		192.41,		235.24,		279.32,
921,		186.03,		238.08,		281.86,
922,		163.31,		239.07,		285.96,
923,		182.09,		238.87,		292.93,
924,		180.27,		239.43,		290.79,
925,		192.92,		246.46,		289.15,
926,		185.36,		229.89,		301.79,
927,		168.42,		242.52,		291.96,
928,		188.27,		248.84,		290.00,
929,		193.78,		244.67,		293.29,
930,		193.94,		245.24,		291.92,
931,		207.20,		245.71,		300.54,
932,		188.22,		246.25,		301.14,
933,		192.81,		244.86,		302.66,
934,		179.30,		239.49,		273.23,
935,		186.43,		243.36,		303.57,
936,		194.39,		246.30,		300.24,
937,		190.29,		248.40,		308.08,
938,		189.06,		248.74,		343.45,
939,		193.73,		249.39,		322.57,
940,		190.84,		249.27,		321.97,
941,		196.47,		249.95,		312.01,
942,		201.78,		253.92,		300.48,
943,		208.03,		251.46,		327.56,
944,		219.69,		251.88,		301.90,
945,		219.53,		251.81,		298.44,
946,		213.91,		251.34,		302.79,
947,		214.56,		250.22,		303.61,
948,		211.12,		250.15,		296.71,
949,		209.29,		249.47,		303.91,
950,		216.06,		249.35,		283.20,
951,		208.16,		249.52,		296.02,
952,		218.37,		250.08,		299.25,
953,		212.30,		254.42,		298.97,
954,		193.56,		245.01,		300.80,
955,		191.99,		244.16,		302.25,
956,		193.77,		239.57,		288.78,
957,		189.63,		239.25,		284.75,
958,		192.05,		237.34,		274.17,
959,		187.51,		236.31,		280.82,
960,		191.44,		236.07,		293.84,
961,		192.02,		235.81,		294.20,
962,		188.27,		235.45,		272.52,
963,		187.22,		235.78,		286.03,
964,		211.83,		234.20,		285.27,
965,		210.10,		246.49,		273.85,
966,		188.04,		239.28,		310.66,
967,		195.96,		237.33,		303.40,
968,		179.45,		236.51,		292.02,
969,		189.41,		233.82,		277.25,
970,		198.10,		233.43,		284.09,
971,		185.99,		232.27,		271.64,
972,		197.15,		232.21,		279.63,
973,		194.77,		231.86,		280.41,
974,		213.58,		249.59,		307.25,
975,		185.27,		240.02,		312.81,
976,		181.69,		236.39,		300.78,
977,		163.62,		212.85,		296.25,
978,		159.03,		204.80,		309.49,
979,		163.94,		211.59,		281.60,
980,		158.02,		206.51,		274.47,
981,		157.52,		209.52,		280.51,
982,		146.27,		205.95,		267.41,
983,		148.99,		197.86,		259.85,
984,		150.89,		193.50,		248.92,
985,		152.99,		187.71,		235.33,
986,		160.34,		186.44,		234.38,
987,		149.14,		187.40,		233.50,
988,		161.09,		186.14,		233.29,
989,		159.67,		185.67,		225.59,
990,		154.24,		185.46,		242.58,
991,		159.82,		185.36,		241.46,
992,		157.30,		185.42,		226.34,
993,		157.50,		185.48,		228.81,
994,		152.58,		185.22,		248.08,
995,		152.39,		184.92,		239.87,
996,		150.95,		185.99,		240.37,
997,		145.88,		186.16,		240.12,
998,		161.87,		185.79,		232.68,
999,		158.99,		186.18,		236.53,
