RANDOM_SEED, 1698988194
GEN,		MIN,				AVE,				MAX,			CONV,					CONV_ACT,
  0,		786.85580,		1045.46654,		1260.75778,				1.20593,				0.96981
  1,		808.26371,		1085.52129,		1252.57198,				1.15389,				0.96352
  2,		861.04515,		1079.23433,		1221.10588,				1.13146,				0.93931
  3,		809.91839,		1058.60700,		1215.29650,				1.14801,				0.93484
  4,		965.70561,		1052.35365,		1174.21113,				1.11580,				0.90324
  5,		963.68010,		1040.67691,		1168.40173,				1.12273,				0.89877
  6,		966.46325,		1037.32114,		1137.27673,				1.09636,				0.87483
  7,		975.00151,		1029.14572,		1141.10375,				1.10879,				0.87777
  8,		981.43655,		1062.22146,		1152.20203,				1.08471,				0.88631
  9,		972.46631,		1041.03733,		1148.79550,				1.10351,				0.88369
 10,		977.11500,		1047.09972,		1136.88856,				1.08575,				0.87453
 11,		977.13220,		1033.26374,		1115.17599,				1.07928,				0.85783
 12,		975.43317,		1056.78421,		1115.49066,				1.05555,				0.85807
 13,		981.20804,		1060.26717,		1124.03504,				1.06014,				0.86464
 14,		969.82845,		1077.88221,		1122.70082,				1.04158,				0.86362
 15,		983.14099,		1087.08895,		1133.85938,				1.04302,				0.87220
 16,		985.06983,		1091.33999,		1147.61647,				1.05157,				0.88278
 17,		1009.87394,		1093.26309,		1143.64210,				1.04608,				0.87972
 18,		1017.40427,		1093.91584,		1146.30763,				1.04789,				0.88178
 19,		1019.92465,		1094.38572,		1134.85223,				1.03698,				0.87296
 20,		1055.03041,		1095.49973,		1141.74464,				1.04221,				0.87827
 21,		1027.15167,		1087.46620,		1145.48477,				1.05335,				0.88114
 22,		1055.39216,		1091.79623,		1149.39674,				1.05276,				0.88415
 23,		1027.70254,		1093.22333,		1137.65897,				1.04065,				0.87512
 24,		1053.51040,		1094.30194,		1120.74094,				1.02416,				0.86211
 25,		1054.25396,		1096.16401,		1139.33522,				1.03938,				0.87641
 26,		1053.79749,		1096.49412,		1136.90531,				1.03685,				0.87454
 27,		1052.47378,		1097.62405,		1119.13575,				1.01960,				0.86087
 28,		1047.76796,		1099.19929,		1125.50446,				1.02393,				0.86577
 29,		1018.13016,		1074.33914,		1149.77412,				1.07022,				0.88444
 30,		1014.51424,		1086.17893,		1127.12388,				1.03770,				0.86702
 31,		1009.27764,		1093.91320,		1147.69650,				1.04917,				0.88284
 32,		994.64071,		1084.98368,		1119.44537,				1.03176,				0.86111
 33,		1003.42862,		1086.71282,		1137.84594,				1.04705,				0.87527
 34,		1005.01921,		1094.55575,		1151.95010,				1.05244,				0.88612
 35,		1005.39442,		1097.85028,		1149.93805,				1.04745,				0.88457
 36,		1044.61307,		1104.11580,		1161.47057,				1.05195,				0.89344
 37,		1049.92818,		1105.49555,		1166.28738,				1.05499,				0.89714
 38,		1051.30205,		1109.53717,		1141.31628,				1.02864,				0.87794
 39,		1055.32883,		1103.88998,		1138.75905,				1.03159,				0.87597
 40,		1066.14597,		1103.10829,		1155.40174,				1.04741,				0.88877
 41,		1056.11339,		1102.30693,		1156.02304,				1.04873,				0.88925
 42,		1036.87861,		1100.14469,		1151.38105,				1.04657,				0.88568
 43,		1046.40101,		1100.69819,		1144.43549,				1.03974,				0.88033
 44,		1046.95228,		1097.54299,		1156.69677,				1.05390,				0.88977
 45,		1045.88692,		1099.96919,		1154.37200,				1.04946,				0.88798
 46,		1052.30944,		1102.51312,		1150.95276,				1.04394,				0.88535
 47,		1023.02863,		1096.02542,		1143.24863,				1.04309,				0.87942
 48,		1057.72932,		1099.28092,		1155.34960,				1.05100,				0.88873
 49,		1030.94812,		1100.33767,		1150.59339,				1.04567,				0.88507
 50,		1048.76539,		1092.43320,		1160.87394,				1.06265,				0.89298
 51,		1020.02740,		1077.87927,		1154.93880,				1.07149,				0.88841
 52,		1029.92628,		1069.62964,		1127.47102,				1.05408,				0.86729
 53,		1022.45768,		1082.39871,		1150.92747,				1.06331,				0.88533
 54,		1025.06724,		1088.72325,		1151.09163,				1.05729,				0.88546
 55,		1015.05243,		1095.13870,		1147.69773,				1.04799,				0.88284
 56,		1019.61059,		1098.59971,		1153.28451,				1.04978,				0.88714
 57,		1031.02755,		1100.08206,		1149.90050,				1.04529,				0.88454
 58,		1028.28263,		1107.52569,		1151.68284,				1.03987,				0.88591
 59,		1051.25478,		1107.79455,		1157.87901,				1.04521,				0.89068
 60,		1053.90165,		1104.23760,		1170.90274,				1.06037,				0.90069
 61,		1061.61416,		1096.37146,		1163.68507,				1.06140,				0.89514
 62,		1040.92490,		1091.25327,		1170.97123,				1.07305,				0.90075
 63,		1033.05880,		1088.97863,		1167.44265,				1.07205,				0.89803
 64,		1042.32839,		1088.78687,		1169.89500,				1.07449,				0.89992
 65,		1037.03417,		1092.64580,		1178.42456,				1.07851,				0.90648
 66,		1041.68640,		1094.53829,		1160.94897,				1.06067,				0.89304
 67,		1053.13978,		1095.69836,		1137.71821,				1.03835,				0.87517
 68,		1065.14356,		1095.31446,		1145.60035,				1.04591,				0.88123
 69,		1041.79336,		1096.27779,		1150.71028,				1.04965,				0.88516
 70,		1048.19150,		1093.69707,		1171.01078,				1.07069,				0.90078
 71,		1051.62466,		1094.08708,		1127.66501,				1.03069,				0.86743
 72,		1057.63308,		1093.86736,		1129.00023,				1.03212,				0.86846
 73,		1056.50864,		1093.97408,		1143.10809,				1.04491,				0.87931
 74,		1054.79848,		1094.62622,		1142.65957,				1.04388,				0.87897
 75,		1051.83827,		1098.07177,		1144.81282,				1.04257,				0.88063
 76,		1049.29873,		1100.47809,		1141.03144,				1.03685,				0.87772
 77,		1059.21123,		1101.07493,		1150.94222,				1.04529,				0.88534
 78,		1057.27103,		1101.34800,		1152.10511,				1.04609,				0.88623
 79,		1055.94547,		1096.15829,		1149.12280,				1.04832,				0.88394
 80,		1050.50247,		1093.21918,		1141.55186,				1.04421,				0.87812
 81,		1044.44782,		1091.49323,		1150.69426,				1.05424,				0.88515
 82,		1050.13322,		1092.26187,		1143.26387,				1.04669,				0.87943
 83,		1058.93003,		1096.38800,		1170.38189,				1.06749,				0.90029
 84,		1053.76911,		1098.68978,		1156.30811,				1.05244,				0.88947
 85,		1047.95820,		1099.13401,		1127.51701,				1.02582,				0.86732
 86,		1057.19962,		1103.69819,		1159.23738,				1.05032,				0.89172
 87,		1059.36760,		1101.73110,		1151.39153,				1.04507,				0.88569
 88,		1054.35035,		1106.95707,		1140.14583,				1.02998,				0.87704
 89,		1077.56796,		1107.14346,		1133.25947,				1.02359,				0.87174
 90,		1075.27037,		1110.33128,		1158.18873,				1.04310,				0.89091
 91,		1070.98259,		1111.34665,		1167.57925,				1.05060,				0.89814
 92,		1066.99035,		1111.98527,		1170.29653,				1.05244,				0.90023
 93,		1065.84055,		1112.09056,		1160.34483,				1.04339,				0.89257
 94,		1073.74526,		1112.38847,		1147.01721,				1.03113,				0.88232
 95,		1068.55531,		1108.92676,		1158.40045,				1.04461,				0.89108
 96,		1050.90084,		1109.86775,		1181.78892,				1.06480,				0.90907
 97,		1078.18344,		1123.37064,		1198.50703,				1.06688,				0.92193
 98,		1073.69828,		1129.61491,		1173.96275,				1.03926,				0.90305
 99,		1057.38877,		1107.14352,		1150.95606,				1.03957,				0.88535
100,		1072.90471,		1122.28854,		1173.92640,				1.04601,				0.90302
101,		1057.97740,		1105.43808,		1167.21638,				1.05589,				0.89786
102,		1062.50705,		1096.14318,		1149.28591,				1.04848,				0.88407
103,		1042.67189,		1090.80567,		1153.92296,				1.05786,				0.88763
104,		1044.92343,		1097.33814,		1161.15066,				1.05815,				0.89319
105,		1034.59292,		1101.18150,		1159.91013,				1.05333,				0.89224
106,		1065.09606,		1102.49864,		1163.63179,				1.05545,				0.89510
107,		1053.52759,		1103.46643,		1143.74320,				1.03650,				0.87980
108,		1068.87608,		1107.33238,		1154.57107,				1.04266,				0.88813
109,		1053.01577,		1102.50181,		1144.20726,				1.03783,				0.88016
110,		1033.95478,		1101.19592,		1139.44953,				1.03474,				0.87650
111,		1048.59019,		1101.73729,		1143.33993,				1.03776,				0.87949
112,		1043.39855,		1099.40632,		1151.68817,				1.04755,				0.88591
113,		1042.99550,		1098.62527,		1151.86904,				1.04846,				0.88605
114,		1042.19263,		1102.95382,		1158.57752,				1.05043,				0.89121
115,		1072.82893,		1103.64296,		1145.30067,				1.03775,				0.88100
116,		1058.08820,		1101.36108,		1140.24981,				1.03531,				0.87712
117,		1064.28729,		1104.53033,		1143.27925,				1.03508,				0.87945
118,		1066.39625,		1100.49344,		1138.48522,				1.03452,				0.87576
119,		1050.84624,		1098.57881,		1162.55762,				1.05824,				0.89428
120,		1047.57027,		1099.46772,		1160.80453,				1.05579,				0.89293
121,		1048.91323,		1098.12476,		1187.04386,				1.08097,				0.91311
122,		1047.52198,		1096.83617,		1130.78665,				1.03095,				0.86984
123,		1048.43321,		1096.81242,		1130.45012,				1.03067,				0.86958
124,		1036.83318,		1096.72998,		1153.25969,				1.05154,				0.88712
125,		1066.65334,		1096.82219,		1154.95974,				1.05301,				0.88843
126,		1052.42077,		1097.06459,		1149.87243,				1.04814,				0.88452
127,		1044.69687,		1097.14940,		1153.49046,				1.05135,				0.88730
128,		1061.69623,		1096.12742,		1146.73211,				1.04617,				0.88210
129,		1044.77286,		1095.85553,		1144.09601,				1.04402,				0.88007
130,		1048.96332,		1100.65291,		1154.62206,				1.04903,				0.88817
131,		1063.21729,		1103.25403,		1159.77367,				1.05123,				0.89213
132,		1046.08013,		1103.87813,		1159.38526,				1.05028,				0.89183
133,		1045.32594,		1103.94227,		1159.60166,				1.05042,				0.89200
134,		1048.42744,		1104.33085,		1159.24012,				1.04972,				0.89172
135,		1051.40900,		1104.78626,		1140.31590,				1.03216,				0.87717
136,		1054.11266,		1104.76714,		1134.01768,				1.02648,				0.87232
137,		1074.92945,		1105.22057,		1132.24006,				1.02445,				0.87095
138,		1073.47472,		1103.78202,		1141.75451,				1.03440,				0.87827
139,		1070.67707,		1104.73633,		1148.53900,				1.03965,				0.88349
140,		1065.14411,		1103.30120,		1159.22672,				1.05069,				0.89171
141,		1062.60643,		1104.30115,		1160.22464,				1.05064,				0.89248
142,		1065.14852,		1104.79375,		1153.74153,				1.04430,				0.88749
143,		1055.02881,		1105.12205,		1142.27224,				1.03362,				0.87867
144,		1047.64556,		1103.71881,		1141.61984,				1.03434,				0.87817
145,		1052.42336,		1093.05469,		1138.05187,				1.04117,				0.87542
146,		1063.60645,		1094.81013,		1146.09376,				1.04684,				0.88161
147,		1021.52010,		1085.72863,		1134.88116,				1.04527,				0.87299
148,		1031.09059,		1085.36320,		1139.90954,				1.05026,				0.87685
149,		1027.01090,		1090.86238,		1119.01284,				1.02581,				0.86078
150,		1064.51249,		1100.71025,		1137.41168,				1.03334,				0.87493
151,		1044.06821,		1093.08956,		1170.37346,				1.07070,				0.90029
152,		1047.23502,		1088.50073,		1154.97008,				1.06107,				0.88844
153,		1044.77385,		1081.06078,		1127.91453,				1.04334,				0.86763
154,		1042.23549,		1077.41596,		1118.92060,				1.03852,				0.86071
155,		1036.10480,		1078.34538,		1120.18177,				1.03880,				0.86168
156,		1031.20893,		1081.60016,		1140.69008,				1.05463,				0.87745
157,		1049.57835,		1080.23406,		1140.36776,				1.05567,				0.87721
158,		1044.88581,		1082.85749,		1135.53492,				1.04865,				0.87349
159,		1040.41950,		1085.37860,		1134.34749,				1.04512,				0.87257
160,		1045.38732,		1091.41440,		1132.32176,				1.03748,				0.87102
161,		1045.62035,		1088.53289,		1132.46438,				1.04036,				0.87113
162,		1049.61023,		1092.70074,		1127.99027,				1.03230,				0.86768
163,		1037.17039,		1091.09072,		1124.55649,				1.03067,				0.86504
164,		1055.25310,		1094.05093,		1129.87901,				1.03275,				0.86914
165,		1059.67929,		1095.44000,		1127.60495,				1.02936,				0.86739
166,		1058.81730,		1096.34246,		1138.84641,				1.03877,				0.87604
167,		1053.78728,		1096.23366,		1139.04283,				1.03905,				0.87619
168,		1058.78571,		1096.22653,		1137.68025,				1.03781,				0.87514
169,		1056.83048,		1096.21081,		1134.13543,				1.03460,				0.87241
170,		1069.88423,		1109.61535,		1148.70289,				1.03523,				0.88362
171,		1055.95619,		1102.91407,		1159.55196,				1.05135,				0.89196
172,		1064.92796,		1100.13781,		1155.76520,				1.05056,				0.88905
173,		1059.75450,		1099.16877,		1154.95115,				1.05075,				0.88842
174,		1060.29461,		1098.22135,		1147.39894,				1.04478,				0.88261
175,		1054.44600,		1097.81645,		1134.33402,				1.03326,				0.87256
176,		1050.58648,		1097.38697,		1130.20162,				1.02990,				0.86939
177,		1062.82637,		1097.32011,		1128.22177,				1.02816,				0.86786
178,		1059.37436,		1097.08154,		1139.56194,				1.03872,				0.87659
179,		1060.56631,		1097.04684,		1139.09578,				1.03833,				0.87623
180,		1063.88113,		1096.87770,		1148.40214,				1.04697,				0.88339
181,		1055.54867,		1097.32829,		1172.47160,				1.06848,				0.90190
182,		1070.66053,		1096.57317,		1125.48676,				1.02637,				0.86576
183,		1060.48940,		1096.63206,		1127.10691,				1.02779,				0.86701
184,		1054.11676,		1096.85845,		1140.57888,				1.03986,				0.87737
185,		1069.53547,		1096.82420,		1154.06186,				1.05218,				0.88774
186,		1053.62060,		1096.45294,		1149.17728,				1.04809,				0.88398
187,		1048.52643,		1096.71053,		1151.20617,				1.04969,				0.88554
188,		1041.85620,		1096.88858,		1146.07761,				1.04484,				0.88160
189,		1046.29886,		1096.52748,		1148.08280,				1.04702,				0.88314
190,		1064.95512,		1096.14948,		1123.52164,				1.02497,				0.86425
191,		1054.72124,		1096.72675,		1148.07463,				1.04682,				0.88313
192,		1056.04307,		1097.17557,		1150.43904,				1.04855,				0.88495
193,		1061.13615,		1103.65100,		1165.92154,				1.05642,				0.89686
194,		1041.63623,		1100.83484,		1145.55473,				1.04062,				0.88120
195,		1054.47828,		1099.03187,		1134.57143,				1.03234,				0.87275
196,		1064.86795,		1095.32028,		1136.36868,				1.03748,				0.87413
197,		1049.33180,		1090.33473,		1140.56801,				1.04607,				0.87736
198,		1056.42453,		1091.79343,		1136.58116,				1.04102,				0.87429
199,		1046.57352,		1086.42328,		1135.61793,				1.04528,				0.87355
200,		1054.70481,		1086.74679,		1124.98638,				1.03519,				0.86537
201,		1044.23753,		1077.06263,		1136.85023,				1.05551,				0.87450
202,		1029.76059,		1078.77431,		1117.31506,				1.03573,				0.85947
203,		1041.77827,		1082.69328,		1140.87728,				1.05374,				0.87760
204,		1057.46062,		1087.69475,		1136.17645,				1.04457,				0.87398
205,		1048.90743,		1089.64241,		1130.28141,				1.03730,				0.86945
206,		1055.51896,		1091.48531,		1142.04622,				1.04632,				0.87850
207,		1049.98692,		1091.58911,		1144.30616,				1.04829,				0.88024
208,		1045.46129,		1091.43500,		1137.35484,				1.04207,				0.87489
209,		1052.88488,		1091.67219,		1135.10391,				1.03978,				0.87316
210,		1053.23055,		1091.96197,		1142.19650,				1.04600,				0.87861
211,		1032.76137,		1091.67709,		1134.43997,				1.03917,				0.87265
212,		1042.07399,		1091.42627,		1140.77007,				1.04521,				0.87752
213,		1058.59354,		1090.69266,		1121.46260,				1.02821,				0.86266
214,		1049.90930,		1090.51105,		1117.57863,				1.02482,				0.85968
215,		1044.72772,		1090.18729,		1130.03586,				1.03655,				0.86926
216,		1047.80185,		1087.02646,		1124.77903,				1.03473,				0.86521
217,		1045.93800,		1088.25639,		1140.06861,				1.04761,				0.87698
218,		1044.98845,		1089.05504,		1124.99358,				1.03300,				0.86538
219,		1054.18178,		1090.44833,		1131.87342,				1.03799,				0.87067
220,		1051.98273,		1090.47476,		1129.28301,				1.03559,				0.86868
221,		1050.90910,		1090.83492,		1139.46893,				1.04458,				0.87651
222,		1049.15270,		1091.13006,		1133.45886,				1.03879,				0.87189
223,		1049.26344,		1092.03037,		1135.10349,				1.03944,				0.87316
224,		1059.77264,		1092.69746,		1147.36106,				1.05003,				0.88259
225,		1050.14568,		1092.35754,		1138.72033,				1.04244,				0.87594
226,		1057.46893,		1092.35924,		1136.41924,				1.04033,				0.87417
227,		1049.94464,		1086.82121,		1144.52687,				1.05310,				0.88041
228,		1054.87736,		1089.23279,		1110.79997,				1.01980,				0.85446
229,		1049.42892,		1087.43673,		1145.38937,				1.05329,				0.88107
230,		1052.92101,		1087.11062,		1153.68835,				1.06124,				0.88745
231,		1053.98448,		1089.65470,		1113.63580,				1.02201,				0.85664
232,		1048.67009,		1086.18622,		1119.02503,				1.03023,				0.86079
233,		1033.15002,		1089.34089,		1127.18642,				1.03474,				0.86707
234,		1051.47409,		1091.10901,		1145.85275,				1.05017,				0.88143
235,		1045.06777,		1091.24025,		1154.38622,				1.05787,				0.88799
236,		1045.14316,		1089.87867,		1142.84780,				1.04860,				0.87911
237,		1043.20471,		1090.77297,		1135.23440,				1.04076,				0.87326
238,		1048.57715,		1091.15253,		1138.63914,				1.04352,				0.87588
239,		1046.99332,		1091.16110,		1134.27452,				1.03951,				0.87252
240,		1057.61706,		1091.52857,		1127.08480,				1.03257,				0.86699
241,		1057.65257,		1098.68955,		1149.24661,				1.04602,				0.88404
242,		1059.44440,		1094.88788,		1145.29619,				1.04604,				0.88100
243,		1049.37335,		1092.83581,		1132.73051,				1.03651,				0.87133
244,		1049.02386,		1091.93208,		1143.46718,				1.04720,				0.87959
245,		1057.12958,		1090.12833,		1145.80448,				1.05107,				0.88139
246,		1057.39220,		1090.63443,		1130.52707,				1.03658,				0.86964
247,		1049.08337,		1090.20320,		1117.22026,				1.02478,				0.85940
248,		1050.01123,		1082.83955,		1118.01787,				1.03249,				0.86001
249,		1016.19145,		1079.63519,		1119.25825,				1.03670,				0.86097
250,		1046.62641,		1077.24324,		1116.03011,				1.03601,				0.85848
251,		1035.48399,		1078.23180,		1118.41576,				1.03727,				0.86032
252,		1036.94358,		1076.44366,		1146.01530,				1.06463,				0.88155
253,		1024.10527,		1074.20267,		1117.03825,				1.03988,				0.85926
254,		1033.96715,		1073.46142,		1119.69292,				1.04307,				0.86130
255,		1034.32242,		1072.41188,		1108.88439,				1.03401,				0.85299
256,		1030.32676,		1072.54178,		1109.16064,				1.03414,				0.85320
257,		1030.12254,		1072.83389,		1125.58067,				1.04917,				0.86583
258,		1030.52713,		1070.19381,		1114.27264,				1.04119,				0.85713
259,		1026.78383,		1068.58362,		1121.19999,				1.04924,				0.86246
260,		1033.18032,		1068.13436,		1119.00312,				1.04762,				0.86077
261,		1030.84712,		1067.61246,		1119.56331,				1.04866,				0.86120
262,		1030.00867,		1066.04267,		1109.25674,				1.04054,				0.85327
263,		1025.26727,		1065.09758,		1105.02162,				1.03748,				0.85002
264,		1024.23088,		1068.88660,		1129.29484,				1.05652,				0.86869
265,		1032.84453,		1072.04768,		1133.44324,				1.05727,				0.87188
266,		1009.75555,		1068.89100,		1133.40618,				1.06036,				0.87185
267,		1026.72192,		1071.79727,		1131.53963,				1.05574,				0.87042
268,		1027.17655,		1071.59934,		1160.53178,				1.08299,				0.89272
269,		1018.75789,		1072.90201,		1129.30300,				1.05257,				0.86869
270,		1018.60996,		1073.40469,		1128.20098,				1.05105,				0.86785
271,		1019.91032,		1073.42811,		1132.07382,				1.05463,				0.87083
272,		1038.28336,		1073.86606,		1128.17588,				1.05057,				0.86783
273,		1027.18571,		1074.22811,		1135.21666,				1.05677,				0.87324
274,		1032.26100,		1072.62517,		1132.34979,				1.05568,				0.87104
275,		1040.98638,		1073.42852,		1128.69187,				1.05148,				0.86822
276,		1025.14275,		1073.80236,		1110.91619,				1.03456,				0.85455
277,		1021.53093,		1073.30616,		1105.35805,				1.02986,				0.85028
278,		1035.22146,		1073.51007,		1113.41983,				1.03718,				0.85648
279,		1024.26308,		1073.52234,		1125.31327,				1.04824,				0.86563
280,		1032.69953,		1070.51942,		1096.34391,				1.02412,				0.84334
281,		1048.19261,		1074.89309,		1118.90417,				1.04094,				0.86070
282,		1034.59604,		1076.49593,		1114.77497,				1.03556,				0.85752
283,		1029.90277,		1078.80337,		1114.25735,				1.03286,				0.85712
284,		1021.92048,		1070.32961,		1115.56690,				1.04226,				0.85813
285,		1030.67904,		1072.37606,		1125.79964,				1.04982,				0.86600
286,		1020.89025,		1070.75425,		1135.72633,				1.06068,				0.87364
287,		1020.07525,		1069.95962,		1119.03411,				1.04587,				0.86080
288,		1023.10041,		1066.32089,		1121.67699,				1.05191,				0.86283
289,		1009.24849,		1049.69396,		1102.47092,				1.05028,				0.84805
290,		994.88699,		1058.77805,		1133.01179,				1.07011,				0.87155
291,		1006.62539,		1060.88078,		1126.11952,				1.06149,				0.86625
292,		1016.62081,		1065.09697,		1124.10902,				1.05541,				0.86470
293,		1017.17079,		1064.15251,		1119.86097,				1.05235,				0.86143
294,		1027.62990,		1065.78028,		1127.47556,				1.05789,				0.86729
295,		1017.09958,		1067.51992,		1120.89757,				1.05000,				0.86223
296,		1019.82158,		1065.72537,		1124.33792,				1.05500,				0.86488
297,		1012.57867,		1065.85087,		1123.66369,				1.05424,				0.86436
298,		1014.49829,		1079.18225,		1145.83849,				1.06177,				0.88141
299,		1009.53114,		1085.76366,		1143.90360,				1.05355,				0.87993
300,		1018.15658,		1082.36872,		1136.66195,				1.05016,				0.87436
301,		1025.57875,		1084.39567,		1132.12843,				1.04402,				0.87087
302,		1043.73211,		1088.50373,		1145.44047,				1.05231,				0.88111
303,		1047.07222,		1098.16426,		1149.40493,				1.04666,				0.88416
304,		1053.60469,		1095.52417,		1146.41493,				1.04645,				0.88186
305,		1051.37838,		1093.04052,		1144.15104,				1.04676,				0.88012
306,		1040.77367,		1088.48959,		1137.02740,				1.04459,				0.87464
307,		1047.73052,		1086.00210,		1135.43259,				1.04552,				0.87341
308,		1045.20427,		1086.06069,		1127.89169,				1.03852,				0.86761
309,		1061.43782,		1106.25159,		1159.37536,				1.04802,				0.89183
310,		1037.65006,		1108.19736,		1176.90351,				1.06200,				0.90531
311,		1046.14857,		1097.99860,		1178.66840,				1.07347,				0.90667
312,		1042.61829,		1112.89433,		1187.02358,				1.06661,				0.91310
313,		1043.93172,		1118.69087,		1185.50795,				1.05973,				0.91193
314,		1081.81886,		1122.06088,		1182.32619,				1.05371,				0.90948
315,		1073.85210,		1123.20838,		1184.25978,				1.05435,				0.91097
316,		1066.26644,		1125.08991,		1179.04079,				1.04795,				0.90695
317,		1075.03762,		1125.94831,		1176.23708,				1.04466,				0.90480
318,		1089.02972,		1133.40813,		1195.77008,				1.05502,				0.91982
319,		1074.68212,		1128.65817,		1195.55540,				1.05927,				0.91966
320,		1079.74202,		1145.45002,		1193.69529,				1.04212,				0.91823
321,		1083.27255,		1142.82503,		1183.13875,				1.03528,				0.91011
322,		1073.00521,		1133.82005,		1180.78130,				1.04142,				0.90829
323,		1079.33657,		1125.41605,		1189.47478,				1.05692,				0.91498
324,		1089.77656,		1125.92802,		1179.19192,				1.04731,				0.90707
325,		1066.84648,		1110.55059,		1169.41029,				1.05300,				0.89955
326,		1062.51091,		1106.57487,		1166.78002,				1.05441,				0.89752
327,		1067.27261,		1103.51477,		1156.93510,				1.04841,				0.88995
328,		1067.69890,		1102.50475,		1165.48558,				1.05713,				0.89653
329,		1061.02329,		1097.84303,		1155.00625,				1.05207,				0.88847
330,		1041.13136,		1090.58753,		1131.05080,				1.03710,				0.87004
331,		1044.16682,		1091.58438,		1158.01675,				1.06086,				0.89078
332,		1050.67704,		1090.51860,		1155.03977,				1.05917,				0.88849
333,		1027.50970,		1090.58063,		1136.23624,				1.04186,				0.87403
334,		1043.72428,		1092.38469,		1130.68183,				1.03506,				0.86976
335,		1040.19299,		1089.81224,		1118.30914,				1.02615,				0.86024
336,		1052.08779,		1095.74281,		1147.63667,				1.04736,				0.88280
337,		1018.41335,		1074.18069,		1148.30857,				1.06901,				0.88331
338,		1017.63896,		1084.49866,		1149.42212,				1.05986,				0.88417
339,		1024.17034,		1069.88089,		1156.06491,				1.08055,				0.88928
340,		1032.87064,		1086.30272,		1153.07084,				1.06146,				0.88698
341,		1023.99860,		1090.12405,		1158.72784,				1.06293,				0.89133
342,		1023.04793,		1092.19239,		1147.86613,				1.05097,				0.88297
343,		1038.09932,		1096.78258,		1147.34105,				1.04610,				0.88257
344,		1055.45071,		1099.39235,		1141.36611,				1.03818,				0.87797
345,		1054.66362,		1103.03240,		1156.33575,				1.04832,				0.88949
346,		1067.54160,		1106.35600,		1168.86079,				1.05650,				0.89912
347,		1068.59930,		1106.94105,		1135.16469,				1.02550,				0.87320
348,		1071.41693,		1108.18576,		1150.30833,				1.03801,				0.88485
349,		1074.68904,		1108.51821,		1147.97030,				1.03559,				0.88305
350,		1067.60066,		1108.45780,		1140.05900,				1.02851,				0.87697
351,		1074.51251,		1106.99413,		1160.50277,				1.04834,				0.89269
352,		1054.24956,		1105.27244,		1164.94779,				1.05399,				0.89611
353,		1066.16043,		1102.66339,		1163.46663,				1.05514,				0.89497
354,		1061.50332,		1101.87966,		1149.51722,				1.04323,				0.88424
355,		1071.56980,		1110.27436,		1151.90954,				1.03750,				0.88608
356,		1071.62792,		1110.14457,		1147.31125,				1.03348,				0.88255
357,		1056.31852,		1098.52567,		1151.46761,				1.04819,				0.88574
358,		1050.19689,		1097.27564,		1134.02173,				1.03349,				0.87232
359,		1054.55447,		1092.17733,		1138.79266,				1.04268,				0.87599
360,		1038.33352,		1095.28279,		1124.16710,				1.02637,				0.86474
361,		1045.51619,		1091.49537,		1142.22894,				1.04648,				0.87864
362,		1041.25607,		1092.75124,		1147.41335,				1.05002,				0.88263
363,		1045.14694,		1100.72743,		1173.92837,				1.06650,				0.90302
364,		1064.80844,		1108.42171,		1148.40022,				1.03607,				0.88338
365,		1066.90172,		1108.89150,		1163.11627,				1.04890,				0.89470
366,		1049.05270,		1104.75032,		1163.63883,				1.05330,				0.89511
367,		1055.26230,		1104.62118,		1154.42049,				1.04508,				0.88802
368,		1046.88454,		1095.60243,		1143.77025,				1.04396,				0.87982
369,		1058.46185,		1092.91371,		1141.02693,				1.04402,				0.87771
370,		1052.38174,		1096.40463,		1154.36303,				1.05286,				0.88797
371,		1054.70983,		1101.23233,		1165.38982,				1.05826,				0.89645
372,		1058.98547,		1094.44184,		1167.10401,				1.06639,				0.89777
373,		1049.85655,		1101.71077,		1159.12843,				1.05212,				0.89164
374,		1050.89307,		1094.54806,		1145.41472,				1.04647,				0.88109
375,		1056.22991,		1100.62806,		1144.22639,				1.03961,				0.88017
376,		1063.69651,		1096.13940,		1148.40792,				1.04768,				0.88339
377,		1057.05548,		1101.85651,		1162.57427,				1.05510,				0.89429
378,		1059.98833,		1094.16082,		1160.21699,				1.06037,				0.89247
379,		1058.69694,		1098.75919,		1147.65815,				1.04450,				0.88281
380,		1050.25114,		1096.86225,		1153.48220,				1.05162,				0.88729
381,		1064.90352,		1101.89714,		1156.43928,				1.04950,				0.88957
382,		1053.46577,		1104.25811,		1153.59668,				1.04468,				0.88738
383,		1058.51401,		1101.69142,		1143.28115,				1.03775,				0.87945
384,		1049.05604,		1103.24047,		1139.62569,				1.03298,				0.87664
385,		1062.04907,		1099.14749,		1146.42086,				1.04301,				0.88186
386,		1022.70417,		1086.68196,		1149.92055,				1.05819,				0.88455
387,		1014.07444,		1077.56539,		1160.10283,				1.07660,				0.89239
388,		1015.00435,		1072.98903,		1157.57704,				1.07883,				0.89044
389,		1021.76382,		1072.24403,		1148.87124,				1.07146,				0.88375
390,		1026.64670,		1068.93497,		1125.09906,				1.05254,				0.86546
391,		1026.48620,		1070.78827,		1126.78592,				1.05230,				0.86676
392,		1020.39936,		1071.53025,		1124.21129,				1.04916,				0.86478
393,		1015.67495,		1071.55992,		1128.00714,				1.05268,				0.86770
394,		1024.98231,		1071.56845,		1124.19903,				1.04912,				0.86477
395,		1022.96035,		1072.16685,		1126.97891,				1.05112,				0.86691
396,		1027.94861,		1072.20931,		1132.11798,				1.05587,				0.87086
397,		1028.01419,		1070.40974,		1137.17961,				1.06238,				0.87475
398,		1019.72446,		1063.47652,		1099.99473,				1.03434,				0.84615
399,		1021.97474,		1061.52807,		1098.25199,				1.03460,				0.84481
400,		1007.66563,		1056.48355,		1100.45873,				1.04162,				0.84651
401,		1007.56628,		1064.36266,		1117.90622,				1.05031,				0.85993
402,		1006.77147,		1056.28610,		1106.56764,				1.04760,				0.85121
403,		998.28969,		1052.41164,		1123.26410,				1.06732,				0.86405
404,		998.96248,		1052.64187,		1117.04946,				1.06119,				0.85927
405,		977.66674,		1031.75697,		1133.05992,				1.09818,				0.87158
406,		975.56582,		1040.76832,		1126.07484,				1.08196,				0.86621
407,		979.33924,		1048.31900,		1096.62666,				1.04608,				0.84356
408,		1004.61672,		1050.88687,		1112.11445,				1.05826,				0.85547
409,		1011.78368,		1054.68517,		1108.93032,				1.05143,				0.85302
410,		1007.01661,		1054.19343,		1103.78913,				1.04705,				0.84907
411,		1014.86931,		1056.28254,		1115.80286,				1.05635,				0.85831
412,		1022.27630,		1057.67687,		1119.82620,				1.05876,				0.86140
413,		1031.53919,		1058.74600,		1107.16737,				1.04573,				0.85167
414,		1017.36552,		1058.67465,		1115.05636,				1.05326,				0.85774
415,		1025.34388,		1058.94138,		1113.46081,				1.05148,				0.85651
416,		1024.97197,		1058.95824,		1147.74652,				1.08384,				0.88288
417,		1020.09788,		1059.43468,		1124.30798,				1.06123,				0.86485
418,		1024.03105,		1059.17613,		1114.54170,				1.05227,				0.85734
419,		1015.85072,		1058.99754,		1111.63589,				1.04971,				0.85510
420,		1016.97453,		1058.73470,		1114.53624,				1.05271,				0.85734
421,		1014.97768,		1058.76014,		1108.81837,				1.04728,				0.85294
422,		1013.08771,		1059.10186,		1116.05955,				1.05378,				0.85851
423,		1014.14553,		1054.98507,		1101.72544,				1.04430,				0.84748
424,		1010.69889,		1054.96239,		1103.12373,				1.04565,				0.84856
425,		1009.80540,		1055.44472,		1103.01803,				1.04507,				0.84848
426,		1019.78842,		1054.64518,		1107.39881,				1.05002,				0.85185
427,		1012.63315,		1053.91942,		1113.75591,				1.05678,				0.85674
428,		1009.67494,		1052.14707,		1105.77456,				1.05097,				0.85060
429,		1011.87782,		1050.80953,		1104.86776,				1.05144,				0.84990
430,		1018.82464,		1048.78514,		1089.01342,				1.03836,				0.83770
431,		1016.77694,		1051.95351,		1102.96291,				1.04849,				0.84843
432,		1010.72343,		1050.28274,		1105.69362,				1.05276,				0.85053
433,		1003.88480,		1048.62668,		1104.68337,				1.05346,				0.84976
434,		999.46351,		1043.40421,		1104.29211,				1.05836,				0.84946
435,		1002.12195,		1041.06613,		1089.65956,				1.04668,				0.83820
436,		990.96956,		1040.01267,		1109.51953,				1.06683,				0.85348
437,		1008.07938,		1040.67222,		1132.46573,				1.08821,				0.87113
438,		1014.67371,		1048.25349,		1116.95429,				1.06554,				0.85920
439,		1021.71326,		1066.07812,		1125.32236,				1.05557,				0.86563
440,		1019.66899,		1075.20450,		1120.65439,				1.04227,				0.86204
441,		1031.31070,		1078.46679,		1123.67793,				1.04192,				0.86437
442,		1024.86634,		1080.29754,		1120.94845,				1.03763,				0.86227
443,		1036.00261,		1081.38445,		1132.32718,				1.04711,				0.87102
444,		1037.28443,		1081.60138,		1140.83852,				1.05477,				0.87757
445,		1037.99543,		1082.72242,		1136.35720,				1.04954,				0.87412
446,		1038.43502,		1082.25098,		1120.19701,				1.03506,				0.86169
447,		1039.23451,		1082.35078,		1127.78072,				1.04197,				0.86752
448,		1036.31902,		1082.80097,		1132.33320,				1.04574,				0.87103
449,		1038.55187,		1082.55890,		1139.00111,				1.05214,				0.87615
450,		1043.10609,		1082.48818,		1125.32536,				1.03957,				0.86563
451,		1047.17945,		1082.46568,		1121.67667,				1.03622,				0.86283
452,		1046.41924,		1082.72376,		1139.70207,				1.05262,				0.87669
453,		1045.79500,		1083.23573,		1140.63389,				1.05299,				0.87741
454,		1039.69618,		1083.16287,		1136.46624,				1.04921,				0.87420
455,		1039.29327,		1083.29988,		1138.62650,				1.05107,				0.87587
456,		1039.05515,		1088.01454,		1140.78190,				1.04850,				0.87752
457,		1049.48349,		1098.35903,		1164.02791,				1.05979,				0.89541
458,		1068.92762,		1104.43049,		1163.56566,				1.05354,				0.89505
459,		1059.68514,		1106.28726,		1160.38594,				1.04890,				0.89260
460,		1056.77561,		1107.99875,		1142.11491,				1.03079,				0.87855
461,		1065.47798,		1106.33578,		1139.96550,				1.03040,				0.87690
462,		1038.55085,		1100.34133,		1144.03123,				1.03971,				0.88002
463,		1044.65585,		1091.32286,		1134.71718,				1.03976,				0.87286
464,		1017.65676,		1101.10152,		1151.97247,				1.04620,				0.88613
465,		1041.34127,		1100.10221,		1171.97893,				1.06534,				0.90152
466,		1038.06574,		1101.41329,		1162.27873,				1.05526,				0.89406
467,		1026.44300,		1103.51155,		1155.00865,				1.04667,				0.88847
468,		1048.41733,		1104.95804,		1157.35285,				1.04742,				0.89027
469,		1045.21594,		1099.35972,		1158.52072,				1.05381,				0.89117
470,		1061.73274,		1118.58923,		1174.25533,				1.04976,				0.90327
471,		1069.22261,		1113.02538,		1175.36564,				1.05601,				0.90413
472,		1057.56716,		1109.98939,		1167.50055,				1.05181,				0.89808
473,		1061.00136,		1116.98575,		1179.90953,				1.05633,				0.90762
474,		1065.80390,		1111.50600,		1159.64488,				1.04331,				0.89203
475,		1061.57470,		1128.59601,		1187.46702,				1.05216,				0.91344
476,		1090.21284,		1136.49256,		1177.24102,				1.03585,				0.90557
477,		1096.40901,		1140.69576,		1194.89376,				1.04751,				0.91915
478,		1074.36877,		1123.63546,		1192.39139,				1.06119,				0.91722
479,		1074.85782,		1115.09106,		1193.46906,				1.07029,				0.91805
480,		1076.98182,		1110.89914,		1166.11115,				1.04970,				0.89701
481,		1066.08123,		1108.67926,		1157.56707,				1.04410,				0.89044
482,		1067.51923,		1108.59694,		1153.05453,				1.04010,				0.88697
483,		1061.53634,		1106.88452,		1149.41232,				1.03842,				0.88416
484,		1063.97285,		1097.91682,		1150.14253,				1.04757,				0.88473
485,		1048.52424,		1100.70328,		1156.15908,				1.05038,				0.88935
486,		1060.18398,		1100.79421,		1165.87733,				1.05912,				0.89683
487,		1046.74679,		1094.97468,		1151.35625,				1.05149,				0.88566
488,		1047.23499,		1090.96914,		1147.19098,				1.05153,				0.88245
489,		1054.05770,		1090.00477,		1152.84153,				1.05765,				0.88680
490,		1042.11535,		1090.45556,		1152.24904,				1.05667,				0.88635
491,		1049.53749,		1090.07793,		1155.35454,				1.05988,				0.88873
492,		1051.48573,		1101.00771,		1145.35085,				1.04028,				0.88104
493,		1055.60939,		1103.15185,		1146.72842,				1.03950,				0.88210
494,		1055.31181,		1095.59158,		1149.41575,				1.04913,				0.88417
495,		1046.05591,		1102.27260,		1149.96538,				1.04327,				0.88459
496,		1014.39679,		1096.05280,		1152.28665,				1.05131,				0.88637
497,		1034.38725,		1091.63819,		1161.72838,				1.06421,				0.89364
498,		1027.40059,		1087.70516,		1136.46828,				1.04483,				0.87421
499,		1033.94781,		1085.51702,		1137.01095,				1.04744,				0.87462
500,		1040.72675,		1085.53730,		1135.04466,				1.04561,				0.87311
501,		1035.31599,		1085.11681,		1140.08120,				1.05065,				0.87699
502,		1034.97249,		1085.04797,		1136.14904,				1.04710,				0.87396
503,		1041.16667,		1085.45971,		1140.76461,				1.05095,				0.87751
504,		1033.10010,		1084.71369,		1136.10559,				1.04738,				0.87393
505,		1034.86148,		1085.37508,		1137.55218,				1.04807,				0.87504
506,		1050.83093,		1085.65040,		1138.03336,				1.04825,				0.87541
507,		1048.64620,		1081.79511,		1138.92883,				1.05281,				0.87610
508,		1049.64118,		1084.81848,		1146.50233,				1.05686,				0.88192
509,		1048.16763,		1085.21426,		1139.41186,				1.04994,				0.87647
510,		1036.14023,		1085.69400,		1137.04221,				1.04730,				0.87465
511,		1022.27540,		1082.08476,		1138.65082,				1.05228,				0.87589
512,		1040.23172,		1083.71463,		1141.55371,				1.05337,				0.87812
513,		1032.48422,		1084.70900,		1131.48972,				1.04313,				0.87038
514,		1034.26947,		1085.31124,		1133.35028,				1.04426,				0.87181
515,		1034.20198,		1088.34231,		1138.83668,				1.04640,				0.87603
516,		1043.07185,		1087.44284,		1113.50258,				1.02396,				0.85654
517,		1042.64233,		1093.29800,		1123.75161,				1.02785,				0.86442
518,		1042.38770,		1091.88975,		1125.66661,				1.03093,				0.86590
519,		1047.22123,		1082.41958,		1133.06550,				1.04679,				0.87159
520,		1043.37480,		1084.11547,		1148.81785,				1.05968,				0.88371
521,		1047.84953,		1087.23535,		1144.37721,				1.05256,				0.88029
522,		1031.17096,		1082.06275,		1148.70141,				1.06158,				0.88362
523,		1031.16301,		1085.81206,		1142.97684,				1.05265,				0.87921
524,		1034.25113,		1076.56382,		1124.06157,				1.04412,				0.86466
525,		1037.36414,		1076.43112,		1152.10565,				1.07030,				0.88624
526,		1035.11470,		1078.03496,		1139.37213,				1.05690,				0.87644
527,		1035.20531,		1073.10922,		1123.91922,				1.04735,				0.86455
528,		1040.26293,		1076.69665,		1126.62916,				1.04638,				0.86664
529,		1025.93980,		1077.91375,		1111.21605,				1.03090,				0.85478
530,		1023.12378,		1079.05070,		1127.36468,				1.04477,				0.86720
531,		1023.37871,		1078.79185,		1128.72363,				1.04628,				0.86825
532,		1017.93929,		1078.62967,		1121.64299,				1.03988,				0.86280
533,		1018.86360,		1079.37082,		1128.67353,				1.04568,				0.86821
534,		1034.72899,		1079.48283,		1139.37729,				1.05548,				0.87644
535,		1035.82749,		1079.55546,		1133.77625,				1.05023,				0.87214
536,		1036.43332,		1079.62283,		1133.65616,				1.05005,				0.87204
537,		1050.06695,		1079.95105,		1121.11123,				1.03811,				0.86239
538,		1040.10932,		1080.08339,		1131.62941,				1.04772,				0.87048
539,		1048.16432,		1080.37931,		1132.09622,				1.04787,				0.87084
540,		1044.39328,		1080.14457,		1133.84906,				1.04972,				0.87219
541,		1040.54116,		1079.90386,		1127.65291,				1.04422,				0.86743
542,		1035.71884,		1079.59444,		1134.20109,				1.05058,				0.87246
543,		1038.06931,		1078.50296,		1121.02208,				1.03942,				0.86232
544,		1033.05287,		1078.22377,		1105.18348,				1.02500,				0.85014
545,		1029.95059,		1077.51143,		1108.00037,				1.02830,				0.85231
546,		1032.09630,		1079.04745,		1133.92896,				1.05086,				0.87225
547,		1036.91821,		1077.61145,		1129.10477,				1.04778,				0.86854
548,		1036.05420,		1078.71710,		1131.76840,				1.04918,				0.87059
549,		1037.32868,		1077.22422,		1127.82325,				1.04697,				0.86756
550,		1033.73816,		1076.60729,		1131.45876,				1.05095,				0.87035
551,		1042.03067,		1077.15216,		1131.06974,				1.05006,				0.87005
552,		1038.87952,		1072.21104,		1141.37745,				1.06451,				0.87798
553,		1033.46568,		1073.86821,		1136.64591,				1.05846,				0.87434
554,		1035.69273,		1073.47778,		1130.20819,				1.05285,				0.86939
555,		1014.26001,		1066.31145,		1134.07219,				1.06355,				0.87236
556,		1011.87554,		1070.82150,		1139.44191,				1.06408,				0.87649
557,		1011.65175,		1068.24990,		1115.77033,				1.04448,				0.85828
558,		1012.75574,		1067.57238,		1117.36448,				1.04664,				0.85951
559,		1011.63821,		1071.88687,		1111.57425,				1.03703,				0.85506
560,		1006.16247,		1056.07105,		1101.50530,				1.04302,				0.84731
561,		1003.77771,		1053.88364,		1105.23939,				1.04873,				0.85018
562,		1011.05520,		1046.81953,		1094.19469,				1.04526,				0.84169
563,		996.42994,		1057.10005,		1098.98853,				1.03963,				0.84538
564,		1007.35211,		1064.01394,		1124.07886,				1.05645,				0.86468
565,		999.95238,		1052.27750,		1109.43108,				1.05431,				0.85341
566,		998.91947,		1050.99042,		1122.31916,				1.06787,				0.86332
567,		1015.41985,		1057.52213,		1121.16524,				1.06018,				0.86243
568,		994.99219,		1047.98141,		1079.66188,				1.03023,				0.83051
569,		997.86400,		1052.71169,		1092.41217,				1.03771,				0.84032
570,		1014.55683,		1054.72838,		1093.62952,				1.03688,				0.84125
571,		1005.69854,		1056.13743,		1091.59197,				1.03357,				0.83969
572,		1015.35715,		1056.82969,		1108.48693,				1.04888,				0.85268
573,		1009.59961,		1058.58505,		1111.88298,				1.05035,				0.85529
574,		1021.46190,		1059.45827,		1115.81582,				1.05319,				0.85832
575,		1020.31484,		1060.29971,		1112.81532,				1.04953,				0.85601
576,		1026.15511,		1059.29197,		1115.14621,				1.05273,				0.85780
577,		1014.90025,		1059.01286,		1101.68176,				1.04029,				0.84745
578,		1015.06966,		1059.07656,		1106.53512,				1.04481,				0.85118
579,		1013.28816,		1059.35460,		1109.79481,				1.04761,				0.85369
580,		1015.47557,		1059.25527,		1103.84228,				1.04209,				0.84911
581,		1027.25659,		1059.75444,		1149.25499,				1.08445,				0.88404
582,		992.48678,		1051.99476,		1127.12426,				1.07142,				0.86702
583,		1000.92021,		1047.71122,		1118.28289,				1.06736,				0.86022
584,		994.80061,		1043.62317,		1117.54937,				1.07084,				0.85965
585,		1008.80570,		1051.69083,		1115.83921,				1.06100,				0.85834
586,		1007.45265,		1057.39019,		1108.21108,				1.04806,				0.85247
587,		1011.42744,		1063.90264,		1119.77308,				1.05251,				0.86136
588,		1001.38908,		1052.22826,		1101.47255,				1.04680,				0.84729
589,		995.74231,		1046.67054,		1110.65565,				1.06113,				0.85435
590,		1002.66871,		1043.97508,		1106.09751,				1.05951,				0.85084
591,		1003.74599,		1041.88711,		1111.70507,				1.06701,				0.85516
592,		1000.37543,		1041.43141,		1097.10326,				1.05346,				0.84393
593,		998.37921,		1040.37923,		1104.30581,				1.06145,				0.84947
594,		1010.80385,		1040.41142,		1091.56866,				1.04917,				0.83967
595,		987.37208,		1040.69569,		1095.04596,				1.05222,				0.84234
596,		990.43656,		1034.37515,		1092.66954,				1.05636,				0.84052
597,		1007.33832,		1037.79819,		1083.65243,				1.04418,				0.83358
598,		1000.39667,		1039.47441,		1090.33846,				1.04893,				0.83872
599,		1012.28368,		1039.00125,		1092.81292,				1.05179,				0.84063
600,		1008.73705,		1039.38364,		1084.44499,				1.04335,				0.83419
601,		1010.69576,		1040.04065,		1086.41040,				1.04458,				0.83570
602,		995.73984,		1040.06657,		1087.00746,				1.04513,				0.83616
603,		998.12200,		1038.93080,		1080.28511,				1.03980,				0.83099
604,		1011.20585,		1039.60504,		1085.97719,				1.04461,				0.83537
605,		992.74308,		1039.36067,		1084.94687,				1.04386,				0.83457
606,		998.50516,		1035.81922,		1084.66523,				1.04716,				0.83436
607,		1001.15683,		1037.56362,		1086.30004,				1.04697,				0.83562
608,		998.97311,		1039.93206,		1087.86095,				1.04609,				0.83682
609,		1009.11880,		1039.57557,		1093.34912,				1.05173,				0.84104
610,		987.67584,		1028.32158,		1095.98671,				1.06580,				0.84307
611,		984.98281,		1022.33342,		1096.76405,				1.07280,				0.84366
612,		991.18051,		1024.90684,		1069.79705,				1.04380,				0.82292
613,		972.66741,		1028.81369,		1069.92154,				1.03996,				0.82302
614,		979.08549,		1022.52507,		1070.08067,				1.04651,				0.82314
615,		969.76554,		1021.89702,		1082.25862,				1.05907,				0.83251
616,		980.20525,		1018.62764,		1058.04959,				1.03870,				0.81388
617,		984.76868,		1019.91072,		1081.66769,				1.06055,				0.83205
618,		991.03731,		1020.10346,		1080.63795,				1.05934,				0.83126
619,		967.21646,		1010.97727,		1063.42752,				1.05188,				0.81802
620,		978.26679,		1015.36716,		1073.03716,				1.05680,				0.82541
621,		952.14226,		1008.33208,		1069.27088,				1.06044,				0.82252
622,		968.75459,		1015.16540,		1079.85248,				1.06372,				0.83066
623,		982.01763,		1017.33623,		1064.59287,				1.04645,				0.81892
624,		987.66179,		1019.94991,		1057.21582,				1.03654,				0.81324
625,		981.21988,		1021.09035,		1072.49771,				1.05035,				0.82500
626,		976.81822,		1022.25413,		1075.34634,				1.05194,				0.82719
627,		977.96246,		1021.24846,		1073.92473,				1.05158,				0.82610
628,		977.15554,		1021.44730,		1071.16126,				1.04867,				0.82397
629,		977.68352,		1021.20325,		1076.37979,				1.05403,				0.82798
630,		970.31571,		1019.81953,		1076.87170,				1.05594,				0.82836
631,		976.04393,		1018.62118,		1069.21816,				1.04967,				0.82248
632,		975.58289,		1017.87359,		1070.19347,				1.05140,				0.82323
633,		980.83025,		1017.20645,		1069.22388,				1.05114,				0.82248
634,		977.29307,		1017.14911,		1064.94653,				1.04699,				0.81919
635,		981.05079,		1017.62009,		1060.11510,				1.04176,				0.81547
636,		975.42763,		1017.52882,		1068.45397,				1.05005,				0.82189
637,		970.98286,		1016.92948,		1069.68737,				1.05188,				0.82284
638,		979.64228,		1017.20429,		1068.88846,				1.05081,				0.82222
639,		978.64134,		1016.78450,		1045.99018,				1.02872,				0.80461
640,		978.62997,		1017.56159,		1057.77954,				1.03952,				0.81368
641,		977.81744,		1017.15245,		1063.90172,				1.04596,				0.81839
642,		965.56176,		1017.01051,		1068.25011,				1.05038,				0.82173
643,		970.56447,		1016.74743,		1071.67489,				1.05402,				0.82437
644,		973.13419,		1017.00701,		1064.57564,				1.04677,				0.81890
645,		978.66332,		1017.01550,		1067.59438,				1.04973,				0.82123
646,		973.49592,		1016.37006,		1065.32609,				1.04817,				0.81948
647,		955.19008,		1018.40781,		1068.07865,				1.04877,				0.82160
648,		948.51369,		1025.11302,		1081.08937,				1.05461,				0.83161
649,		985.35044,		1028.92931,		1086.04726,				1.05551,				0.83542
650,		975.61907,		1025.62252,		1077.86687,				1.05094,				0.82913
651,		974.46251,		1028.65761,		1076.79687,				1.04680,				0.82831
652,		989.76982,		1030.94184,		1075.86572,				1.04358,				0.82759
653,		988.67637,		1028.54912,		1121.51359,				1.09038,				0.86270
654,		996.12769,		1033.75643,		1083.46979,				1.04809,				0.83344
655,		989.24487,		1031.98104,		1087.23810,				1.05354,				0.83634
656,		991.00703,		1032.53572,		1083.48326,				1.04934,				0.83345
657,		984.15002,		1032.11665,		1072.42533,				1.03905,				0.82494
658,		990.77606,		1031.66902,		1073.13005,				1.04019,				0.82548
659,		990.03846,		1031.90432,		1079.42751,				1.04605,				0.83033
660,		984.59190,		1031.83551,		1085.60393,				1.05211,				0.83508
661,		990.37208,		1031.01573,		1070.49541,				1.03829,				0.82346
662,		992.17224,		1031.75965,		1079.62536,				1.04639,				0.83048
663,		987.90016,		1031.41729,		1084.19588,				1.05117,				0.83400
664,		998.55853,		1031.18277,		1072.76442,				1.04032,				0.82520
665,		988.78065,		1031.81069,		1079.86463,				1.04657,				0.83067
666,		992.44899,		1031.34196,		1087.16396,				1.05413,				0.83628
667,		996.10622,		1031.12833,		1074.40190,				1.04197,				0.82646
668,		987.88949,		1031.00117,		1071.22586,				1.03902,				0.82402
669,		991.04255,		1031.31003,		1087.16762,				1.05416,				0.83628
670,		989.44723,		1031.76994,		1080.43470,				1.04717,				0.83110
671,		979.71941,		1032.30753,		1076.47684,				1.04279,				0.82806
672,		996.32584,		1032.03785,		1078.09266,				1.04463,				0.82930
673,		1000.62855,		1031.52003,		1079.14434,				1.04617,				0.83011
674,		985.45627,		1032.71662,		1089.89963,				1.05537,				0.83838
675,		998.52472,		1032.23658,		1092.98190,				1.05885,				0.84076
676,		986.05963,		1032.10934,		1089.91591,				1.05601,				0.83840
677,		983.91133,		1032.19722,		1088.89923,				1.05493,				0.83761
678,		991.29526,		1032.22129,		1091.94440,				1.05786,				0.83996
679,		995.04696,		1032.69492,		1089.33757,				1.05485,				0.83795
680,		990.11039,		1032.21719,		1096.80791,				1.06257,				0.84370
681,		989.06987,		1031.21870,		1083.37100,				1.05057,				0.83336
682,		1000.53062,		1034.99240,		1087.11275,				1.05036,				0.83624
683,		993.18302,		1036.62671,		1092.08442,				1.05350,				0.84006
684,		991.85001,		1037.24980,		1092.66139,				1.05342,				0.84051
685,		1010.74994,		1038.00780,		1077.62679,				1.03817,				0.82894
686,		1006.21960,		1037.90773,		1096.71842,				1.05666,				0.84363
687,		1006.99433,		1037.89819,		1078.60631,				1.03922,				0.82970
688,		1009.45572,		1037.62408,		1087.42954,				1.04800,				0.83648
689,		976.54246,		1030.35309,		1075.76270,				1.04407,				0.82751
690,		993.17920,		1032.91969,		1083.45724,				1.04893,				0.83343
691,		991.57223,		1035.27770,		1078.87448,				1.04211,				0.82990
692,		986.16199,		1029.74742,		1089.71545,				1.05824,				0.83824
693,		968.75171,		1020.21047,		1094.91810,				1.07323,				0.84224
694,		957.52261,		1030.54383,		1090.29066,				1.05798,				0.83869
695,		948.12073,		1028.86626,		1070.41314,				1.04038,				0.82339
696,		951.48969,		1035.46172,		1090.64197,				1.05329,				0.83896
697,		952.51053,		1031.21957,		1088.16018,				1.05522,				0.83705
698,		983.73663,		1034.68164,		1079.96625,				1.04377,				0.83074
699,		980.56443,		1037.93260,		1084.17087,				1.04455,				0.83398
700,		986.51260,		1040.46401,		1082.99998,				1.04088,				0.83308
701,		997.02876,		1041.25931,		1079.74305,				1.03696,				0.83057
702,		997.96914,		1041.88594,		1091.84512,				1.04795,				0.83988
703,		1010.73103,		1044.63748,		1098.45969,				1.05152,				0.84497
704,		1012.02745,		1045.15570,		1086.71472,				1.03976,				0.83593
705,		998.70061,		1046.39344,		1095.96327,				1.04737,				0.84305
706,		1005.67617,		1047.09842,		1096.72602,				1.04740,				0.84364
707,		990.67932,		1047.26001,		1098.38808,				1.04882,				0.84491
708,		999.83046,		1052.35932,		1101.02497,				1.04624,				0.84694
709,		991.60812,		1048.52342,		1095.41737,				1.04472,				0.84263
710,		995.92660,		1053.11628,		1106.46790,				1.05066,				0.85113
711,		1015.02400,		1050.26385,		1108.23099,				1.05519,				0.85249
712,		1011.52723,		1049.38697,		1099.91307,				1.04815,				0.84609
713,		1003.93482,		1045.33650,		1094.47851,				1.04701,				0.84191
714,		1012.02473,		1046.52149,		1098.91852,				1.05007,				0.84532
715,		1009.17758,		1039.63271,		1097.70557,				1.05586,				0.84439
716,		990.12787,		1037.73645,		1103.40836,				1.06328,				0.84878
717,		998.09371,		1034.21082,		1096.19112,				1.05993,				0.84322
718,		993.43752,		1041.08224,		1099.36074,				1.05598,				0.84566
719,		982.75861,		1036.10686,		1096.61908,				1.05840,				0.84355
720,		989.07800,		1041.61801,		1084.71603,				1.04138,				0.83440
721,		985.50505,		1036.26716,		1081.83681,				1.04397,				0.83218
722,		979.83760,		1033.61127,		1081.29364,				1.04613,				0.83176
723,		979.50649,		1032.48675,		1080.76727,				1.04676,				0.83136
724,		977.32196,		1032.31052,		1113.60439,				1.07875,				0.85662
725,		986.21540,		1034.99040,		1116.01511,				1.07829,				0.85847
726,		978.75092,		1032.14748,		1096.68763,				1.06253,				0.84361
727,		988.26221,		1031.69278,		1090.28722,				1.05679,				0.83868
728,		989.30815,		1031.81484,		1097.29006,				1.06346,				0.84407
729,		977.66882,		1031.34491,		1081.24925,				1.04839,				0.83173
730,		987.94034,		1038.77993,		1081.10580,				1.04075,				0.83162
731,		984.35935,		1034.75523,		1080.41057,				1.04412,				0.83109
732,		992.82887,		1033.48920,		1080.89473,				1.04587,				0.83146
733,		984.24213,		1032.13954,		1080.19129,				1.04656,				0.83092
734,		986.00003,		1032.32736,		1081.43769,				1.04757,				0.83188
735,		994.20095,		1031.86555,		1079.68065,				1.04634,				0.83052
736,		995.13614,		1031.69971,		1081.37663,				1.04815,				0.83183
737,		996.18948,		1031.67928,		1078.26439,				1.04515,				0.82943
738,		991.29549,		1031.16088,		1089.20253,				1.05629,				0.83785
739,		1001.92906,		1031.14363,		1085.35176,				1.05257,				0.83489
740,		991.38651,		1030.10791,		1088.26235,				1.05645,				0.83712
741,		991.36279,		1029.90819,		1086.16317,				1.05462,				0.83551
742,		987.05099,		1030.36057,		1067.54067,				1.03608,				0.82119
743,		991.90745,		1026.77914,		1069.47531,				1.04158,				0.82267
744,		974.88249,		1028.80028,		1075.00927,				1.04492,				0.82693
745,		987.45624,		1029.84619,		1083.22379,				1.05183,				0.83325
746,		973.86408,		1030.33420,		1081.43982,				1.04960,				0.83188
747,		985.30332,		1030.43413,		1079.88873,				1.04799,				0.83068
748,		989.31272,		1030.54373,		1074.76911,				1.04291,				0.82675
749,		989.58845,		1031.13626,		1098.56299,				1.06539,				0.84505
750,		988.65817,		1030.90089,		1088.88157,				1.05624,				0.83760
751,		989.41224,		1031.10893,		1086.26947,				1.05350,				0.83559
752,		987.30652,		1030.63890,		1065.58774,				1.03391,				0.81968
753,		997.61300,		1030.68873,		1076.02828,				1.04399,				0.82771
754,		972.10625,		1020.17929,		1077.02599,				1.05572,				0.82848
755,		967.53901,		1030.77579,		1070.87707,				1.03890,				0.82375
756,		968.59785,		1012.45902,		1064.46330,				1.05136,				0.81882
757,		957.65260,		1018.75708,		1073.11138,				1.05335,				0.82547
758,		959.14489,		1015.57204,		1076.98193,				1.06047,				0.82845
759,		973.17820,		1028.59625,		1075.06445,				1.04518,				0.82697
760,		971.35451,		1029.32041,		1074.09561,				1.04350,				0.82623
761,		967.24352,		1034.84439,		1091.03089,				1.05429,				0.83925
762,		988.90624,		1032.23808,		1084.18375,				1.05032,				0.83399
763,		982.23652,		1030.92393,		1076.64898,				1.04435,				0.82819
764,		993.67663,		1033.69420,		1077.51993,				1.04240,				0.82886
765,		984.10441,		1030.64631,		1106.52114,				1.07362,				0.85117
766,		980.16473,		1030.10058,		1091.20742,				1.05932,				0.83939
767,		981.01975,		1029.29977,		1073.80115,				1.04323,				0.82600
768,		991.47905,		1029.31234,		1079.14461,				1.04841,				0.83011
769,		989.37685,		1028.10677,		1083.17239,				1.05356,				0.83321
770,		989.43513,		1027.99698,		1077.10439,				1.04777,				0.82854
771,		990.68538,		1027.08938,		1075.75778,				1.04738,				0.82751
772,		986.09668,		1034.79737,		1095.94779,				1.05909,				0.84304
773,		973.73492,		1032.74775,		1083.49177,				1.04913,				0.83346
774,		970.18560,		1030.62954,		1076.86078,				1.04486,				0.82835
775,		968.88297,		1027.92678,		1081.84934,				1.05246,				0.83219
776,		974.10181,		1030.34250,		1083.07745,				1.05118,				0.83314
777,		970.35004,		1030.15392,		1076.08291,				1.04458,				0.82776
778,		969.22781,		1030.53915,		1073.32283,				1.04152,				0.82563
779,		989.06060,		1030.64051,		1068.25261,				1.03649,				0.82173
780,		983.94974,		1030.77560,		1080.87304,				1.04860,				0.83144
781,		985.16004,		1028.98616,		1079.75900,				1.04934,				0.83058
782,		984.39623,		1029.82497,		1084.96052,				1.05354,				0.83459
783,		984.74961,		1029.45810,		1085.48634,				1.05442,				0.83499
784,		975.17562,		1029.02080,		1070.44316,				1.04025,				0.82342
785,		988.52058,		1026.16789,		1075.89242,				1.04846,				0.82761
786,		966.26951,		1018.16994,		1078.67637,				1.05943,				0.82975
787,		967.90708,		1028.09488,		1081.68689,				1.05213,				0.83207
788,		992.56520,		1034.19392,		1082.34225,				1.04656,				0.83257
789,		986.33553,		1035.67870,		1071.05612,				1.03416,				0.82389
790,		980.19289,		1035.33905,		1086.58135,				1.04949,				0.83583
791,		988.97166,		1037.30164,		1088.59917,				1.04945,				0.83738
792,		988.97156,		1038.20694,		1090.48076,				1.05035,				0.83883
793,		997.50643,		1038.38764,		1088.33744,				1.04810,				0.83718
794,		998.97788,		1038.25821,		1092.05280,				1.05181,				0.84004
795,		1002.41093,		1040.00010,		1094.30637,				1.05222,				0.84177
796,		991.56088,		1039.40757,		1088.94664,				1.04766,				0.83765
797,		1003.17292,		1039.63637,		1089.66599,				1.04812,				0.83820
798,		978.55758,		1041.22375,		1089.62900,				1.04649,				0.83818
799,		975.58235,		1041.74352,		1089.54896,				1.04589,				0.83811
800,		984.67692,		1043.02077,		1079.87083,				1.03533,				0.83067
801,		997.61572,		1043.84985,		1080.16722,				1.03479,				0.83090
802,		1008.08912,		1044.89070,		1079.55557,				1.03318,				0.83043
803,		984.99574,		1043.80708,		1075.46305,				1.03033,				0.82728
804,		1005.23030,		1043.80117,		1081.62226,				1.03623,				0.83202
805,		1006.72257,		1043.87943,		1090.88314,				1.04503,				0.83914
806,		1012.31863,		1043.72623,		1079.81082,				1.03457,				0.83062
807,		996.89857,		1043.31753,		1092.46470,				1.04711,				0.84036
808,		1006.18298,		1037.33381,		1087.91049,				1.04876,				0.83685
809,		987.02595,		1037.63270,		1088.33976,				1.04887,				0.83718
810,		967.02224,		1033.26851,		1091.24621,				1.05611,				0.83942
811,		988.16832,		1032.35923,		1096.52128,				1.06215,				0.84348
812,		988.71746,		1030.77399,		1094.77078,				1.06209,				0.84213
813,		987.73112,		1030.38495,		1095.13902,				1.06284,				0.84241
814,		992.67546,		1037.67882,		1089.62905,				1.05006,				0.83818
815,		994.46215,		1042.84909,		1084.04919,				1.03951,				0.83388
816,		999.08121,		1045.09787,		1091.21703,				1.04413,				0.83940
817,		1001.93679,		1038.53282,		1093.28864,				1.05272,				0.84099
818,		992.64526,		1037.10402,		1086.11712,				1.04726,				0.83547
819,		988.08972,		1035.89041,		1085.26423,				1.04766,				0.83482
820,		995.77861,		1033.76646,		1081.19438,				1.04588,				0.83169
821,		997.28307,		1032.85506,		1077.42367,				1.04315,				0.82879
822,		990.71712,		1032.17348,		1075.80712,				1.04227,				0.82754
823,		975.98405,		1031.72660,		1075.36878,				1.04230,				0.82721
824,		984.30787,		1031.23041,		1083.08897,				1.05029,				0.83315
825,		978.60066,		1028.59644,		1084.28378,				1.05414,				0.83406
826,		981.05253,		1029.56756,		1084.44105,				1.05330,				0.83419
827,		968.90416,		1036.04518,		1082.22539,				1.04457,				0.83248
828,		973.62791,		1029.48555,		1086.03912,				1.05493,				0.83541
829,		977.40293,		1029.85135,		1099.22373,				1.06736,				0.84556
830,		970.29786,		1029.78194,		1086.05658,				1.05465,				0.83543
831,		986.88400,		1030.10570,		1073.58538,				1.04221,				0.82583
832,		996.03991,		1031.23571,		1100.91195,				1.06757,				0.84686
833,		979.74204,		1029.07884,		1080.77454,				1.05023,				0.83137
834,		978.25030,		1028.76657,		1081.90717,				1.05165,				0.83224
835,		984.54390,		1029.64669,		1078.12961,				1.04709,				0.82933
836,		968.65224,		1028.96496,		1060.09400,				1.03025,				0.81546
837,		970.22570,		1028.41841,		1067.69506,				1.03819,				0.82130
838,		982.59314,		1029.32634,		1073.33939,				1.04276,				0.82565
839,		988.49887,		1030.34469,		1070.90873,				1.03937,				0.82378
840,		984.96200,		1030.42651,		1070.54673,				1.03894,				0.82350
841,		969.31548,		1021.28545,		1071.05837,				1.04874,				0.82389
842,		986.31573,		1027.21198,		1073.89114,				1.04544,				0.82607
843,		965.90855,		1018.54146,		1080.15094,				1.06049,				0.83089
844,		968.07969,		1024.64977,		1083.67310,				1.05760,				0.83359
845,		962.74968,		1023.78442,		1084.28571,				1.05910,				0.83407
846,		974.45845,		1021.94466,		1083.98760,				1.06071,				0.83384
847,		984.40699,		1026.93303,		1083.09078,				1.05468,				0.83315
848,		964.16459,		1028.59582,		1082.38180,				1.05229,				0.83260
849,		982.99820,		1029.90417,		1085.42073,				1.05390,				0.83494
850,		985.28417,		1028.97347,		1100.94654,				1.06995,				0.84688
851,		973.15463,		1055.89327,		1122.27276,				1.06287,				0.86329
852,		1004.49190,		1069.14649,		1120.33512,				1.04788,				0.86180
853,		1019.75688,		1076.53105,		1123.69339,				1.04381,				0.86438
854,		1005.47081,		1071.87951,		1136.87182,				1.06063,				0.87452
855,		1021.56236,		1078.56957,		1110.70044,				1.02979,				0.85438
856,		1025.88967,		1080.20093,		1134.26844,				1.05005,				0.87251
857,		1038.47413,		1082.64827,		1137.86158,				1.05100,				0.87528
858,		1038.56531,		1082.96874,		1111.29754,				1.02616,				0.85484
859,		1042.48479,		1083.60128,		1135.80969,				1.04818,				0.87370
860,		1046.84978,		1083.84229,		1120.73879,				1.03404,				0.86211
861,		1048.21907,		1083.84986,		1125.03445,				1.03800,				0.86541
862,		1042.23716,		1084.01754,		1116.23849,				1.02972,				0.85864
863,		1033.77916,		1083.95874,		1122.55843,				1.03561,				0.86351
864,		1042.85526,		1084.22125,		1135.30603,				1.04712,				0.87331
865,		1033.06641,		1084.18093,		1135.10350,				1.04697,				0.87316
866,		1040.35133,		1087.59723,		1116.92101,				1.02696,				0.85917
867,		1040.40698,		1084.92303,		1112.78842,				1.02568,				0.85599
868,		1028.97479,		1085.26009,		1119.47591,				1.03153,				0.86114
869,		1051.69602,		1085.34282,		1120.38276,				1.03228,				0.86183
870,		1042.37741,		1084.79941,		1116.24585,				1.02899,				0.85865
871,		1034.73200,		1083.93368,		1124.37560,				1.03731,				0.86490
872,		1041.06455,		1084.31353,		1106.45117,				1.02042,				0.85112
873,		1035.45703,		1084.20583,		1113.50927,				1.02703,				0.85655
874,		1042.74603,		1083.92615,		1117.71307,				1.03117,				0.85978
875,		1042.77479,		1084.54432,		1132.16183,				1.04391,				0.87089
876,		1016.35588,		1084.48390,		1134.32975,				1.04596,				0.87256
877,		1019.21920,		1083.51554,		1135.49073,				1.04797,				0.87345
878,		1055.05116,		1087.10772,		1123.97100,				1.03391,				0.86459
879,		1038.66776,		1084.63385,		1124.31670,				1.03659,				0.86486
880,		1032.98681,		1082.81470,		1123.18970,				1.03729,				0.86399
881,		1040.21082,		1083.41016,		1123.00181,				1.03654,				0.86385
882,		1043.67058,		1083.42735,		1129.39771,				1.04243,				0.86877
883,		1043.07947,		1083.44707,		1132.64629,				1.04541,				0.87127
884,		1038.09031,		1082.68072,		1136.42383,				1.04964,				0.87417
885,		1038.66824,		1082.66161,		1136.95095,				1.05014,				0.87458
886,		1035.22482,		1081.84890,		1134.22671,				1.04842,				0.87248
887,		1038.87964,		1082.17745,		1129.84830,				1.04405,				0.86911
888,		1016.61639,		1069.71382,		1110.19593,				1.03784,				0.85400
889,		987.32058,		1058.34765,		1116.00366,				1.05448,				0.85846
890,		1016.91513,		1055.51171,		1103.04136,				1.04503,				0.84849
891,		1006.34642,		1055.86788,		1105.24266,				1.04676,				0.85019
892,		997.80051,		1056.63375,		1097.83523,				1.03899,				0.84449
893,		1013.57121,		1056.92336,		1107.77338,				1.04811,				0.85213
894,		1007.19778,		1057.23565,		1104.57568,				1.04478,				0.84967
895,		1015.61759,		1057.47483,		1101.29796,				1.04144,				0.84715
896,		1011.92594,		1081.45017,		1142.85453,				1.05678,				0.87912
897,		1009.01641,		1093.94986,		1139.14800,				1.04132,				0.87627
898,		1052.75190,		1100.72790,		1126.80038,				1.02369,				0.86677
899,		1045.31828,		1102.92843,		1141.00412,				1.03452,				0.87770
900,		1053.00218,		1104.88867,		1143.47544,				1.03492,				0.87960
901,		1056.15666,		1105.75563,		1145.80861,				1.03622,				0.88139
902,		1059.73565,		1106.13594,		1142.88555,				1.03322,				0.87914
903,		1054.62620,		1106.43605,		1141.28577,				1.03150,				0.87791
904,		1054.52555,		1107.42287,		1145.49481,				1.03438,				0.88115
905,		1063.75316,		1106.52806,		1145.36379,				1.03510,				0.88105
906,		1061.05090,		1106.24680,		1140.37517,				1.03085,				0.87721
907,		1059.08402,		1107.12934,		1143.33252,				1.03270,				0.87949
908,		1061.86127,		1109.74793,		1146.34865,				1.03298,				0.88181
909,		1057.19974,		1110.97271,		1136.32731,				1.02282,				0.87410
910,		1062.33713,		1108.37250,		1152.51571,				1.03983,				0.88655
911,		1025.05868,		1106.78202,		1152.57880,				1.04138,				0.88660
912,		1062.13814,		1106.90391,		1148.39611,				1.03748,				0.88338
913,		1016.77305,		1105.31758,		1146.93524,				1.03765,				0.88226
914,		1033.26758,		1106.24526,		1142.36817,				1.03265,				0.87874
915,		1054.85520,		1106.37913,		1143.14886,				1.03323,				0.87935
916,		1052.79574,		1107.84953,		1154.11586,				1.04176,				0.88778
917,		1055.20310,		1107.05796,		1146.56168,				1.03568,				0.88197
918,		1037.25536,		1104.51589,		1147.39003,				1.03882,				0.88261
919,		1052.65288,		1105.54654,		1149.58201,				1.03983,				0.88429
920,		1051.31528,		1106.25425,		1142.41010,				1.03268,				0.87878
921,		1059.02777,		1105.75856,		1137.20441,				1.02844,				0.87477
922,		1048.94614,		1106.67236,		1143.60883,				1.03338,				0.87970
923,		1055.98149,		1106.31474,		1144.68300,				1.03468,				0.88053
924,		1059.13131,		1106.53622,		1133.39047,				1.02427,				0.87184
925,		1064.98355,		1106.39932,		1142.06330,				1.03223,				0.87851
926,		1060.95786,		1106.68802,		1140.51748,				1.03057,				0.87732
927,		1059.40297,		1106.61062,		1154.31322,				1.04311,				0.88793
928,		1055.21895,		1106.20141,		1140.56672,				1.03107,				0.87736
929,		1060.88733,		1106.06847,		1143.81105,				1.03412,				0.87985
930,		1056.76604,		1105.94074,		1141.71834,				1.03235,				0.87824
931,		1060.07535,		1105.83775,		1144.71164,				1.03515,				0.88055
932,		1060.93790,		1105.75265,		1142.53290,				1.03326,				0.87887
933,		1058.44857,		1105.02919,		1141.33128,				1.03285,				0.87795
934,		1049.61686,		1103.22493,		1144.77376,				1.03766,				0.88060
935,		1049.45800,		1098.04297,		1141.23648,				1.03934,				0.87787
936,		1044.16419,		1102.08047,		1134.76459,				1.02966,				0.87290
937,		1045.74482,		1104.75342,		1131.17679,				1.02392,				0.87014
938,		1059.77842,		1105.49511,		1129.66158,				1.02186,				0.86897
939,		1061.49725,		1106.17023,		1131.65527,				1.02304,				0.87050
940,		1056.08494,		1110.02898,		1138.57431,				1.02572,				0.87583
941,		1067.54295,		1112.02725,		1153.59671,				1.03738,				0.88738
942,		1044.59671,		1113.11542,		1152.36834,				1.03526,				0.88644
943,		1071.49909,		1110.58839,		1136.00800,				1.02289,				0.87385
944,		1066.55373,		1106.71262,		1139.88054,				1.02997,				0.87683
945,		1057.61924,		1105.37591,		1141.42088,				1.03261,				0.87802
946,		1055.46748,		1104.72024,		1139.97776,				1.03192,				0.87691
947,		1031.03207,		1103.80828,		1139.84266,				1.03265,				0.87680
948,		1033.22345,		1103.73762,		1140.70381,				1.03349,				0.87746
949,		1073.70506,		1104.53603,		1134.95888,				1.02754,				0.87305
950,		1058.68702,		1104.81068,		1128.99659,				1.02189,				0.86846
951,		1062.31415,		1104.30299,		1130.42947,				1.02366,				0.86956
952,		1057.52383,		1104.80735,		1147.60253,				1.03874,				0.88277
953,		1056.52360,		1104.09829,		1143.80541,				1.03596,				0.87985
954,		1057.03834,		1106.23918,		1146.80812,				1.03667,				0.88216
955,		1048.50830,		1104.91229,		1150.33478,				1.04111,				0.88487
956,		1049.71410,		1105.10095,		1145.16211,				1.03625,				0.88089
957,		1055.39007,		1104.03630,		1136.01564,				1.02897,				0.87386
958,		1052.13547,		1103.70792,		1139.45365,				1.03239,				0.87650
959,		1055.11455,		1103.82475,		1137.00045,				1.03006,				0.87462
960,		1048.17204,		1103.58835,		1140.19138,				1.03317,				0.87707
961,		1050.15701,		1102.73674,		1136.04475,				1.03020,				0.87388
962,		1052.94319,		1102.97807,		1130.04471,				1.02454,				0.86927
963,		1036.65771,		1101.95249,		1132.41621,				1.02765,				0.87109
964,		1056.82419,		1102.00212,		1132.17241,				1.02738,				0.87090
965,		1060.84255,		1099.70011,		1139.11034,				1.03584,				0.87624
966,		1046.69536,		1104.04036,		1150.47529,				1.04206,				0.88498
967,		1045.13421,		1101.72212,		1125.69175,				1.02176,				0.86592
968,		1064.51266,		1109.75467,		1150.47007,				1.03669,				0.88498
969,		1060.49096,		1104.60014,		1144.19191,				1.03584,				0.88015
970,		1053.55885,		1101.12264,		1142.66527,				1.03773,				0.87897
971,		1023.60049,		1099.80334,		1134.21871,				1.03129,				0.87248
972,		1046.84129,		1099.24347,		1140.36324,				1.03741,				0.87720
973,		1046.25914,		1098.11669,		1137.15733,				1.03555,				0.87474
974,		1048.25072,		1098.54503,		1134.13569,				1.03240,				0.87241
975,		1059.82087,		1099.03146,		1132.17695,				1.03016,				0.87091
976,		1050.64050,		1098.71593,		1128.39390,				1.02701,				0.86800
977,		1046.60008,		1098.57821,		1133.19640,				1.03151,				0.87169
978,		1033.61271,		1098.08408,		1130.96298,				1.02994,				0.86997
979,		1040.41388,		1098.20311,		1135.81607,				1.03425,				0.87370
980,		1049.06878,		1098.30813,		1132.24311,				1.03090,				0.87096
981,		1048.37578,		1098.41079,		1117.44968,				1.01733,				0.85958
982,		1052.61823,		1098.09563,		1127.18192,				1.02649,				0.86706
983,		1060.77061,		1099.24969,		1135.08112,				1.03260,				0.87314
984,		1049.79230,		1099.15524,		1137.64842,				1.03502,				0.87511
985,		1049.68202,		1099.66361,		1133.76384,				1.03101,				0.87213
986,		1052.63576,		1099.75446,		1136.66154,				1.03356,				0.87436
987,		1050.41274,		1100.06857,		1139.43768,				1.03579,				0.87649
988,		1047.58229,		1100.18045,		1130.21324,				1.02730,				0.86939
989,		1052.57030,		1099.74967,		1135.79923,				1.03278,				0.87369
990,		1056.50517,		1099.72173,		1129.62575,				1.02719,				0.86894
991,		1050.10415,		1099.83917,		1129.07129,				1.02658,				0.86852
992,		1055.16676,		1099.91293,		1129.78704,				1.02716,				0.86907
993,		1054.77972,		1100.12590,		1138.81620,				1.03517,				0.87601
994,		1057.32347,		1099.45842,		1134.18412,				1.03158,				0.87245
995,		1055.78550,		1099.60689,		1130.65152,				1.02823,				0.86973
996,		1046.23965,		1098.59033,		1137.53450,				1.03545,				0.87503
997,		1046.43296,		1094.44656,		1136.27422,				1.03822,				0.87406
998,		1048.15109,		1096.31907,		1136.83572,				1.03696,				0.87449
999,		1053.58100,		1097.96129,		1125.11606,				1.02473,				0.86547
