RANDOM_SEED, 1698990419
GEN,		MIN,				AVE,				MAX,			CONV,					CONV_ACT,
  0,		800.20959,		1043.01812,		1218.63584,				1.16837,				0.93741
  1,		833.91123,		1084.87913,		1180.46871,				1.08811,				0.90805
  2,		854.87596,		1091.06048,		1173.06115,				1.07516,				0.90235
  3,		847.02556,		1093.54300,		1166.20640,				1.06645,				0.89708
  4,		958.48798,		1085.68205,		1159.15756,				1.06768,				0.89166
  5,		1008.82108,		1100.54794,		1172.89347,				1.06574,				0.90223
  6,		1019.10948,		1105.69808,		1171.05982,				1.05911,				0.90082
  7,		1046.13322,		1101.99996,		1170.80290,				1.06243,				0.90062
  8,		1033.79070,		1101.70446,		1170.24430,				1.06221,				0.90019
  9,		1041.76893,		1103.28774,		1167.92608,				1.05859,				0.89840
 10,		1047.42170,		1102.50009,		1168.76361,				1.06010,				0.89905
 11,		1009.25750,		1100.01928,		1153.30707,				1.04844,				0.88716
 12,		1013.99612,		1099.09522,		1153.35096,				1.04936,				0.88719
 13,		1041.84905,		1102.53504,		1133.34423,				1.02794,				0.87180
 14,		1020.53588,		1101.82725,		1134.69097,				1.02983,				0.87284
 15,		1051.89570,		1104.36651,		1145.86963,				1.03758,				0.88144
 16,		1046.92398,		1099.94074,		1147.34905,				1.04310,				0.88258
 17,		1055.26846,		1098.72998,		1152.24404,				1.04871,				0.88634
 18,		1044.03128,		1097.01948,		1144.97382,				1.04371,				0.88075
 19,		1041.95225,		1095.67439,		1129.58864,				1.03095,				0.86891
 20,		1050.91802,		1096.36736,		1147.20196,				1.04637,				0.88246
 21,		1036.76337,		1095.80676,		1124.33312,				1.02603,				0.86487
 22,		1050.04349,		1094.87359,		1125.06268,				1.02757,				0.86543
 23,		1031.55088,		1095.11610,		1133.64662,				1.03518,				0.87204
 24,		1044.06299,		1095.51548,		1137.79215,				1.03859,				0.87522
 25,		1028.61606,		1106.08192,		1146.29265,				1.03635,				0.88176
 26,		1022.34904,		1119.72298,		1148.68059,				1.02586,				0.88360
 27,		1038.29497,		1100.24016,		1159.82988,				1.05416,				0.89218
 28,		1041.69146,		1101.50054,		1148.47175,				1.04264,				0.88344
 29,		1042.40440,		1102.54494,		1145.79581,				1.03923,				0.88138
 30,		1029.52025,		1087.86499,		1143.99262,				1.05159,				0.87999
 31,		1038.51954,		1096.86390,		1145.28700,				1.04415,				0.88099
 32,		1044.05545,		1087.76901,		1141.83836,				1.04971,				0.87834
 33,		1022.77246,		1080.52691,		1138.32742,				1.05349,				0.87564
 34,		1026.69071,		1076.65295,		1137.36595,				1.05639,				0.87490
 35,		1018.42281,		1073.80178,		1138.50845,				1.06026,				0.87578
 36,		1020.12572,		1073.68600,		1125.75985,				1.04850,				0.86597
 37,		1013.86958,		1073.64075,		1127.27226,				1.04995,				0.86713
 38,		1022.85599,		1074.18181,		1135.54830,				1.05713,				0.87350
 39,		1018.87432,		1073.55032,		1117.19099,				1.04065,				0.85938
 40,		1019.53814,		1073.31073,		1117.04130,				1.04074,				0.85926
 41,		1026.64304,		1072.74958,		1114.57858,				1.03899,				0.85737
 42,		1020.72160,		1072.79572,		1116.05778,				1.04033,				0.85851
 43,		1021.39522,		1072.14368,		1113.33805,				1.03842,				0.85641
 44,		1016.15838,		1071.12722,		1117.43140,				1.04323,				0.85956
 45,		1016.09757,		1070.48477,		1123.16077,				1.04921,				0.86397
 46,		1016.96172,		1070.21792,		1112.88222,				1.03987,				0.85606
 47,		1024.81105,		1071.98715,		1102.53871,				1.02850,				0.84811
 48,		1020.86218,		1074.09818,		1102.06491,				1.02604,				0.84774
 49,		1017.09463,		1072.86969,		1135.43925,				1.05832,				0.87341
 50,		1011.45871,		1070.52182,		1123.99212,				1.04995,				0.86461
 51,		1023.19156,		1075.02366,		1126.22531,				1.04763,				0.86633
 52,		1024.64731,		1077.60122,		1130.48687,				1.04908,				0.86961
 53,		1021.21967,		1079.16795,		1131.80131,				1.04877,				0.87062
 54,		1031.86126,		1081.43427,		1127.75592,				1.04283,				0.86750
 55,		1030.64282,		1087.02648,		1126.46598,				1.03628,				0.86651
 56,		1033.37090,		1083.56058,		1113.31406,				1.02746,				0.85640
 57,		1029.98756,		1087.24687,		1135.90934,				1.04476,				0.87378
 58,		1033.99880,		1089.59701,		1134.87038,				1.04155,				0.87298
 59,		1017.24814,		1087.62546,		1143.81934,				1.05167,				0.87986
 60,		1037.86362,		1089.42230,		1113.86827,				1.02244,				0.85682
 61,		1008.90470,		1071.78551,		1144.97976,				1.06829,				0.88075
 62,		1020.57935,		1076.26209,		1139.89205,				1.05912,				0.87684
 63,		1022.51483,		1078.44373,		1124.83827,				1.04302,				0.86526
 64,		1025.50775,		1079.37889,		1128.92198,				1.04590,				0.86840
 65,		1017.69926,		1080.10554,		1120.73351,				1.03761,				0.86210
 66,		1022.51188,		1079.77541,		1136.24994,				1.05230,				0.87404
 67,		1026.16382,		1087.06643,		1130.55248,				1.04000,				0.86966
 68,		1039.88811,		1089.78191,		1129.78643,				1.03671,				0.86907
 69,		1042.74055,		1091.82963,		1142.41461,				1.04633,				0.87878
 70,		1047.56838,		1092.30781,		1115.91466,				1.02161,				0.85840
 71,		1045.70135,		1092.70282,		1137.65537,				1.04114,				0.87512
 72,		1039.93722,		1092.84355,		1130.94603,				1.03487,				0.86996
 73,		1039.43393,		1093.26135,		1134.38280,				1.03761,				0.87260
 74,		1041.00449,		1092.51511,		1121.98739,				1.02698,				0.86307
 75,		1054.74921,		1093.03446,		1118.00659,				1.02285,				0.86001
 76,		1036.18035,		1092.84940,		1121.36693,				1.02609,				0.86259
 77,		1036.05547,		1093.23116,		1145.61920,				1.04792,				0.88125
 78,		1036.66850,		1092.42572,		1115.22732,				1.02087,				0.85787
 79,		1025.44529,		1093.18163,		1141.51988,				1.04422,				0.87809
 80,		1032.80082,		1093.28922,		1140.30696,				1.04301,				0.87716
 81,		1033.06148,		1094.38665,		1128.28410,				1.03097,				0.86791
 82,		1045.09038,		1094.70237,		1146.00290,				1.04686,				0.88154
 83,		1055.75321,		1094.90605,		1133.61842,				1.03536,				0.87201
 84,		1039.81210,		1093.78161,		1123.02741,				1.02674,				0.86387
 85,		1053.16305,		1095.12110,		1144.55893,				1.04514,				0.88043
 86,		1034.28877,		1094.29178,		1145.07396,				1.04641,				0.88083
 87,		1049.89670,		1094.61037,		1145.16060,				1.04618,				0.88089
 88,		1045.35918,		1093.56486,		1135.32050,				1.03818,				0.87332
 89,		1040.02566,		1091.74308,		1141.56373,				1.04563,				0.87813
 90,		1051.96093,		1091.63903,		1121.89668,				1.02772,				0.86300
 91,		1058.52599,		1091.53812,		1130.15013,				1.03537,				0.86935
 92,		1041.14436,		1090.67275,		1130.60042,				1.03661,				0.86969
 93,		1044.01962,		1090.13425,		1131.09877,				1.03758,				0.87008
 94,		1050.37678,		1090.78937,		1130.29262,				1.03622,				0.86946
 95,		1039.38567,		1090.72022,		1139.02982,				1.04429,				0.87618
 96,		1048.40223,		1090.37605,		1138.66948,				1.04429,				0.87590
 97,		1039.31213,		1090.63658,		1124.36406,				1.03092,				0.86490
 98,		1041.22595,		1090.22259,		1125.56954,				1.03242,				0.86582
 99,		1041.90019,		1091.82709,		1139.18128,				1.04337,				0.87629
100,		1040.07724,		1092.28421,		1116.94924,				1.02258,				0.85919
101,		1038.51744,		1091.93550,		1139.00982,				1.04311,				0.87616
102,		1037.48776,		1091.64042,		1121.72443,				1.02756,				0.86286
103,		1026.29529,		1092.01586,		1119.99054,				1.02562,				0.86153
104,		1046.58091,		1092.70015,		1131.14130,				1.03518,				0.87011
105,		1037.99854,		1091.78011,		1135.65837,				1.04019,				0.87358
106,		1035.68531,		1091.21442,		1139.94330,				1.04466,				0.87688
107,		1029.64204,		1091.38861,		1141.49091,				1.04591,				0.87807
108,		1053.62211,		1091.31551,		1143.67428,				1.04798,				0.87975
109,		1008.53868,		1079.64271,		1131.65805,				1.04818,				0.87051
110,		1027.33100,		1077.12505,		1125.50679,				1.04492,				0.86577
111,		1025.63493,		1073.27179,		1121.61710,				1.04504,				0.86278
112,		1025.14049,		1071.98405,		1120.98217,				1.04571,				0.86229
113,		1023.55560,		1065.95180,		1125.59225,				1.05595,				0.86584
114,		1018.63474,		1067.33522,		1129.06489,				1.05784,				0.86851
115,		1030.00507,		1067.78391,		1124.55878,				1.05317,				0.86505
116,		1020.94222,		1068.33999,		1116.91934,				1.04547,				0.85917
117,		999.85975,		1071.31940,		1121.55920,				1.04690,				0.86274
118,		999.29472,		1072.68565,		1122.68350,				1.04661,				0.86360
119,		1015.21695,		1070.62861,		1123.54374,				1.04942,				0.86426
120,		1013.74709,		1071.83641,		1124.29066,				1.04894,				0.86484
121,		1009.40218,		1069.43801,		1109.68456,				1.03763,				0.85360
122,		1012.68122,		1072.70126,		1128.86658,				1.05236,				0.86836
123,		1019.84117,		1072.80965,		1127.49379,				1.05097,				0.86730
124,		1006.57225,		1073.74455,		1117.24317,				1.04051,				0.85942
125,		1013.05935,		1070.57613,		1116.49220,				1.04289,				0.85884
126,		1034.24125,		1069.38414,		1131.24428,				1.05785,				0.87019
127,		1016.53698,		1069.24405,		1132.82356,				1.05946,				0.87140
128,		1018.50538,		1068.79831,		1131.86584,				1.05901,				0.87067
129,		1012.22109,		1067.61526,		1106.16965,				1.03611,				0.85090
130,		1013.50489,		1067.45346,		1116.86918,				1.04629,				0.85913
131,		1017.25557,		1067.22733,		1117.25974,				1.04688,				0.85943
132,		1009.42825,		1067.39034,		1119.87567,				1.04917,				0.86144
133,		1016.44607,		1067.19659,		1118.69082,				1.04825,				0.86053
134,		1017.97513,		1067.47731,		1121.08915,				1.05022,				0.86238
135,		1023.92384,		1067.32589,		1122.88607,				1.05206,				0.86376
136,		1017.57254,		1066.76124,		1118.78746,				1.04877,				0.86061
137,		1024.87768,		1067.30074,		1119.11925,				1.04855,				0.86086
138,		1021.65495,		1067.45818,		1125.02909,				1.05393,				0.86541
139,		1022.53435,		1067.23499,		1119.24743,				1.04874,				0.86096
140,		1021.89562,		1067.16999,		1121.24782,				1.05067,				0.86250
141,		1013.93936,		1067.75151,		1119.92832,				1.04887,				0.86148
142,		1016.54633,		1068.20548,		1114.03551,				1.04290,				0.85695
143,		1021.97365,		1067.75838,		1124.88774,				1.05350,				0.86530
144,		1023.97393,		1067.20143,		1116.73202,				1.04641,				0.85902
145,		1027.55737,		1074.75921,		1128.85675,				1.05033,				0.86835
146,		986.30109,		1070.46706,		1115.13635,				1.04173,				0.85780
147,		978.60776,		1063.96710,		1114.72919,				1.04771,				0.85748
148,		982.36071,		1065.11599,		1110.73473,				1.04283,				0.85441
149,		981.62323,		1069.47512,		1121.40818,				1.04856,				0.86262
150,		983.88839,		1069.36431,		1119.09055,				1.04650,				0.86084
151,		978.48211,		1069.71874,		1118.44776,				1.04555,				0.86034
152,		987.58636,		1070.39434,		1121.65131,				1.04789,				0.86281
153,		1020.40302,		1070.27831,		1122.53130,				1.04882,				0.86349
154,		1019.51302,		1070.53064,		1117.46818,				1.04385,				0.85959
155,		1016.25861,		1069.88332,		1119.63555,				1.04650,				0.86126
156,		1009.91000,		1060.11974,		1111.15255,				1.04814,				0.85473
157,		1002.82444,		1063.17826,		1112.00638,				1.04593,				0.85539
158,		1017.42447,		1064.92437,		1120.19758,				1.05190,				0.86169
159,		1012.86337,		1066.39858,		1120.87245,				1.05108,				0.86221
160,		1017.46753,		1066.22794,		1117.32323,				1.04792,				0.85948
161,		1035.64226,		1066.53591,		1120.24679,				1.05036,				0.86173
162,		1005.54696,		1066.32661,		1116.67729,				1.04722,				0.85898
163,		1029.26655,		1066.38313,		1100.66244,				1.03215,				0.84666
164,		1014.69484,		1066.45674,		1099.34912,				1.03084,				0.84565
165,		1017.13793,		1070.66136,		1111.20203,				1.03787,				0.85477
166,		1021.94145,		1069.28315,		1125.67154,				1.05273,				0.86590
167,		1023.11518,		1067.54352,		1114.10632,				1.04362,				0.85700
168,		1008.62818,		1069.05403,		1115.91997,				1.04384,				0.85840
169,		1029.64463,		1068.02023,		1120.00642,				1.04868,				0.86154
170,		1034.72113,		1067.37699,		1133.51909,				1.06197,				0.87194
171,		1027.34178,		1063.66064,		1117.25529,				1.05039,				0.85943
172,		1020.57801,		1062.87079,		1108.71127,				1.04313,				0.85285
173,		1016.83680,		1064.26635,		1119.77261,				1.05215,				0.86136
174,		1027.55367,		1065.34163,		1117.90644,				1.04934,				0.85993
175,		1020.46768,		1062.11416,		1113.05592,				1.04796,				0.85620
176,		997.52230,		1063.09765,		1111.82419,				1.04583,				0.85525
177,		1003.41681,		1061.53999,		1110.12008,				1.04576,				0.85394
178,		1008.61126,		1063.09681,		1108.34025,				1.04256,				0.85257
179,		1005.97892,		1064.76992,		1111.49791,				1.04389,				0.85500
180,		1015.88359,		1065.68279,		1117.26809,				1.04841,				0.85944
181,		1030.37790,		1066.34089,		1113.80775,				1.04451,				0.85678
182,		1024.25475,		1065.10722,		1119.43070,				1.05100,				0.86110
183,		1029.52314,		1067.30411,		1121.45419,				1.05074,				0.86266
184,		1018.47920,		1065.59007,		1116.58958,				1.04786,				0.85892
185,		1016.54455,		1067.02595,		1119.32006,				1.04901,				0.86102
186,		1001.23270,		1067.64052,		1118.87253,				1.04799,				0.86067
187,		1027.93149,		1065.65294,		1105.30187,				1.03721,				0.85023
188,		1013.20816,		1067.03051,		1098.41995,				1.02942,				0.84494
189,		1019.49421,		1066.33474,		1116.13972,				1.04671,				0.85857
190,		1014.21037,		1067.35749,		1112.51031,				1.04230,				0.85578
191,		1016.51354,		1073.20260,		1139.10616,				1.06141,				0.87624
192,		1012.22427,		1070.05846,		1139.88546,				1.06526,				0.87683
193,		1014.83009,		1073.52654,		1133.02838,				1.05543,				0.87156
194,		1024.71068,		1069.91031,		1126.11575,				1.05253,				0.86624
195,		1005.63276,		1074.78881,		1122.02132,				1.04395,				0.86309
196,		1007.23142,		1070.47872,		1115.27824,				1.04185,				0.85791
197,		1024.86707,		1075.42348,		1116.86075,				1.03853,				0.85912
198,		1030.15135,		1071.98844,		1115.20606,				1.04032,				0.85785
199,		1031.93161,		1072.68882,		1118.95768,				1.04313,				0.86074
200,		1033.58601,		1076.22978,		1123.40321,				1.04383,				0.86416
201,		1030.90123,		1077.40797,		1135.12650,				1.05357,				0.87317
202,		1026.88184,		1078.62375,		1129.77232,				1.04742,				0.86906
203,		1026.67613,		1073.37927,		1119.48781,				1.04296,				0.86114
204,		1023.50986,		1076.87089,		1117.77012,				1.03798,				0.85982
205,		1034.10821,		1078.69983,		1110.81655,				1.02977,				0.85447
206,		1034.99659,		1073.49516,		1112.94483,				1.03675,				0.85611
207,		1011.62627,		1069.01123,		1129.50443,				1.05659,				0.86885
208,		1011.89179,		1067.06636,		1122.77370,				1.05221,				0.86367
209,		1019.20193,		1067.45697,		1120.56426,				1.04975,				0.86197
210,		1017.69022,		1067.92976,		1117.83546,				1.04673,				0.85987
211,		1010.78475,		1068.05471,		1119.59489,				1.04826,				0.86123
212,		1019.00989,		1068.18521,		1107.71535,				1.03701,				0.85209
213,		1016.38650,		1067.49197,		1116.28641,				1.04571,				0.85868
214,		1020.18042,		1067.92299,		1113.95424,				1.04310,				0.85689
215,		1012.82405,		1068.04303,		1123.53840,				1.05196,				0.86426
216,		1018.76188,		1067.99832,		1120.50496,				1.04916,				0.86193
217,		995.44865,		1067.88586,		1115.00443,				1.04412,				0.85770
218,		1004.14755,		1067.58258,		1106.39466,				1.03636,				0.85107
219,		992.67285,		1064.78178,		1110.30526,				1.04275,				0.85408
220,		993.96265,		1066.47932,		1119.28361,				1.04951,				0.86099
221,		989.61639,		1066.75726,		1112.71423,				1.04308,				0.85593
222,		990.72296,		1065.27575,		1100.51302,				1.03308,				0.84655
223,		989.51132,		1066.61839,		1110.70853,				1.04134,				0.85439
224,		1010.81883,		1067.16034,		1107.33048,				1.03764,				0.85179
225,		1017.59673,		1065.15366,		1113.65084,				1.04553,				0.85665
226,		1029.87442,		1063.79266,		1114.25089,				1.04743,				0.85712
227,		1015.92354,		1063.77527,		1110.84395,				1.04425,				0.85450
228,		1009.29107,		1061.88523,		1116.34075,				1.05128,				0.85872
229,		1012.99336,		1062.21980,		1105.29030,				1.04055,				0.85022
230,		1014.83135,		1061.76772,		1109.74201,				1.04518,				0.85365
231,		1007.35190,		1062.46028,		1115.17728,				1.04962,				0.85783
232,		1012.55754,		1062.23932,		1110.89126,				1.04580,				0.85453
233,		1015.24906,		1066.23154,		1109.02051,				1.04013,				0.85309
234,		1024.06935,		1064.14271,		1118.02888,				1.05064,				0.86002
235,		1028.55310,		1063.83438,		1107.13784,				1.04071,				0.85164
236,		1008.16145,		1063.10697,		1105.04006,				1.03944,				0.85003
237,		1015.46704,		1063.60795,		1111.12073,				1.04467,				0.85471
238,		1028.45552,		1063.47923,		1115.87507,				1.04927,				0.85837
239,		1028.91573,		1061.88341,		1115.07119,				1.05009,				0.85775
240,		1031.07874,		1062.34127,		1121.27274,				1.05547,				0.86252
241,		1013.06844,		1062.02583,		1107.75556,				1.04306,				0.85212
242,		1018.51676,		1062.57348,		1117.54399,				1.05173,				0.85965
243,		1011.88972,		1061.85076,		1111.00531,				1.04629,				0.85462
244,		1011.29734,		1062.49721,		1109.66478,				1.04439,				0.85359
245,		1017.99774,		1062.69294,		1125.35702,				1.05897,				0.86566
246,		1023.35907,		1062.53342,		1121.02343,				1.05505,				0.86233
247,		1015.94721,		1063.55274,		1115.21981,				1.04858,				0.85786
248,		1024.00320,		1063.31684,		1109.29364,				1.04324,				0.85330
249,		1012.21505,		1052.92840,		1109.24345,				1.05348,				0.85326
250,		982.63228,		1045.65613,		1114.41704,				1.06576,				0.85724
251,		994.73988,		1055.71536,		1105.93798,				1.04757,				0.85072
252,		993.99489,		1047.86473,		1102.77574,				1.05240,				0.84829
253,		1009.05375,		1045.14555,		1096.58973,				1.04922,				0.84353
254,		986.26667,		1042.97974,		1086.92405,				1.04213,				0.83610
255,		991.09731,		1042.11659,		1093.58560,				1.04939,				0.84122
256,		988.22114,		1041.76360,		1094.75368,				1.05087,				0.84212
257,		984.82328,		1041.32778,		1094.49669,				1.05106,				0.84192
258,		985.38148,		1041.56664,		1090.97421,				1.04744,				0.83921
259,		990.94907,		1040.97577,		1090.95876,				1.04802,				0.83920
260,		983.81501,		1041.03329,		1093.28655,				1.05019,				0.84099
261,		985.66664,		1040.71831,		1067.87659,				1.02610,				0.82144
262,		987.08824,		1041.16821,		1089.08405,				1.04602,				0.83776
263,		987.79708,		1041.64018,		1095.95946,				1.05215,				0.84305
264,		988.98307,		1041.87919,		1094.85053,				1.05084,				0.84219
265,		1000.21270,		1042.80828,		1089.95770,				1.04521,				0.83843
266,		992.01264,		1045.32349,		1092.44351,				1.04508,				0.84034
267,		989.15722,		1044.16485,		1100.77586,				1.05422,				0.84675
268,		987.13477,		1043.75476,		1100.81217,				1.05467,				0.84678
269,		978.23599,		1043.92429,		1097.94134,				1.05174,				0.84457
270,		986.63147,		1043.63431,		1103.03973,				1.05692,				0.84849
271,		989.57398,		1042.37805,		1098.39773,				1.05374,				0.84492
272,		995.84923,		1044.63637,		1103.19248,				1.05605,				0.84861
273,		987.10364,		1046.64797,		1098.80700,				1.04983,				0.84524
274,		978.19082,		1044.81492,		1074.01236,				1.02795,				0.82616
275,		975.00486,		1052.28445,		1102.71245,				1.04792,				0.84824
276,		987.84166,		1044.04869,		1106.93291,				1.06023,				0.85149
277,		983.92430,		1046.31760,		1081.76773,				1.03388,				0.83213
278,		1003.36553,		1057.84087,		1097.12386,				1.03714,				0.84394
279,		1007.19174,		1054.28513,		1097.24651,				1.04075,				0.84404
280,		1009.63091,		1060.32890,		1118.83689,				1.05518,				0.86064
281,		999.73337,		1053.07710,		1124.84611,				1.06815,				0.86527
282,		987.72492,		1051.88082,		1112.73454,				1.05785,				0.85595
283,		1011.51650,		1049.15764,		1112.95380,				1.06081,				0.85612
284,		975.56097,		1047.09731,		1114.07953,				1.06397,				0.85698
285,		976.57888,		1045.21168,		1099.34433,				1.05179,				0.84565
286,		977.36261,		1047.69851,		1097.38829,				1.04743,				0.84414
287,		987.56001,		1048.87058,		1101.78539,				1.05045,				0.84753
288,		996.65282,		1049.02061,		1099.62850,				1.04824,				0.84587
289,		1000.07057,		1048.02383,		1091.58172,				1.04156,				0.83968
290,		998.62558,		1045.90657,		1096.63141,				1.04850,				0.84356
291,		982.46850,		1045.30904,		1091.61556,				1.04430,				0.83970
292,		995.31855,		1044.61435,		1088.37833,				1.04189,				0.83721
293,		1003.14788,		1045.26825,		1095.50224,				1.04806,				0.84269
294,		998.77381,		1044.80307,		1094.94523,				1.04799,				0.84227
295,		990.88022,		1044.28924,		1089.78405,				1.04357,				0.83830
296,		1001.98619,		1043.97565,		1096.65259,				1.05046,				0.84358
297,		1002.83372,		1044.47594,		1091.69530,				1.04521,				0.83977
298,		986.79485,		1044.60684,		1093.08936,				1.04641,				0.84084
299,		1007.51495,		1044.92845,		1092.49169,				1.04552,				0.84038
300,		1004.39423,		1044.51181,		1092.82597,				1.04626,				0.84064
301,		1011.60583,		1044.37260,		1081.45778,				1.03551,				0.83189
302,		998.54259,		1045.48503,		1092.25696,				1.04474,				0.84020
303,		997.48737,		1042.31646,		1094.18465,				1.04976,				0.84168
304,		992.29906,		1041.88103,		1087.88784,				1.04416,				0.83684
305,		987.04680,		1042.97305,		1098.12347,				1.05288,				0.84471
306,		983.94532,		1043.93203,		1094.21309,				1.04817,				0.84170
307,		988.80166,		1044.40841,		1099.20547,				1.05247,				0.84554
308,		990.11678,		1043.95811,		1097.37262,				1.05117,				0.84413
309,		984.01520,		1044.16751,		1108.19181,				1.06132,				0.85246
310,		986.93143,		1044.45493,		1106.17852,				1.05910,				0.85091
311,		995.88261,		1040.54914,		1087.72817,				1.04534,				0.83671
312,		1008.64723,		1042.67163,		1089.42831,				1.04484,				0.83802
313,		982.32623,		1043.50044,		1099.89890,				1.05405,				0.84608
314,		978.84591,		1036.28944,		1077.59312,				1.03986,				0.82892
315,		974.93659,		1032.84739,		1067.61724,				1.03366,				0.82124
316,		975.99923,		1031.63670,		1079.58277,				1.04648,				0.83045
317,		978.92337,		1037.32176,		1081.57240,				1.04266,				0.83198
318,		982.38898,		1033.37784,		1079.69236,				1.04482,				0.83053
319,		971.20841,		1031.63915,		1093.89166,				1.06034,				0.84146
320,		969.46535,		1029.89161,		1094.31591,				1.06255,				0.84178
321,		970.19318,		1043.49027,		1094.43845,				1.04882,				0.84188
322,		986.95314,		1039.04433,		1096.79017,				1.05558,				0.84368
323,		966.53675,		1024.61059,		1088.38267,				1.06224,				0.83722
324,		965.82218,		1035.47958,		1073.82967,				1.03704,				0.82602
325,		965.33134,		1028.55506,		1075.57211,				1.04571,				0.82736
326,		959.19708,		1024.48077,		1077.54657,				1.05180,				0.82888
327,		965.44444,		1021.85760,		1076.31388,				1.05329,				0.82793
328,		976.57612,		1021.15595,		1073.12843,				1.05090,				0.82548
329,		986.43843,		1021.69223,		1078.07445,				1.05519,				0.82929
330,		970.19188,		1020.62395,		1106.27539,				1.08392,				0.85098
331,		969.65364,		1020.42742,		1106.12463,				1.08398,				0.85087
332,		974.40464,		1019.67163,		1104.32237,				1.08302,				0.84948
333,		968.33845,		1019.90144,		1102.45866,				1.08095,				0.84805
334,		969.47914,		1019.37144,		1110.12273,				1.08903,				0.85394
335,		973.38655,		1019.58563,		1103.95378,				1.08275,				0.84920
336,		962.43986,		1020.01651,		1075.72888,				1.05462,				0.82748
337,		970.72449,		1019.95469,		1064.78515,				1.04395,				0.81907
338,		985.85454,		1026.88548,		1086.74212,				1.05829,				0.83596
339,		983.89660,		1030.04169,		1082.30166,				1.05074,				0.83254
340,		979.89281,		1031.32471,		1081.57476,				1.04872,				0.83198
341,		988.50213,		1032.20744,		1087.35154,				1.05342,				0.83642
342,		972.92338,		1031.95906,		1082.73226,				1.04920,				0.83287
343,		972.77566,		1032.03052,		1082.33675,				1.04874,				0.83257
344,		979.36175,		1032.11330,		1076.52152,				1.04303,				0.82809
345,		979.76579,		1032.50738,		1074.45004,				1.04062,				0.82650
346,		977.99314,		1033.25383,		1082.89323,				1.04804,				0.83299
347,		989.82495,		1032.68039,		1082.57854,				1.04832,				0.83275
348,		985.27646,		1033.18525,		1069.95342,				1.03559,				0.82304
349,		980.55842,		1033.57356,		1076.82623,				1.04185,				0.82833
350,		980.37230,		1033.12739,		1077.34120,				1.04280,				0.82872
351,		975.82373,		1031.10588,		1084.58292,				1.05186,				0.83429
352,		979.44674,		1032.04364,		1070.07444,				1.03685,				0.82313
353,		978.46778,		1033.20119,		1085.20071,				1.05033,				0.83477
354,		985.42530,		1032.86153,		1079.45706,				1.04511,				0.83035
355,		975.31782,		1033.26052,		1084.02118,				1.04913,				0.83386
356,		983.03369,		1035.06969,		1073.10278,				1.03674,				0.82546
357,		990.22566,		1035.66695,		1088.97814,				1.05148,				0.83768
358,		998.67989,		1035.95654,		1079.11602,				1.04166,				0.83009
359,		990.94535,		1036.07779,		1088.67674,				1.05077,				0.83744
360,		977.33046,		1036.03999,		1083.02604,				1.04535,				0.83310
361,		970.93573,		1036.88334,		1083.01919,				1.04449,				0.83309
362,		985.66141,		1034.72590,		1088.61747,				1.05208,				0.83740
363,		984.73541,		1035.29365,		1106.23189,				1.06852,				0.85095
364,		978.04330,		1033.24249,		1105.63232,				1.07006,				0.85049
365,		984.93593,		1032.54372,		1094.08577,				1.05960,				0.84160
366,		978.69018,		1030.33359,		1076.96930,				1.04526,				0.82844
367,		962.70499,		1033.79601,		1088.13763,				1.05257,				0.83703
368,		951.67013,		1019.62529,		1086.24212,				1.06533,				0.83557
369,		948.04513,		1006.07778,		1074.31528,				1.06783,				0.82640
370,		958.48168,		1005.54036,		1073.61172,				1.06770,				0.82586
371,		959.98845,		1017.19400,		1081.66430,				1.06338,				0.83205
372,		964.39395,		1011.90573,		1079.02386,				1.06633,				0.83002
373,		954.18798,		1015.35875,		1127.52530,				1.11047,				0.86733
374,		958.58665,		1017.30547,		1073.15256,				1.05490,				0.82550
375,		970.42492,		1019.21283,		1076.68672,				1.05639,				0.82822
376,		982.75376,		1020.04460,		1073.79243,				1.05269,				0.82599
377,		979.44995,		1019.32023,		1072.73255,				1.05240,				0.82518
378,		984.29186,		1019.35383,		1062.41131,				1.04224,				0.81724
379,		979.92240,		1029.68765,		1089.33780,				1.05793,				0.83795
380,		977.74746,		1031.53842,		1084.56680,				1.05141,				0.83428
381,		960.26600,		1025.79237,		1081.09588,				1.05391,				0.83161
382,		972.06255,		1032.37574,		1078.70898,				1.04488,				0.82978
383,		977.87369,		1031.44571,		1079.29829,				1.04639,				0.83023
384,		1002.75602,		1029.62624,		1083.49487,				1.05232,				0.83346
385,		990.38580,		1029.15877,		1070.90612,				1.04056,				0.82377
386,		973.61895,		1033.63411,		1092.87172,				1.05731,				0.84067
387,		977.79479,		1035.96988,		1096.67246,				1.05859,				0.84359
388,		996.93281,		1032.22803,		1082.23800,				1.04845,				0.83249
389,		995.74339,		1038.33024,		1092.35243,				1.05203,				0.84027
390,		981.02595,		1033.48758,		1086.19330,				1.05100,				0.83553
391,		986.74998,		1041.35038,		1086.26620,				1.04313,				0.83559
392,		994.59079,		1044.56605,		1087.64657,				1.04124,				0.83665
393,		995.14410,		1048.39055,		1099.02401,				1.04830,				0.84540
394,		998.51872,		1065.74108,		1147.37578,				1.07660,				0.88260
395,		984.62751,		1054.79891,		1142.88749,				1.08351,				0.87914
396,		993.09827,		1054.27420,		1112.44047,				1.05517,				0.85572
397,		995.00946,		1051.74023,		1121.94422,				1.06675,				0.86303
398,		995.83612,		1052.58474,		1106.21028,				1.05095,				0.85093
399,		991.35889,		1049.77479,		1109.66352,				1.05705,				0.85359
400,		990.05419,		1048.80377,		1108.96378,				1.05736,				0.85305
401,		990.40422,		1046.63044,		1103.73090,				1.05456,				0.84902
402,		993.22889,		1046.59526,		1094.96225,				1.04621,				0.84228
403,		996.04789,		1046.37727,		1098.41392,				1.04973,				0.84493
404,		991.17380,		1049.54041,		1093.97210,				1.04233,				0.84152
405,		987.57545,		1048.18664,		1101.08256,				1.05046,				0.84699
406,		987.66692,		1047.88648,		1095.72796,				1.04566,				0.84287
407,		998.17029,		1047.52586,		1091.36786,				1.04185,				0.83951
408,		986.51647,		1048.47271,		1091.91107,				1.04143,				0.83993
409,		993.39368,		1047.74285,		1094.10217,				1.04425,				0.84162
410,		995.81662,		1049.57890,		1103.79191,				1.05165,				0.84907
411,		1000.85075,		1048.46352,		1101.30202,				1.05040,				0.84716
412,		992.96221,		1045.73926,		1100.93344,				1.05278,				0.84687
413,		995.22406,		1045.21412,		1100.03551,				1.05245,				0.84618
414,		989.62131,		1044.47431,		1092.76435,				1.04623,				0.84059
415,		993.03619,		1046.43839,		1099.54083,				1.05075,				0.84580
416,		992.70926,		1043.47641,		1098.09462,				1.05234,				0.84469
417,		983.18267,		1047.12647,		1101.52003,				1.05195,				0.84732
418,		982.84295,		1046.94681,		1102.34254,				1.05291,				0.84796
419,		984.08990,		1049.38508,		1102.86893,				1.05097,				0.84836
420,		987.16434,		1056.48861,		1144.28429,				1.08310,				0.88022
421,		986.82832,		1059.26119,		1160.11859,				1.09521,				0.89240
422,		1012.82009,		1061.08224,		1147.78665,				1.08171,				0.88291
423,		1012.60378,		1061.67322,		1112.77769,				1.04814,				0.85598
424,		1012.72053,		1062.03802,		1104.94120,				1.04040,				0.84995
425,		1011.46532,		1063.12551,		1112.37991,				1.04633,				0.85568
426,		1011.66192,		1063.04948,		1110.50965,				1.04465,				0.85424
427,		1002.52073,		1063.24365,		1117.27800,				1.05082,				0.85944
428,		1017.52224,		1062.68647,		1109.96305,				1.04449,				0.85382
429,		1010.42409,		1061.20954,		1101.07516,				1.03757,				0.84698
430,		1011.46134,		1060.60755,		1113.75467,				1.05011,				0.85673
431,		1009.64636,		1061.13277,		1114.12082,				1.04994,				0.85702
432,		1000.31749,		1060.04527,		1121.77825,				1.05824,				0.86291
433,		1007.28354,		1061.88040,		1114.73795,				1.04978,				0.85749
434,		1002.49368,		1060.92736,		1101.56192,				1.03830,				0.84736
435,		1010.57390,		1060.52153,		1114.79544,				1.05118,				0.85753
436,		1007.63607,		1064.80823,		1119.32203,				1.05120,				0.86102
437,		1008.73864,		1062.74753,		1108.44522,				1.04300,				0.85265
438,		1024.13086,		1066.35703,		1107.02507,				1.03814,				0.85156
439,		1021.33235,		1067.78823,		1110.59756,				1.04009,				0.85431
440,		1016.04920,		1065.48171,		1117.17061,				1.04851,				0.85936
441,		997.66193,		1062.44489,		1117.15302,				1.05149,				0.85935
442,		999.01129,		1065.60007,		1107.89705,				1.03969,				0.85223
443,		1002.48239,		1063.01721,		1106.40051,				1.04081,				0.85108
444,		1011.93546,		1064.21888,		1115.43343,				1.04812,				0.85803
445,		1018.97825,		1062.57978,		1107.67580,				1.04244,				0.85206
446,		1008.55689,		1061.56762,		1104.87799,				1.04080,				0.84991
447,		1012.18586,		1063.73499,		1113.72558,				1.04700,				0.85671
448,		1009.41276,		1062.03581,		1112.01304,				1.04706,				0.85539
449,		1005.51530,		1065.93484,		1120.54992,				1.05124,				0.86196
450,		1000.61645,		1064.61779,		1118.13532,				1.05027,				0.86010
451,		1002.95958,		1067.54307,		1120.89560,				1.04998,				0.86223
452,		1011.45866,		1068.91946,		1126.36179,				1.05374,				0.86643
453,		1008.96048,		1066.49109,		1119.56277,				1.04976,				0.86120
454,		1022.46977,		1068.68374,		1120.93195,				1.04889,				0.86226
455,		1025.00343,		1069.67298,		1131.53823,				1.05784,				0.87041
456,		1016.92724,		1069.16723,		1126.32866,				1.05346,				0.86641
457,		1011.90925,		1064.53102,		1127.71980,				1.05936,				0.86748
458,		1022.22896,		1066.39690,		1114.25594,				1.04488,				0.85712
459,		1016.16880,		1064.66867,		1109.98123,				1.04256,				0.85383
460,		1013.13794,		1065.38925,		1114.54320,				1.04614,				0.85734
461,		1030.87988,		1064.76507,		1110.21178,				1.04268,				0.85401
462,		1020.12669,		1066.26921,		1117.73793,				1.04827,				0.85980
463,		1016.05085,		1065.60061,		1115.72669,				1.04704,				0.85825
464,		1026.71019,		1066.65926,		1099.52800,				1.03081,				0.84579
465,		1017.09723,		1068.14664,		1110.69256,				1.03983,				0.85438
466,		1012.60060,		1068.05692,		1111.87529,				1.04103,				0.85529
467,		1017.56825,		1069.22550,		1117.43464,				1.04509,				0.85957
468,		1019.72191,		1070.73301,		1111.35583,				1.03794,				0.85489
469,		1009.90841,		1074.41221,		1129.01359,				1.05082,				0.86847
470,		1017.89075,		1071.89137,		1118.96321,				1.04391,				0.86074
471,		1011.58716,		1070.51434,		1115.75281,				1.04226,				0.85827
472,		1023.87134,		1069.47015,		1110.40289,				1.03827,				0.85416
473,		1012.65168,		1068.50060,		1102.22769,				1.03156,				0.84787
474,		995.14909,		1067.96799,		1109.57362,				1.03896,				0.85352
475,		994.52376,		1067.64237,		1116.74470,				1.04599,				0.85903
476,		1013.02652,		1067.87611,		1119.18667,				1.04805,				0.86091
477,		1027.36236,		1068.21526,		1112.93301,				1.04186,				0.85610
478,		1029.80653,		1067.87899,		1118.83304,				1.04772,				0.86064
479,		1015.98690,		1067.99896,		1105.14992,				1.03479,				0.85012
480,		1035.82480,		1068.03620,		1117.67916,				1.04648,				0.85975
481,		1016.48130,		1068.75199,		1109.73149,				1.03834,				0.85364
482,		1004.01451,		1066.85326,		1112.04158,				1.04236,				0.85542
483,		1019.45290,		1068.29594,		1120.12120,				1.04851,				0.86163
484,		1029.16180,		1067.16443,		1105.34817,				1.03578,				0.85027
485,		1024.00619,		1073.18904,		1127.86721,				1.05095,				0.86759
486,		1027.96792,		1070.93164,		1128.76707,				1.05400,				0.86828
487,		1029.82408,		1070.54090,		1132.06065,				1.05747,				0.87082
488,		1014.00490,		1069.84855,		1119.64051,				1.04654,				0.86126
489,		1014.63649,		1069.29715,		1119.76396,				1.04720,				0.86136
490,		1019.70438,		1068.99165,		1119.45977,				1.04721,				0.86112
491,		1014.78214,		1068.68832,		1127.54106,				1.05507,				0.86734
492,		1017.64854,		1067.25023,		1118.13241,				1.04768,				0.86010
493,		1018.24704,		1066.52138,		1111.53711,				1.04221,				0.85503
494,		1003.72603,		1067.36798,		1117.31509,				1.04679,				0.85947
495,		1005.67928,		1067.93199,		1126.16296,				1.05453,				0.86628
496,		1014.71800,		1068.28069,		1109.13335,				1.03824,				0.85318
497,		1009.54811,		1068.39976,		1111.83103,				1.04065,				0.85525
498,		1038.52580,		1068.69551,		1114.32668,				1.04270,				0.85717
499,		1015.01512,		1068.35930,		1123.19672,				1.05133,				0.86400
500,		1006.44139,		1070.24897,		1107.63901,				1.03494,				0.85203
501,		1016.56767,		1062.82492,		1109.10127,				1.04354,				0.85315
502,		1009.62115,		1068.05854,		1110.94899,				1.04016,				0.85458
503,		1007.37242,		1064.93664,		1117.56905,				1.04942,				0.85967
504,		1040.31192,		1070.34545,		1112.03814,				1.03895,				0.85541
505,		1008.90099,		1072.67701,		1122.42920,				1.04638,				0.86341
506,		1024.26740,		1075.65503,		1130.57416,				1.05106,				0.86967
507,		1028.15318,		1075.37886,		1150.88428,				1.07021,				0.88530
508,		1012.09562,		1072.48461,		1147.63251,				1.07007,				0.88279
509,		1016.95281,		1063.99943,		1146.97702,				1.07799,				0.88229
510,		1002.45573,		1071.99991,		1126.99979,				1.05131,				0.86692
511,		1024.82837,		1075.85993,		1125.50226,				1.04614,				0.86577
512,		1005.39992,		1069.49668,		1128.04487,				1.05474,				0.86773
513,		1025.38490,		1075.04698,		1131.61140,				1.05262,				0.87047
514,		1046.31237,		1077.21212,		1136.00014,				1.05457,				0.87385
515,		1030.23757,		1078.05527,		1126.20972,				1.04467,				0.86632
516,		1038.12925,		1077.02546,		1127.54230,				1.04690,				0.86734
517,		1022.26317,		1083.77807,		1144.33757,				1.05588,				0.88026
518,		1017.83666,		1087.57756,		1143.12961,				1.05108,				0.87933
519,		1026.07785,		1087.82975,		1145.21219,				1.05275,				0.88093
520,		1020.66012,		1092.76304,		1148.55438,				1.05106,				0.88350
521,		1022.07725,		1095.13842,		1144.50717,				1.04508,				0.88039
522,		1022.77836,		1096.01644,		1154.31725,				1.05319,				0.88794
523,		1041.27519,		1098.33359,		1148.08139,				1.04529,				0.88314
524,		1038.75450,		1098.61216,		1145.08369,				1.04230,				0.88083
525,		1044.04840,		1098.18026,		1146.75235,				1.04423,				0.88212
526,		1041.58019,		1098.11689,		1145.36215,				1.04302,				0.88105
527,		1041.54222,		1098.22323,		1145.14317,				1.04272,				0.88088
528,		1038.79374,		1098.01585,		1146.40887,				1.04407,				0.88185
529,		1039.70911,		1098.06349,		1141.14239,				1.03923,				0.87780
530,		1062.47232,		1097.85537,		1153.35453,				1.05055,				0.88720
531,		1062.33286,		1098.09149,		1155.90142,				1.05265,				0.88915
532,		1057.96430,		1097.89043,		1148.34361,				1.04595,				0.88334
533,		1064.10924,		1098.64799,		1150.65495,				1.04734,				0.88512
534,		1048.48145,		1097.81092,		1153.51808,				1.05074,				0.88732
535,		1039.00442,		1094.90711,		1149.31751,				1.04969,				0.88409
536,		1052.62411,		1094.08056,		1146.06230,				1.04751,				0.88159
537,		1038.25248,		1095.07064,		1147.14396,				1.04755,				0.88242
538,		1046.43908,		1101.08510,		1164.32802,				1.05744,				0.89564
539,		1043.29462,		1098.92906,		1159.66474,				1.05527,				0.89205
540,		1060.96048,		1100.22656,		1209.12570,				1.09898,				0.93010
541,		1059.79865,		1098.54548,		1205.73151,				1.09757,				0.92749
542,		1060.02564,		1096.60249,		1158.23953,				1.05621,				0.89095
543,		1051.98100,		1093.94475,		1154.55211,				1.05540,				0.88812
544,		1059.64132,		1092.85459,		1157.44152,				1.05910,				0.89034
545,		1058.45136,		1092.33414,		1157.12098,				1.05931,				0.89009
546,		1057.66150,		1091.56744,		1133.68745,				1.03859,				0.87207
547,		1035.31422,		1089.96039,		1133.26305,				1.03973,				0.87174
548,		1006.36591,		1090.29072,		1141.68016,				1.04713,				0.87822
549,		1031.66570,		1087.39878,		1130.52863,				1.03966,				0.86964
550,		1054.24010,		1089.14276,		1142.72735,				1.04920,				0.87902
551,		1044.08096,		1090.47337,		1144.16534,				1.04924,				0.88013
552,		1044.67994,		1089.36069,		1140.86000,				1.04727,				0.87758
553,		1038.40281,		1088.76942,		1136.88618,				1.04419,				0.87453
554,		1033.31581,		1088.44452,		1131.58695,				1.03964,				0.87045
555,		1050.34244,		1088.37939,		1150.86949,				1.05742,				0.88528
556,		1030.40273,		1088.07635,		1130.55267,				1.03904,				0.86966
557,		1050.86010,		1088.05273,		1137.11282,				1.04509,				0.87470
558,		1055.35881,		1088.24281,		1140.44088,				1.04797,				0.87726
559,		1036.12690,		1086.87358,		1138.89200,				1.04786,				0.87607
560,		1026.39661,		1087.04991,		1138.00031,				1.04687,				0.87538
561,		1000.73140,		1087.93068,		1144.70198,				1.05218,				0.88054
562,		1031.42880,		1088.88318,		1138.62174,				1.04568,				0.87586
563,		1031.36503,		1088.96571,		1147.21358,				1.05349,				0.88247
564,		1027.85843,		1088.67075,		1136.79873,				1.04421,				0.87446
565,		1053.25278,		1088.54811,		1141.08010,				1.04826,				0.87775
566,		1032.58396,		1088.46182,		1137.86150,				1.04538,				0.87528
567,		1031.83088,		1088.13272,		1140.39598,				1.04803,				0.87723
568,		1027.83287,		1087.91159,		1134.05856,				1.04242,				0.87235
569,		1037.61982,		1092.71093,		1143.94676,				1.04689,				0.87996
570,		1049.15663,		1091.34526,		1134.00104,				1.03909,				0.87231
571,		1051.94972,		1089.81490,		1134.69631,				1.04118,				0.87284
572,		1035.72448,		1089.17011,		1140.07712,				1.04674,				0.87698
573,		1048.63831,		1088.70779,		1172.73754,				1.07718,				0.90211
574,		1031.43889,		1089.08888,		1175.49557,				1.07934,				0.90423
575,		1032.09369,		1088.26033,		1165.71820,				1.07118,				0.89671
576,		1057.95680,		1088.24901,		1138.21235,				1.04591,				0.87555
577,		1052.43060,		1088.42835,		1136.19790,				1.04389,				0.87400
578,		1036.60809,		1088.72791,		1139.80323,				1.04691,				0.87677
579,		1033.21131,		1088.40006,		1136.70721,				1.04438,				0.87439
580,		1023.81372,		1088.41615,		1139.52549,				1.04696,				0.87656
581,		1021.57585,		1088.63524,		1134.35871,				1.04200,				0.87258
582,		1028.25034,		1087.61495,		1143.61801,				1.05149,				0.87971
583,		1035.10967,		1088.14785,		1138.47627,				1.04625,				0.87575
584,		1031.96833,		1088.12690,		1142.61118,				1.05007,				0.87893
585,		1043.69240,		1088.00065,		1126.13133,				1.03505,				0.86625
586,		1028.20568,		1088.17194,		1128.62102,				1.03717,				0.86817
587,		1049.44086,		1088.11591,		1137.89350,				1.04575,				0.87530
588,		1052.29658,		1088.26151,		1137.76853,				1.04549,				0.87521
589,		1043.12842,		1088.00261,		1138.94159,				1.04682,				0.87611
590,		1051.53935,		1088.47098,		1153.89582,				1.06011,				0.88761
591,		1063.82676,		1088.48106,		1159.06942,				1.06485,				0.89159
592,		1051.90830,		1088.19132,		1151.16614,				1.05787,				0.88551
593,		1021.84691,		1092.24304,		1155.05412,				1.05751,				0.88850
594,		1048.65782,		1090.60659,		1192.03692,				1.09300,				0.91695
595,		1024.96820,		1082.04955,		1146.97187,				1.06000,				0.88229
596,		1040.93834,		1084.52534,		1142.38191,				1.05335,				0.87876
597,		1034.69685,		1075.82946,		1139.55270,				1.05923,				0.87658
598,		1015.14358,		1078.56031,		1145.59088,				1.06215,				0.88122
599,		1013.74854,		1074.93924,		1140.20700,				1.06072,				0.87708
600,		1010.65169,		1078.86283,		1130.63262,				1.04799,				0.86972
601,		1026.02328,		1073.53726,		1132.89442,				1.05529,				0.87146
602,		1011.26178,		1078.53886,		1133.42074,				1.05089,				0.87186
603,		1024.13622,		1080.92445,		1133.48718,				1.04863,				0.87191
604,		1027.03191,		1083.63036,		1133.01218,				1.04557,				0.87155
605,		1025.67952,		1079.81324,		1130.63374,				1.04706,				0.86972
606,		1022.33439,		1078.68116,		1131.41756,				1.04889,				0.87032
607,		1031.21151,		1077.35650,		1131.85561,				1.05059,				0.87066
608,		1043.64902,		1076.37575,		1129.99227,				1.04981,				0.86922
609,		1037.96168,		1076.16388,		1128.14646,				1.04830,				0.86780
610,		1037.07256,		1075.95130,		1123.61404,				1.04430,				0.86432
611,		1037.74182,		1074.62673,		1132.98836,				1.05431,				0.87153
612,		1022.73058,		1068.14602,		1116.15865,				1.04495,				0.85858
613,		1015.43333,		1071.19653,		1125.45762,				1.05065,				0.86574
614,		1038.26907,		1074.46529,		1135.84717,				1.05713,				0.87373
615,		1025.28857,		1077.02742,		1125.18676,				1.04472,				0.86553
616,		1013.06112,		1074.80931,		1118.52594,				1.04067,				0.86040
617,		1014.57493,		1073.53588,		1165.93477,				1.08607,				0.89687
618,		993.14568,		1052.81757,		1162.65229,				1.10432,				0.89435
619,		1001.15451,		1046.83425,		1165.84713,				1.11369,				0.89681
620,		981.81872,		1052.41902,		1122.49908,				1.06659,				0.86346
621,		989.65972,		1062.79392,		1119.09270,				1.05297,				0.86084
622,		985.78599,		1065.67201,		1122.83035,				1.05364,				0.86372
623,		985.78613,		1063.55291,		1121.57443,				1.05455,				0.86275
624,		987.46615,		1064.85610,		1123.15405,				1.05475,				0.86396
625,		991.60367,		1066.43569,		1126.47489,				1.05630,				0.86652
626,		1013.21256,		1065.96689,		1141.08452,				1.07047,				0.87776
627,		984.06121,		1064.51819,		1118.36111,				1.05058,				0.86028
628,		979.12082,		1065.08925,		1119.73737,				1.05131,				0.86134
629,		1001.10685,		1064.38661,		1121.19754,				1.05337,				0.86246
630,		1005.85784,		1059.94029,		1110.34048,				1.04755,				0.85411
631,		1023.08101,		1062.43829,		1114.15897,				1.04868,				0.85705
632,		999.81289,		1058.63420,		1103.09618,				1.04200,				0.84854
633,		971.44300,		1058.82541,		1111.21617,				1.04948,				0.85478
634,		1003.88397,		1058.31934,		1111.23816,				1.05000,				0.85480
635,		1006.27449,		1058.02983,		1111.70968,				1.05074,				0.85516
636,		1008.59726,		1058.00328,		1105.10608,				1.04452,				0.85008
637,		1006.19497,		1058.28107,		1115.18664,				1.05377,				0.85784
638,		1020.44884,		1057.48618,		1104.44396,				1.04441,				0.84957
639,		1002.89780,		1057.51293,		1111.61178,				1.05116,				0.85509
640,		1004.72296,		1057.76829,		1106.94974,				1.04650,				0.85150
641,		1014.42638,		1057.29759,		1106.09662,				1.04615,				0.85084
642,		1011.32145,		1056.86704,		1110.45373,				1.05070,				0.85420
643,		1015.83426,		1057.39717,		1110.22674,				1.04996,				0.85402
644,		1013.01535,		1057.01871,		1110.03722,				1.05016,				0.85387
645,		998.45567,		1060.86494,		1114.37556,				1.05044,				0.85721
646,		1007.31274,		1064.52790,		1120.14979,				1.05225,				0.86165
647,		1001.44273,		1062.49037,		1101.85853,				1.03705,				0.84758
648,		1006.49822,		1065.28502,		1121.19437,				1.05248,				0.86246
649,		1015.28810,		1064.46869,		1122.10591,				1.05415,				0.86316
650,		1001.48000,		1062.77521,		1114.45302,				1.04863,				0.85727
651,		996.97206,		1058.82208,		1117.05248,				1.05500,				0.85927
652,		1000.93723,		1059.33122,		1105.82734,				1.04389,				0.85064
653,		989.76403,		1060.42830,		1107.19271,				1.04410,				0.85169
654,		983.98484,		1060.45972,		1106.88332,				1.04378,				0.85145
655,		1000.49326,		1044.60806,		1107.37881,				1.06009,				0.85183
656,		973.26233,		1048.56246,		1099.06305,				1.04816,				0.84543
657,		970.94764,		1046.59182,		1112.90530,				1.06336,				0.85608
658,		990.22218,		1037.21531,		1099.90204,				1.06044,				0.84608
659,		975.49002,		1048.69822,		1101.10320,				1.04997,				0.84700
660,		994.74487,		1056.15077,		1108.72220,				1.04978,				0.85286
661,		1005.74772,		1059.26162,		1106.76098,				1.04484,				0.85135
662,		1008.67901,		1061.09338,		1110.22955,				1.04631,				0.85402
663,		1014.53756,		1062.18991,		1130.46639,				1.06428,				0.86959
664,		1015.63450,		1061.96475,		1114.27471,				1.04926,				0.85713
665,		1010.67408,		1061.77877,		1111.45337,				1.04678,				0.85496
666,		1013.62814,		1062.20554,		1109.48143,				1.04451,				0.85345
667,		1008.35428,		1061.60510,		1102.27384,				1.03831,				0.84790
668,		1014.65946,		1062.42920,		1115.31597,				1.04978,				0.85794
669,		1009.23532,		1061.96117,		1118.24241,				1.05300,				0.86019
670,		1010.60910,		1061.68317,		1097.53592,				1.03377,				0.84426
671,		1009.25791,		1061.59575,		1111.70686,				1.04720,				0.85516
672,		1011.45881,		1061.73059,		1111.81353,				1.04717,				0.85524
673,		1010.28155,		1062.19080,		1113.86276,				1.04865,				0.85682
674,		1011.99239,		1062.33378,		1116.37396,				1.05087,				0.85875
675,		1001.85687,		1062.12803,		1115.20452,				1.04997,				0.85785
676,		1009.41899,		1062.28649,		1110.61141,				1.04549,				0.85432
677,		1008.68104,		1062.24376,		1105.43785,				1.04066,				0.85034
678,		1011.33629,		1062.88581,		1108.91920,				1.04331,				0.85301
679,		1010.01668,		1062.84804,		1104.14533,				1.03886,				0.84934
680,		1012.87385,		1062.34997,		1117.39209,				1.05181,				0.85953
681,		1010.38642,		1063.18603,		1114.57460,				1.04833,				0.85737
682,		1014.87250,		1063.30964,		1110.96191,				1.04482,				0.85459
683,		1011.60027,		1063.59410,		1112.66428,				1.04614,				0.85590
684,		1013.53016,		1063.79149,		1115.33182,				1.04845,				0.85795
685,		1024.00633,		1063.47495,		1116.99089,				1.05032,				0.85922
686,		1032.72381,		1063.42613,		1119.28366,				1.05253,				0.86099
687,		1007.19904,		1061.87457,		1107.74648,				1.04320,				0.85211
688,		1012.16003,		1062.16064,		1109.85911,				1.04491,				0.85374
689,		1011.94554,		1063.89308,		1110.40254,				1.04372,				0.85416
690,		1017.48170,		1062.31847,		1110.93967,				1.04577,				0.85457
691,		1012.55865,		1061.69697,		1100.82812,				1.03686,				0.84679
692,		1016.83028,		1061.23902,		1102.51446,				1.03889,				0.84809
693,		1011.39031,		1061.06899,		1111.88876,				1.04789,				0.85530
694,		1013.91450,		1070.45520,		1109.83246,				1.03679,				0.85372
695,		1018.03836,		1070.60189,		1128.24437,				1.05384,				0.86788
696,		1015.85132,		1067.57247,		1127.40725,				1.05605,				0.86724
697,		1014.02446,		1069.77010,		1112.52761,				1.03997,				0.85579
698,		1014.91491,		1070.51817,		1119.40284,				1.04566,				0.86108
699,		1026.45808,		1070.91507,		1119.17913,				1.04507,				0.86091
700,		1023.04564,		1071.37440,		1119.95024,				1.04534,				0.86150
701,		1019.85810,		1071.23665,		1119.86514,				1.04539,				0.86143
702,		1012.83499,		1074.21719,		1124.02906,				1.04637,				0.86464
703,		1030.24482,		1072.55318,		1121.68224,				1.04581,				0.86283
704,		1029.52150,		1074.08513,		1124.51516,				1.04695,				0.86501
705,		1021.21975,		1073.21280,		1121.67716,				1.04516,				0.86283
706,		1038.50559,		1074.17921,		1122.45570,				1.04494,				0.86343
707,		1019.15407,		1074.41970,		1125.30291,				1.04736,				0.86562
708,		1020.02005,		1074.62989,		1132.88261,				1.05421,				0.87145
709,		1022.63612,		1073.11765,		1122.29816,				1.04583,				0.86331
710,		1018.71595,		1071.93240,		1125.36988,				1.04985,				0.86567
711,		1014.04930,		1073.86802,		1132.20574,				1.05432,				0.87093
712,		1023.42611,		1074.99635,		1126.52286,				1.04793,				0.86656
713,		1022.36503,		1073.21983,		1124.98496,				1.04823,				0.86537
714,		1019.69595,		1074.42587,		1125.86694,				1.04788,				0.86605
715,		1023.46717,		1074.66785,		1128.27210,				1.04988,				0.86790
716,		1021.27069,		1075.24563,		1128.49851,				1.04953,				0.86808
717,		1001.99243,		1070.47361,		1126.32293,				1.05217,				0.86640
718,		993.64013,		1052.31692,		1125.75239,				1.06978,				0.86596
719,		1013.83453,		1063.80177,		1122.49810,				1.05518,				0.86346
720,		1019.85109,		1070.82610,		1125.27703,				1.05085,				0.86560
721,		1003.06420,		1052.44600,		1115.20066,				1.05963,				0.85785
722,		986.54595,		1048.33496,		1115.78764,				1.06434,				0.85830
723,		982.75299,		1041.24761,		1116.44410,				1.07222,				0.85880
724,		974.94291,		1039.03511,		1118.58581,				1.07656,				0.86045
725,		970.15708,		1037.43061,		1091.75483,				1.05236,				0.83981
726,		953.43753,		1036.37734,		1095.98874,				1.05752,				0.84307
727,		950.73657,		1036.24278,		1141.96698,				1.10203,				0.87844
728,		984.94335,		1035.61057,		1091.77491,				1.05423,				0.83983
729,		984.15347,		1035.12724,		1082.08217,				1.04536,				0.83237
730,		986.89171,		1035.94771,		1079.72255,				1.04226,				0.83056
731,		984.48378,		1035.51645,		1096.65320,				1.05904,				0.84358
732,		981.66686,		1035.36459,		1096.28353,				1.05884,				0.84330
733,		979.66286,		1035.47370,		1094.16987,				1.05669,				0.84167
734,		957.74013,		1036.48110,		1093.07801,				1.05460,				0.84083
735,		983.20701,		1035.56533,		1080.30469,				1.04320,				0.83100
736,		985.99594,		1036.32455,		1095.17839,				1.05679,				0.84244
737,		979.67236,		1036.64181,		1094.85125,				1.05615,				0.84219
738,		995.93356,		1036.77698,		1092.00627,				1.05327,				0.84000
739,		997.20384,		1036.97541,		1086.86002,				1.04811,				0.83605
740,		984.59227,		1037.58245,		1090.14433,				1.05066,				0.83857
741,		986.26894,		1037.28513,		1094.46783,				1.05513,				0.84190
742,		979.20298,		1037.26166,		1097.96028,				1.05852,				0.84458
743,		980.88198,		1037.40984,		1096.55945,				1.05702,				0.84351
744,		980.71795,		1036.77812,		1091.67526,				1.05295,				0.83975
745,		978.38123,		1037.02181,		1087.33727,				1.04852,				0.83641
746,		981.27443,		1037.36987,		1088.70958,				1.04949,				0.83747
747,		984.24085,		1037.95369,		1086.99838,				1.04725,				0.83615
748,		985.11201,		1036.43334,		1084.35757,				1.04624,				0.83412
749,		976.17267,		1036.52735,		1140.29527,				1.10011,				0.87715
750,		970.10859,		1034.03086,		1099.72427,				1.06353,				0.84594
751,		998.30503,		1037.15932,		1089.10207,				1.05008,				0.83777
752,		992.33872,		1039.95727,		1093.70106,				1.05168,				0.84131
753,		996.87205,		1040.52804,		1087.97732,				1.04560,				0.83691
754,		994.91470,		1041.35553,		1083.30265,				1.04028,				0.83331
755,		984.90630,		1042.15755,		1084.49517,				1.04062,				0.83423
756,		1011.23209,		1041.96137,		1083.68206,				1.04004,				0.83360
757,		1009.91695,		1041.69101,		1088.92090,				1.04534,				0.83763
758,		1000.41799,		1041.85656,		1093.32847,				1.04940,				0.84102
759,		1000.60137,		1041.56151,		1096.19626,				1.05245,				0.84323
760,		992.32361,		1041.56275,		1095.14329,				1.05144,				0.84242
761,		990.11251,		1041.94616,		1096.87358,				1.05272,				0.84375
762,		987.56900,		1041.90502,		1102.00308,				1.05768,				0.84769
763,		996.36596,		1041.89542,		1100.60951,				1.05635,				0.84662
764,		993.38665,		1042.48175,		1102.87402,				1.05793,				0.84836
765,		995.55435,		1042.27305,		1090.35862,				1.04614,				0.83874
766,		986.73223,		1042.10255,		1094.42118,				1.05020,				0.84186
767,		984.51357,		1043.32461,		1134.06352,				1.08697,				0.87236
768,		988.56357,		1042.38541,		1093.60034,				1.04913,				0.84123
769,		987.47150,		1042.77048,		1100.41760,				1.05528,				0.84648
770,		983.48344,		1041.99335,		1105.28232,				1.06074,				0.85022
771,		985.23582,		1042.60567,		1102.64489,				1.05759,				0.84819
772,		983.67497,		1041.41449,		1094.52670,				1.05100,				0.84194
773,		1009.02888,		1041.61244,		1100.09988,				1.05615,				0.84623
774,		987.17096,		1041.16647,		1087.43900,				1.04444,				0.83649
775,		986.16344,		1040.84704,		1079.47126,				1.03711,				0.83036
776,		998.27668,		1040.55400,		1083.01170,				1.04080,				0.83309
777,		980.98832,		1039.06465,		1097.95891,				1.05668,				0.84458
778,		988.52646,		1039.66034,		1101.51989,				1.05950,				0.84732
779,		992.09233,		1040.16922,		1101.52000,				1.05898,				0.84732
780,		990.53857,		1040.13688,		1096.18749,				1.05389,				0.84322
781,		994.97603,		1040.26038,		1095.84764,				1.05344,				0.84296
782,		984.65679,		1039.42777,		1096.65132,				1.05505,				0.84358
783,		990.92253,		1040.06401,		1098.86504,				1.05654,				0.84528
784,		1000.02269,		1039.80459,		1092.71808,				1.05089,				0.84055
785,		991.82395,		1040.06297,		1090.27547,				1.04828,				0.83867
786,		993.29374,		1040.66407,		1096.69554,				1.05384,				0.84361
787,		983.76703,		1040.62537,		1104.39929,				1.06128,				0.84954
788,		998.45832,		1039.97901,		1095.85201,				1.05373,				0.84296
789,		1005.32525,		1039.81718,		1090.17944,				1.04843,				0.83860
790,		1000.95297,		1039.93824,		1086.26384,				1.04455,				0.83559
791,		1003.61356,		1043.90384,		1086.98114,				1.04127,				0.83614
792,		989.78303,		1042.55411,		1087.08453,				1.04271,				0.83622
793,		1000.90407,		1040.86287,		1104.54403,				1.06118,				0.84965
794,		1000.05185,		1040.10856,		1100.03901,				1.05762,				0.84618
795,		1001.40960,		1040.34865,		1090.62998,				1.04833,				0.83895
796,		971.40309,		1031.10112,		1083.53494,				1.05085,				0.83349
797,		988.11588,		1032.52810,		1087.59318,				1.05333,				0.83661
798,		998.33291,		1024.74883,		1084.73629,				1.05854,				0.83441
799,		966.83517,		1022.35346,		1082.59140,				1.05892,				0.83276
800,		968.66068,		1019.22978,		1093.03100,				1.07241,				0.84079
801,		965.92518,		1020.99582,		1081.65933,				1.05942,				0.83205
802,		958.95374,		1021.25314,		1073.54084,				1.05120,				0.82580
803,		982.61833,		1018.82660,		1078.35535,				1.05843,				0.82950
804,		979.28336,		1020.10301,		1076.37413,				1.05516,				0.82798
805,		985.91257,		1020.29482,		1066.84304,				1.04562,				0.82065
806,		975.21625,		1020.27647,		1064.15230,				1.04300,				0.81858
807,		966.74874,		1019.94162,		1075.52388,				1.05450,				0.82733
808,		968.50195,		1021.27807,		1077.62260,				1.05517,				0.82894
809,		966.11900,		1020.87905,		1074.71503,				1.05273,				0.82670
810,		974.89044,		1021.43197,		1067.82855,				1.04542,				0.82141
811,		973.71898,		1021.56110,		1075.69806,				1.05299,				0.82746
812,		963.60215,		1021.75967,		1074.51521,				1.05163,				0.82655
813,		972.33388,		1021.24189,		1082.40370,				1.05989,				0.83262
814,		979.03408,		1021.65066,		1074.70634,				1.05193,				0.82670
815,		977.30866,		1021.29304,		1075.37966,				1.05296,				0.82722
816,		983.73423,		1021.48771,		1081.73228,				1.05898,				0.83210
817,		973.58609,		1021.58563,		1081.46471,				1.05861,				0.83190
818,		966.56220,		1022.84675,		1079.43737,				1.05533,				0.83034
819,		961.86945,		1022.88953,		1074.78313,				1.05073,				0.82676
820,		970.02495,		1022.71388,		1065.08784,				1.04143,				0.81930
821,		965.74388,		1023.53499,		1076.06604,				1.05132,				0.82774
822,		974.20991,		1023.82753,		1074.50814,				1.04950,				0.82654
823,		970.62528,		1024.22579,		1077.02827,				1.05155,				0.82848
824,		970.55705,		1024.04612,		1074.84231,				1.04960,				0.82680
825,		969.89360,		1024.18723,		1080.09989,				1.05459,				0.83085
826,		979.54365,		1022.98899,		1082.44363,				1.05812,				0.83265
827,		967.87986,		1022.76651,		1064.25971,				1.04057,				0.81866
828,		974.44542,		1023.41941,		1077.94803,				1.05328,				0.82919
829,		978.52347,		1027.81839,		1082.35131,				1.05306,				0.83258
830,		980.57621,		1023.91291,		1081.77956,				1.05652,				0.83214
831,		975.54738,		1028.76689,		1077.27261,				1.04715,				0.82867
832,		972.61049,		1026.12127,		1065.73387,				1.03860,				0.81980
833,		974.73522,		1020.42727,		1086.23598,				1.06449,				0.83557
834,		977.79014,		1028.22392,		1092.87622,				1.06288,				0.84067
835,		970.49657,		1022.20923,		1079.09215,				1.05565,				0.83007
836,		974.66725,		1028.06363,		1082.83201,				1.05327,				0.83295
837,		961.18671,		1021.44496,		1074.53346,				1.05197,				0.82656
838,		961.71685,		1027.78015,		1091.06588,				1.06158,				0.83928
839,		985.63730,		1030.41776,		1105.17953,				1.07255,				0.85014
840,		963.21471,		1022.37948,		1087.18729,				1.06339,				0.83630
841,		996.37888,		1028.66980,		1090.52507,				1.06013,				0.83887
842,		986.11900,		1027.74180,		1089.62343,				1.06021,				0.83817
843,		984.17209,		1030.36001,		1108.75622,				1.07609,				0.85289
844,		978.82538,		1028.52866,		1087.78738,				1.05762,				0.83676
845,		977.26570,		1027.60382,		1071.84968,				1.04306,				0.82450
846,		975.08142,		1025.99350,		1072.96318,				1.04578,				0.82536
847,		991.83306,		1030.48195,		1085.49111,				1.05338,				0.83499
848,		975.57220,		1028.93122,		1085.87999,				1.05535,				0.83529
849,		972.27078,		1027.08245,		1071.20269,				1.04296,				0.82400
850,		966.18434,		1028.00159,		1085.17375,				1.05561,				0.83475
851,		944.50978,		997.16793,		1076.47348,				1.07953,				0.82806
852,		949.19022,		1012.75750,		1083.74349,				1.07009,				0.83365
853,		939.49829,		996.57319,		1081.60333,				1.08532,				0.83200
854,		945.37613,		1009.84811,		1077.60021,				1.06709,				0.82892
855,		954.27980,		1019.01284,		1082.56717,				1.06237,				0.83274
856,		956.10058,		1022.64688,		1096.45771,				1.07218,				0.84343
857,		955.24805,		1020.92728,		1104.06951,				1.08144,				0.84928
858,		967.29124,		1025.02595,		1085.24346,				1.05875,				0.83480
859,		964.57348,		1024.62502,		1070.98626,				1.04525,				0.82384
860,		966.49960,		1025.03795,		1079.55577,				1.05319,				0.83043
861,		971.12404,		1028.14984,		1084.68605,				1.05499,				0.83437
862,		972.16111,		1028.22274,		1074.63542,				1.04514,				0.82664
863,		971.54087,		1027.69976,		1074.28770,				1.04533,				0.82638
864,		972.60204,		1027.82419,		1085.19359,				1.05582,				0.83476
865,		992.74076,		1027.65679,		1081.59784,				1.05249,				0.83200
866,		988.70314,		1027.09955,		1084.22640,				1.05562,				0.83402
867,		976.33965,		1027.97741,		1087.69979,				1.05810,				0.83669
868,		976.29764,		1028.37985,		1084.48992,				1.05456,				0.83422
869,		979.00687,		1028.68954,		1082.82324,				1.05262,				0.83294
870,		972.66815,		1029.46576,		1095.32990,				1.06398,				0.84256
871,		982.62396,		1029.71422,		1081.75738,				1.05054,				0.83212
872,		965.52022,		1028.79442,		1080.47018,				1.05023,				0.83113
873,		988.98245,		1029.75258,		1080.82985,				1.04960,				0.83141
874,		977.58357,		1029.15674,		1076.96673,				1.04646,				0.82844
875,		991.17620,		1028.66199,		1081.06398,				1.05094,				0.83159
876,		959.00607,		1013.29314,		1086.33289,				1.07208,				0.83564
877,		987.39048,		1045.28798,		1133.65448,				1.08454,				0.87204
878,		989.51681,		1062.52767,		1125.52418,				1.05929,				0.86579
879,		986.83862,		1058.58468,		1138.79101,				1.07577,				0.87599
880,		985.37051,		1057.07119,		1138.52690,				1.07706,				0.87579
881,		989.08224,		1054.87698,		1138.86538,				1.07962,				0.87605
882,		969.23675,		1024.84386,		1100.51390,				1.07384,				0.84655
883,		973.32615,		1039.64726,		1095.62494,				1.05384,				0.84279
884,		961.77162,		1045.17233,		1099.56404,				1.05204,				0.84582
885,		975.21941,		1048.36835,		1100.40822,				1.04964,				0.84647
886,		974.41930,		1050.70789,		1087.33710,				1.03486,				0.83641
887,		982.80071,		1051.39997,		1101.50435,				1.04765,				0.84731
888,		990.03358,		1052.00347,		1102.86171,				1.04834,				0.84836
889,		995.57103,		1052.53403,		1091.28892,				1.03682,				0.83945
890,		993.80825,		1051.06185,		1100.20641,				1.04676,				0.84631
891,		994.31557,		1052.09167,		1106.39843,				1.05162,				0.85108
892,		1000.83929,		1051.93343,		1102.82006,				1.04837,				0.84832
893,		999.30891,		1052.10374,		1093.04235,				1.03891,				0.84080
894,		997.69768,		1052.52847,		1095.27608,				1.04061,				0.84252
895,		989.89959,		1052.30555,		1100.99041,				1.04626,				0.84692
896,		991.77631,		1053.12452,		1132.89318,				1.07574,				0.87146
897,		991.22905,		1052.56310,		1114.12140,				1.05848,				0.85702
898,		997.13861,		1052.56776,		1108.63500,				1.05327,				0.85280
899,		999.58574,		1052.64171,		1101.58723,				1.04650,				0.84737
900,		990.86874,		1052.47828,		1119.66120,				1.06383,				0.86128
901,		992.94375,		1051.15167,		1100.28271,				1.04674,				0.84637
902,		993.28695,		1054.53478,		1100.19126,				1.04330,				0.84630
903,		975.07757,		1043.86752,		1113.01193,				1.06624,				0.85616
904,		995.44779,		1046.24938,		1116.72497,				1.06736,				0.85902
905,		996.89455,		1037.68542,		1096.04975,				1.05624,				0.84312
906,		974.15147,		1033.62075,		1080.34655,				1.04521,				0.83104
907,		968.68193,		1032.98895,		1076.52648,				1.04215,				0.82810
908,		971.01133,		1030.88767,		1076.39254,				1.04414,				0.82799
909,		966.96408,		1029.98530,		1073.91425,				1.04265,				0.82609
910,		965.37782,		1031.12642,		1086.93005,				1.05412,				0.83610
911,		974.19051,		1031.74588,		1072.79165,				1.03978,				0.82522
912,		970.33106,		1028.69024,		1067.82910,				1.03805,				0.82141
913,		960.28243,		1029.63539,		1072.42108,				1.04155,				0.82494
914,		989.55261,		1030.18104,		1108.83752,				1.07635,				0.85295
915,		979.77292,		1046.19619,		1114.60154,				1.06538,				0.85739
916,		985.32919,		1052.93003,		1118.11573,				1.06191,				0.86009
917,		989.87535,		1057.57214,		1115.60867,				1.05488,				0.85816
918,		1003.72753,		1061.60602,		1116.03990,				1.05128,				0.85849
919,		1012.47256,		1062.93137,		1115.93722,				1.04987,				0.85841
920,		1002.92016,		1062.14959,		1117.42160,				1.05204,				0.85956
921,		999.57999,		1064.77352,		1134.23016,				1.06523,				0.87248
922,		1002.98326,		1062.83917,		1125.91555,				1.05935,				0.86609
923,		1006.40605,		1064.92420,		1130.34706,				1.06143,				0.86950
924,		997.96249,		1066.18170,		1115.85817,				1.04659,				0.85835
925,		1005.54398,		1063.64380,		1106.68945,				1.04047,				0.85130
926,		1030.54746,		1064.83809,		1117.31286,				1.04928,				0.85947
927,		1028.01297,		1065.70923,		1115.89209,				1.04709,				0.85838
928,		1015.64142,		1067.44837,		1115.49255,				1.04501,				0.85807
929,		1006.22728,		1067.59475,		1122.60768,				1.05153,				0.86354
930,		990.21416,		1058.86594,		1115.12116,				1.05313,				0.85779
931,		995.17104,		1064.82145,		1113.12634,				1.04536,				0.85625
932,		954.96729,		1044.58893,		1108.56473,				1.06124,				0.85274
933,		947.16444,		1050.50332,		1111.71301,				1.05827,				0.85516
934,		950.62331,		1020.25413,		1104.99033,				1.08305,				0.84999
935,		961.76718,		1038.92817,		1114.50729,				1.07275,				0.85731
936,		969.32243,		1020.10380,		1098.00186,				1.07636,				0.84462
937,		963.53153,		1031.31756,		1107.83791,				1.07420,				0.85218
938,		963.64768,		1018.00449,		1117.27073,				1.09751,				0.85944
939,		967.98647,		1025.56064,		1116.41196,				1.08859,				0.85878
940,		968.07166,		1029.60933,		1120.93977,				1.08870,				0.86226
941,		966.72734,		1031.76977,		1107.77272,				1.07366,				0.85213
942,		970.01021,		1031.58464,		1081.75352,				1.04863,				0.83212
943,		966.16780,		1032.93810,		1086.62218,				1.05197,				0.83586
944,		978.17606,		1031.24104,		1088.62940,				1.05565,				0.83741
945,		984.58304,		1042.17019,		1091.29270,				1.04713,				0.83946
946,		975.59195,		1036.29121,		1086.31294,				1.04827,				0.83563
947,		961.03234,		1039.13739,		1123.92536,				1.08159,				0.86456
948,		987.82367,		1057.33207,		1110.56485,				1.05035,				0.85428
949,		987.69016,		1040.58859,		1114.84513,				1.07136,				0.85757
950,		987.09658,		1052.29348,		1120.67666,				1.06498,				0.86206
951,		1001.24949,		1063.83077,		1109.65871,				1.04308,				0.85358
952,		1013.73027,		1069.28280,		1117.58645,				1.04517,				0.85968
953,		1013.89665,		1072.26888,		1113.42683,				1.03838,				0.85648
954,		1015.23993,		1072.03185,		1105.89002,				1.03158,				0.85068
955,		1017.81486,		1078.99732,		1118.20482,				1.03634,				0.86016
956,		1019.07496,		1076.33650,		1124.97560,				1.04519,				0.86537
957,		1019.52817,		1081.30960,		1133.80370,				1.04855,				0.87216
958,		1015.61566,		1078.39650,		1134.68380,				1.05220,				0.87283
959,		1010.84841,		1075.55829,		1111.98226,				1.03387,				0.85537
960,		1037.98327,		1081.35861,		1130.19339,				1.04516,				0.86938
961,		1020.49149,		1078.27647,		1135.28058,				1.05287,				0.87329
962,		1039.67321,		1076.67339,		1127.55199,				1.04726,				0.86735
963,		1037.37207,		1081.77535,		1120.68288,				1.03597,				0.86206
964,		1035.60773,		1084.41846,		1139.21680,				1.05053,				0.87632
965,		1030.63990,		1085.26656,		1119.41484,				1.03147,				0.86109
966,		1026.19621,		1085.90789,		1110.68303,				1.02282,				0.85437
967,		1033.32835,		1085.95914,		1121.15183,				1.03241,				0.86242
968,		1043.67379,		1086.51084,		1129.56368,				1.03962,				0.86890
969,		1045.72753,		1086.94690,		1135.84895,				1.04499,				0.87373
970,		1045.88008,		1087.69826,		1142.62539,				1.05050,				0.87894
971,		1051.26227,		1087.83641,		1137.12810,				1.04531,				0.87471
972,		1039.50493,		1087.74660,		1137.52224,				1.04576,				0.87502
973,		1034.43595,		1087.69681,		1137.44032,				1.04573,				0.87495
974,		1040.20091,		1088.03867,		1130.38992,				1.03892,				0.86953
975,		1040.30264,		1088.43652,		1129.63114,				1.03785,				0.86895
976,		1039.82021,		1088.20902,		1120.34864,				1.02953,				0.86181
977,		1050.44680,		1088.31112,		1133.69641,				1.04170,				0.87207
978,		1042.25599,		1089.19196,		1132.51199,				1.03977,				0.87116
979,		1053.39162,		1089.83422,		1127.47243,				1.03454,				0.86729
980,		1046.31365,		1089.54670,		1142.25201,				1.04837,				0.87866
981,		1039.42709,		1089.60208,		1133.71693,				1.04049,				0.87209
982,		1058.20341,		1090.59448,		1134.93362,				1.04066,				0.87303
983,		1048.70158,		1089.98596,		1130.34154,				1.03702,				0.86949
984,		1000.09554,		1088.67417,		1131.54318,				1.03938,				0.87042
985,		1026.30261,		1088.52750,		1127.39618,				1.03571,				0.86723
986,		1034.61311,		1088.50806,		1124.34235,				1.03292,				0.86488
987,		1006.77735,		1074.91387,		1126.94149,				1.04840,				0.86688
988,		1027.39843,		1082.20353,		1155.57920,				1.06780,				0.88891
989,		1012.49828,		1071.20775,		1136.15638,				1.06063,				0.87397
990,		1008.37536,		1078.80167,		1142.62039,				1.05916,				0.87894
991,		1035.08731,		1071.34408,		1121.40302,				1.04673,				0.86262
992,		1021.54275,		1067.15730,		1115.92800,				1.04570,				0.85841
993,		1023.70593,		1065.07691,		1113.97810,				1.04591,				0.85691
994,		1024.58915,		1063.17844,		1110.55018,				1.04456,				0.85427
995,		1030.62351,		1063.64176,		1107.60588,				1.04133,				0.85200
996,		1027.17458,		1064.01989,		1112.32549,				1.04540,				0.85563
997,		1028.48422,		1064.04824,		1112.76324,				1.04578,				0.85597
998,		1030.38073,		1064.63217,		1116.41006,				1.04863,				0.85878
999,		1030.64951,		1064.68383,		1108.61155,				1.04126,				0.85278
