RANDOM_SEED, 1698989234
GEN,		MIN,				AVE,				MAX,			CONV,					CONV_ACT,
  0,		818.51327,		1046.33863,		1206.29842,				1.15288,				0.92792
  1,		820.89592,		1076.10206,		1253.41916,				1.16478,				0.96417
  2,		898.34423,		1104.00599,		1208.14614,				1.09433,				0.92934
  3,		908.87164,		1114.17113,		1197.88554,				1.07514,				0.92145
  4,		988.70321,		1103.03411,		1216.57475,				1.10293,				0.93583
  5,		988.80406,		1120.75507,		1202.20460,				1.07267,				0.92477
  6,		973.31565,		1129.49162,		1205.42632,				1.06723,				0.92725
  7,		975.26221,		1134.30287,		1197.72230,				1.05591,				0.92132
  8,		1045.35409,		1132.60670,		1200.26022,				1.05973,				0.92328
  9,		1033.29121,		1138.11240,		1205.20385,				1.05895,				0.92708
 10,		1058.09275,		1172.72855,		1221.05914,				1.04121,				0.93928
 11,		1077.51890,		1176.54712,		1223.15318,				1.03961,				0.94089
 12,		1072.05347,		1157.94124,		1237.19325,				1.06844,				0.95169
 13,		1067.56714,		1154.08421,		1241.45526,				1.07571,				0.95497
 14,		1066.46141,		1142.50228,		1222.02138,				1.06960,				0.94002
 15,		1066.69463,		1146.51917,		1205.82935,				1.05173,				0.92756
 16,		1069.05074,		1148.49857,		1211.94437,				1.05524,				0.93226
 17,		1091.18799,		1150.20233,		1215.91230,				1.05713,				0.93532
 18,		1093.35696,		1144.33987,		1178.94252,				1.03024,				0.90688
 19,		1091.34328,		1142.90626,		1179.20889,				1.03176,				0.90708
 20,		1070.16072,		1135.62053,		1177.48440,				1.03686,				0.90576
 21,		1070.29302,		1135.88088,		1173.48163,				1.03310,				0.90268
 22,		1065.72151,		1132.71244,		1184.80142,				1.04599,				0.91139
 23,		1065.59771,		1134.14396,		1196.74614,				1.05520,				0.92057
 24,		1068.75486,		1132.56487,		1164.27406,				1.02800,				0.89560
 25,		1080.69757,		1137.91343,		1194.10318,				1.04938,				0.91854
 26,		1076.62322,		1134.11623,		1193.01558,				1.05193,				0.91770
 27,		1092.62028,		1143.46722,		1193.15552,				1.04345,				0.91781
 28,		1093.58120,		1147.71914,		1217.06811,				1.06042,				0.93621
 29,		1073.64251,		1150.29348,		1207.31009,				1.04957,				0.92870
 30,		1074.58213,		1150.48064,		1205.20394,				1.04757,				0.92708
 31,		1072.22110,		1151.07195,		1195.88956,				1.03894,				0.91992
 32,		1072.59884,		1145.65246,		1196.52357,				1.04440,				0.92040
 33,		1072.91084,		1149.13151,		1194.96279,				1.03988,				0.91920
 34,		1062.00036,		1146.37411,		1195.99111,				1.04328,				0.91999
 35,		1061.82577,		1144.40562,		1199.25318,				1.04793,				0.92250
 36,		1068.32570,		1137.52581,		1192.85827,				1.04864,				0.91758
 37,		1080.13360,		1149.92359,		1196.08966,				1.04015,				0.92007
 38,		1081.25721,		1151.79602,		1197.66216,				1.03982,				0.92128
 39,		1097.25896,		1157.16705,		1194.67965,				1.03242,				0.91898
 40,		1122.15745,		1159.69320,		1207.26834,				1.04102,				0.92867
 41,		1110.53563,		1160.86606,		1209.08074,				1.04153,				0.93006
 42,		1089.81362,		1160.23222,		1196.27683,				1.03107,				0.92021
 43,		1087.99761,		1160.88283,		1194.47576,				1.02894,				0.91883
 44,		1086.70938,		1165.60008,		1196.20605,				1.02626,				0.92016
 45,		1087.18137,		1163.47323,		1213.15677,				1.04270,				0.93320
 46,		1093.34456,		1165.61661,		1213.09113,				1.04073,				0.93315
 47,		1141.64739,		1171.35019,		1217.37079,				1.03929,				0.93644
 48,		1100.44618,		1169.38245,		1207.46602,				1.03257,				0.92882
 49,		1091.25797,		1172.67813,		1213.65535,				1.03494,				0.93358
 50,		1109.09288,		1168.33516,		1209.66666,				1.03538,				0.93051
 51,		1130.42905,		1172.25047,		1211.85683,				1.03379,				0.93220
 52,		1093.58545,		1174.81008,		1219.70821,				1.03822,				0.93824
 53,		1109.97048,		1175.43804,		1212.54502,				1.03157,				0.93273
 54,		1102.97411,		1175.29385,		1206.27086,				1.02636,				0.92790
 55,		1108.74022,		1175.67399,		1205.89027,				1.02570,				0.92761
 56,		1111.33899,		1175.68755,		1217.81811,				1.03583,				0.93678
 57,		1109.66067,		1174.81331,		1225.90726,				1.04349,				0.94301
 58,		1141.18469,		1168.84355,		1224.07841,				1.04726,				0.94160
 59,		1105.19356,		1171.76218,		1217.84162,				1.03932,				0.93680
 60,		1102.35718,		1167.57314,		1192.75807,				1.02157,				0.91751
 61,		1111.26481,		1168.92912,		1207.02302,				1.03259,				0.92848
 62,		1106.33464,		1171.20308,		1206.20651,				1.02989,				0.92785
 63,		1104.81257,		1174.51236,		1195.54669,				1.01791,				0.91965
 64,		1107.19086,		1176.91442,		1222.05584,				1.03836,				0.94004
 65,		1125.32444,		1177.43667,		1219.62218,				1.03583,				0.93817
 66,		1111.08423,		1178.82658,		1205.46454,				1.02260,				0.92728
 67,		1119.29745,		1179.53132,		1211.74879,				1.02731,				0.93211
 68,		1137.42968,		1178.02995,		1211.05620,				1.02804,				0.93158
 69,		1136.39397,		1171.09239,		1200.20358,				1.02486,				0.92323
 70,		1144.75025,		1174.46729,		1211.94841,				1.03191,				0.93227
 71,		1106.98629,		1176.57494,		1220.62364,				1.03744,				0.93894
 72,		1106.30338,		1177.80889,		1225.11982,				1.04017,				0.94240
 73,		1111.96610,		1178.22094,		1215.89540,				1.03198,				0.93530
 74,		1093.24063,		1170.81531,		1223.43755,				1.04494,				0.94111
 75,		1100.73312,		1166.67561,		1212.34281,				1.03914,				0.93257
 76,		1106.74447,		1171.11800,		1209.93406,				1.03314,				0.93072
 77,		1094.33470,		1167.85310,		1202.82081,				1.02994,				0.92525
 78,		1104.36680,		1165.94860,		1202.25749,				1.03114,				0.92481
 79,		1108.95162,		1163.50517,		1201.99930,				1.03308,				0.92461
 80,		1106.45151,		1163.18550,		1212.30572,				1.04223,				0.93254
 81,		1108.34198,		1162.29227,		1212.42928,				1.04314,				0.93264
 82,		1094.40643,		1161.01931,		1197.18358,				1.03115,				0.92091
 83,		1109.10446,		1152.64069,		1187.46252,				1.03021,				0.91343
 84,		1058.35802,		1147.89530,		1187.88077,				1.03483,				0.91375
 85,		1044.98459,		1112.98624,		1196.33491,				1.07489,				0.92026
 86,		1061.74159,		1127.72769,		1191.51031,				1.05656,				0.91655
 87,		1067.82902,		1140.79741,		1204.65503,				1.05598,				0.92666
 88,		1067.49692,		1149.01910,		1192.46782,				1.03781,				0.91728
 89,		1069.56059,		1151.79373,		1191.63487,				1.03459,				0.91664
 90,		1075.26595,		1152.71114,		1173.94733,				1.01842,				0.90304
 91,		1055.64823,		1153.80139,		1198.30470,				1.03857,				0.92177
 92,		1081.91431,		1154.19675,		1197.24710,				1.03730,				0.92096
 93,		1085.55257,		1153.05855,		1201.25295,				1.04180,				0.92404
 94,		1088.33466,		1154.16783,		1206.86048,				1.04565,				0.92835
 95,		1078.93170,		1154.27188,		1212.40812,				1.05037,				0.93262
 96,		1083.43343,		1161.45438,		1215.46764,				1.04650,				0.93498
 97,		1103.78602,		1165.41569,		1210.08575,				1.03833,				0.93084
 98,		1135.40555,		1167.30110,		1220.01221,				1.04516,				0.93847
 99,		1101.10213,		1168.01163,		1216.07443,				1.04115,				0.93544
100,		1114.95962,		1168.06997,		1202.27672,				1.02928,				0.92483
101,		1115.00706,		1166.86169,		1205.83482,				1.03340,				0.92757
102,		1104.22104,		1168.08316,		1203.79711,				1.03057,				0.92600
103,		1118.50392,		1168.15781,		1189.32906,				1.01812,				0.91487
104,		1102.89023,		1168.38647,		1185.50843,				1.01465,				0.91193
105,		1126.07518,		1168.87608,		1198.38637,				1.02525,				0.92184
106,		1125.19035,		1168.41940,		1219.45922,				1.04368,				0.93805
107,		1099.41612,		1168.46669,		1199.68135,				1.02671,				0.92283
108,		1094.03913,		1168.85987,		1202.66694,				1.02892,				0.92513
109,		1097.10794,		1168.50806,		1202.31983,				1.02894,				0.92486
110,		1144.73969,		1169.06607,		1219.86927,				1.04346,				0.93836
111,		1134.26810,		1168.70467,		1216.34636,				1.04076,				0.93565
112,		1143.07229,		1169.05468,		1213.15737,				1.03773,				0.93320
113,		1101.97056,		1169.08190,		1212.10283,				1.03680,				0.93239
114,		1097.14302,		1168.85613,		1209.07141,				1.03441,				0.93005
115,		1102.16217,		1168.79935,		1212.87312,				1.03771,				0.93298
116,		1092.78205,		1168.56601,		1209.44752,				1.03498,				0.93034
117,		1095.26826,		1167.86450,		1209.69079,				1.03581,				0.93053
118,		1097.77695,		1168.52278,		1216.78112,				1.04130,				0.93599
119,		1106.95961,		1166.74168,		1216.57768,				1.04271,				0.93583
120,		1096.21930,		1167.36934,		1218.62017,				1.04390,				0.93740
121,		1102.80248,		1169.23531,		1227.52965,				1.04986,				0.94425
122,		1100.08753,		1169.42357,		1212.60718,				1.03693,				0.93277
123,		1125.94817,		1168.94801,		1210.12905,				1.03523,				0.93087
124,		1095.31592,		1168.55338,		1191.46281,				1.01960,				0.91651
125,		1099.43069,		1168.17503,		1218.26577,				1.04288,				0.93713
126,		1102.32152,		1168.38676,		1191.96175,				1.02018,				0.91689
127,		1128.77949,		1168.90334,		1198.66098,				1.02546,				0.92205
128,		1122.71051,		1168.60635,		1182.35023,				1.01176,				0.90950
129,		1096.88631,		1168.05275,		1184.04341,				1.01369,				0.91080
130,		1097.72673,		1168.75145,		1200.94529,				1.02755,				0.92380
131,		1104.74737,		1168.77946,		1193.15579,				1.02086,				0.91781
132,		1104.29251,		1168.82496,		1198.30620,				1.02522,				0.92177
133,		1105.37773,		1168.83698,		1190.13780,				1.01822,				0.91549
134,		1095.27941,		1168.70628,		1214.04389,				1.03879,				0.93388
135,		1104.57339,		1169.13222,		1219.03229,				1.04268,				0.93772
136,		1098.52635,		1168.69367,		1215.34469,				1.03992,				0.93488
137,		1104.78824,		1168.92055,		1213.80394,				1.03840,				0.93370
138,		1093.66055,		1160.29540,		1199.70772,				1.03397,				0.92285
139,		1079.95108,		1157.01982,		1189.74864,				1.02829,				0.91519
140,		1091.24135,		1154.51934,		1190.53985,				1.03120,				0.91580
141,		1092.11363,		1153.82880,		1202.40206,				1.04210,				0.92492
142,		1113.42817,		1152.93157,		1179.39998,				1.02296,				0.90723
143,		1115.17310,		1153.60376,		1195.18569,				1.03605,				0.91937
144,		1083.37699,		1152.40831,		1197.03771,				1.03873,				0.92080
145,		1082.28930,		1152.44523,		1200.01192,				1.04127,				0.92309
146,		1090.16084,		1152.84967,		1195.24509,				1.03677,				0.91942
147,		1096.77516,		1153.24682,		1198.94780,				1.03963,				0.92227
148,		1081.77089,		1152.58951,		1197.39894,				1.03888,				0.92108
149,		1109.14023,		1152.78198,		1197.03466,				1.03839,				0.92080
150,		1098.94090,		1152.25381,		1196.35204,				1.03827,				0.92027
151,		1082.61494,		1152.35149,		1191.81606,				1.03425,				0.91678
152,		1108.57940,		1151.98347,		1177.30159,				1.02198,				0.90562
153,		1041.51244,		1152.90045,		1189.09305,				1.03139,				0.91469
154,		1080.80454,		1143.85408,		1188.95720,				1.03943,				0.91458
155,		1078.31297,		1143.60922,		1180.28889,				1.03207,				0.90791
156,		1064.74096,		1138.63326,		1175.38686,				1.03228,				0.90414
157,		1099.46211,		1136.79189,		1171.70321,				1.03071,				0.90131
158,		1102.23417,		1136.19613,		1168.43090,				1.02837,				0.89879
159,		1053.63237,		1134.27538,		1175.52649,				1.03637,				0.90425
160,		1080.56669,		1134.92291,		1182.21289,				1.04167,				0.90939
161,		1083.79998,		1134.54924,		1172.02788,				1.03303,				0.90156
162,		1083.82104,		1134.81584,		1176.01244,				1.03630,				0.90462
163,		1056.17249,		1134.67458,		1162.82121,				1.02481,				0.89448
164,		1066.73248,		1135.16318,		1179.75747,				1.03928,				0.90751
165,		1069.95751,		1135.05720,		1174.81868,				1.03503,				0.90371
166,		1072.42119,		1134.83035,		1193.84815,				1.05201,				0.91834
167,		1073.08402,		1134.51357,		1158.30189,				1.02097,				0.89100
168,		1082.10712,		1134.87743,		1168.69070,				1.02979,				0.89899
169,		1084.81320,		1134.60251,		1175.88632,				1.03639,				0.90453
170,		1062.11361,		1134.56164,		1174.48396,				1.03519,				0.90345
171,		1061.76153,		1135.23217,		1180.03115,				1.03946,				0.90772
172,		1063.43929,		1134.65389,		1178.45170,				1.03860,				0.90650
173,		1064.54503,		1134.35271,		1171.71351,				1.03294,				0.90132
174,		1109.62374,		1135.23093,		1177.86912,				1.03756,				0.90605
175,		1060.82306,		1134.83272,		1176.15449,				1.03641,				0.90473
176,		1068.45272,		1134.30703,		1178.36267,				1.03884,				0.90643
177,		1066.15483,		1134.40271,		1178.42280,				1.03880,				0.90648
178,		1087.80071,		1134.62918,		1178.55957,				1.03872,				0.90658
179,		1089.26867,		1134.14853,		1180.87476,				1.04120,				0.90837
180,		1081.75347,		1132.75417,		1181.04183,				1.04263,				0.90849
181,		1086.62323,		1129.74293,		1169.00853,				1.03476,				0.89924
182,		1093.55956,		1131.35607,		1180.61391,				1.04354,				0.90816
183,		1062.48266,		1132.84778,		1178.30030,				1.04012,				0.90638
184,		1052.44461,		1125.28710,		1181.28537,				1.04976,				0.90868
185,		1054.76078,		1123.55882,		1177.38787,				1.04791,				0.90568
186,		1101.29540,		1129.77713,		1173.59028,				1.03878,				0.90276
187,		1070.91657,		1132.02235,		1166.31902,				1.03030,				0.89717
188,		1048.15269,		1132.61718,		1160.24342,				1.02439,				0.89249
189,		1081.35486,		1134.16268,		1163.69340,				1.02604,				0.89515
190,		1076.30589,		1133.90996,		1170.17855,				1.03199,				0.90014
191,		1069.22986,		1134.47016,		1179.17749,				1.03941,				0.90706
192,		1069.12739,		1134.13653,		1159.38604,				1.02226,				0.89184
193,		1061.11512,		1134.43946,		1158.00339,				1.02077,				0.89077
194,		1068.67879,		1134.61350,		1178.55239,				1.03873,				0.90658
195,		1064.24440,		1134.80960,		1180.43731,				1.04021,				0.90803
196,		1082.19842,		1134.97319,		1169.12137,				1.03009,				0.89932
197,		1065.53602,		1134.81777,		1157.20632,				1.01973,				0.89016
198,		1086.65637,		1135.32836,		1175.43817,				1.03533,				0.90418
199,		1077.22304,		1138.90325,		1176.06613,				1.03263,				0.90467
200,		1085.64698,		1134.26878,		1176.47392,				1.03721,				0.90498
201,		1074.24818,		1134.33012,		1175.72047,				1.03649,				0.90440
202,		1092.05582,		1135.31425,		1159.15183,				1.02100,				0.89166
203,		1071.31502,		1135.85823,		1160.73763,				1.02190,				0.89288
204,		1067.10528,		1136.36496,		1178.38494,				1.03698,				0.90645
205,		1066.07550,		1136.76467,		1178.26426,				1.03651,				0.90636
206,		1068.10782,		1137.02065,		1178.97999,				1.03690,				0.90691
207,		1097.37198,		1136.82337,		1178.04233,				1.03626,				0.90619
208,		1072.99417,		1135.35053,		1171.47528,				1.03182,				0.90113
209,		1092.63226,		1134.63942,		1175.80738,				1.03628,				0.90447
210,		1043.85030,		1134.98766,		1170.86682,				1.03161,				0.90067
211,		1059.95776,		1133.46359,		1164.21592,				1.02713,				0.89555
212,		1064.59566,		1133.28084,		1151.12047,				1.01574,				0.88548
213,		1067.51012,		1133.07619,		1153.97987,				1.01845,				0.88768
214,		1065.93749,		1131.43121,		1151.32972,				1.01759,				0.88564
215,		1064.65243,		1131.93959,		1163.47473,				1.02786,				0.89498
216,		1058.68599,		1132.46252,		1165.36363,				1.02905,				0.89643
217,		1065.00496,		1132.71723,		1165.62408,				1.02905,				0.89663
218,		1062.76330,		1132.38156,		1163.02231,				1.02706,				0.89463
219,		1075.41881,		1133.15460,		1166.81238,				1.02970,				0.89755
220,		1078.75600,		1132.86488,		1155.21056,				1.01972,				0.88862
221,		1073.67932,		1132.79455,		1155.07491,				1.01967,				0.88852
222,		1063.72073,		1132.55565,		1169.62224,				1.03273,				0.89971
223,		1059.32140,		1132.23465,		1168.63914,				1.03215,				0.89895
224,		1074.87437,		1134.56470,		1161.94391,				1.02413,				0.89380
225,		1067.77613,		1136.57518,		1161.51533,				1.02194,				0.89347
226,		1077.14806,		1142.65433,		1180.92459,				1.03349,				0.90840
227,		1084.18087,		1147.20488,		1175.32238,				1.02451,				0.90409
228,		1073.13183,		1145.92808,		1172.50523,				1.02319,				0.90193
229,		1084.79382,		1148.42097,		1172.79075,				1.02122,				0.90215
230,		1084.06448,		1150.03578,		1174.95083,				1.02166,				0.90381
231,		1078.89927,		1148.21615,		1171.12051,				1.01995,				0.90086
232,		1078.32180,		1150.15984,		1176.58625,				1.02298,				0.90507
233,		1076.77343,		1148.80406,		1173.46117,				1.02146,				0.90266
234,		1080.04944,		1154.41825,		1171.95507,				1.01519,				0.90150
235,		1079.38868,		1150.87551,		1169.23103,				1.01595,				0.89941
236,		1085.32985,		1155.07794,		1193.03251,				1.03286,				0.91772
237,		1082.15234,		1151.48577,		1182.08168,				1.02657,				0.90929
238,		1100.38742,		1155.31047,		1182.76216,				1.02376,				0.90982
239,		1083.09006,		1152.12831,		1187.74734,				1.03092,				0.91365
240,		1125.97049,		1156.10705,		1180.59441,				1.02118,				0.90815
241,		1081.27624,		1151.88725,		1184.52529,				1.02833,				0.91117
242,		1074.24428,		1149.82497,		1173.48662,				1.02058,				0.90268
243,		1085.31793,		1160.14024,		1188.89189,				1.02478,				0.91453
244,		1095.17931,		1160.27604,		1191.85896,				1.02722,				0.91681
245,		1075.81814,		1165.26941,		1192.52656,				1.02339,				0.91733
246,		1072.36335,		1156.52336,		1192.16060,				1.03081,				0.91705
247,		1077.46661,		1157.19929,		1204.08203,				1.04051,				0.92622
248,		1074.80265,		1166.59675,		1208.58874,				1.03600,				0.92968
249,		1109.62023,		1173.12812,		1201.20482,				1.02393,				0.92400
250,		1102.12277,		1170.03668,		1202.98138,				1.02816,				0.92537
251,		1074.88697,		1159.59845,		1198.60458,				1.03364,				0.92200
252,		1089.83571,		1168.08557,		1194.97969,				1.02302,				0.91922
253,		1083.66000,		1156.21931,		1195.63003,				1.03409,				0.91972
254,		1066.13118,		1148.94175,		1190.81737,				1.03645,				0.91601
255,		1059.26133,		1149.00413,		1196.14122,				1.04102,				0.92011
256,		1078.21362,		1150.78668,		1184.83727,				1.02959,				0.91141
257,		1091.54627,		1149.16315,		1181.40580,				1.02806,				0.90877
258,		1073.53094,		1141.64360,		1185.13489,				1.03810,				0.91164
259,		1063.64950,		1141.79817,		1185.86103,				1.03859,				0.91220
260,		1084.92714,		1144.66907,		1175.45827,				1.02690,				0.90420
261,		1082.26264,		1144.58461,		1175.72010,				1.02720,				0.90440
262,		1095.01701,		1139.85485,		1176.88052,				1.03248,				0.90529
263,		1061.68946,		1136.82294,		1182.69993,				1.04036,				0.90977
264,		1058.46774,		1135.90828,		1166.40398,				1.02685,				0.89723
265,		1061.52499,		1134.60881,		1163.76804,				1.02570,				0.89521
266,		1062.07817,		1134.84238,		1161.78010,				1.02374,				0.89368
267,		1063.80349,		1134.43357,		1164.62563,				1.02661,				0.89587
268,		1062.33851,		1134.98208,		1173.38625,				1.03384,				0.90260
269,		1067.64298,		1135.02684,		1160.50711,				1.02245,				0.89270
270,		1071.17613,		1135.49358,		1167.16543,				1.02789,				0.89782
271,		1064.79849,		1134.72961,		1167.00698,				1.02844,				0.89770
272,		1061.11959,		1134.55403,		1156.92681,				1.01972,				0.88994
273,		1066.22410,		1133.13737,		1153.54399,				1.01801,				0.88734
274,		1063.96684,		1131.01361,		1154.49615,				1.02076,				0.88807
275,		1090.40325,		1128.44799,		1154.29954,				1.02291,				0.88792
276,		1034.61697,		1126.43692,		1148.09402,				1.01923,				0.88315
277,		1033.60393,		1125.63323,		1154.64063,				1.02577,				0.88819
278,		1089.06876,		1126.12636,		1156.33704,				1.02683,				0.88949
279,		1055.75121,		1127.84890,		1156.63840,				1.02553,				0.88972
280,		1057.99049,		1129.95176,		1155.72157,				1.02281,				0.88902
281,		1063.36415,		1127.31538,		1150.02637,				1.02015,				0.88464
282,		1030.29734,		1118.59990,		1153.74613,				1.03142,				0.88750
283,		1042.46481,		1121.69281,		1157.25196,				1.03170,				0.89019
284,		1039.58332,		1123.54068,		1140.38854,				1.01500,				0.87722
285,		1067.32184,		1124.25159,		1148.36871,				1.02145,				0.88336
286,		1053.46419,		1124.50203,		1149.68351,				1.02239,				0.88437
287,		1073.17185,		1124.65687,		1149.91818,				1.02246,				0.88455
288,		1057.28002,		1120.89422,		1149.19890,				1.02525,				0.88400
289,		1075.55671,		1123.02775,		1146.67363,				1.02106,				0.88206
290,		1045.27833,		1120.47820,		1147.26910,				1.02391,				0.88251
291,		1049.54858,		1130.02509,		1159.48780,				1.02607,				0.89191
292,		1052.91027,		1133.03159,		1164.17143,				1.02748,				0.89552
293,		1072.47126,		1135.08427,		1163.24448,				1.02481,				0.89480
294,		1069.03961,		1137.74674,		1162.43519,				1.02170,				0.89418
295,		1067.52679,		1137.22745,		1166.99141,				1.02617,				0.89769
296,		1066.19149,		1140.67838,		1167.27322,				1.02331,				0.89790
297,		1052.14725,		1132.78455,		1179.03094,				1.04083,				0.90695
298,		1082.63949,		1137.84232,		1162.07480,				1.02130,				0.89390
299,		1070.29841,		1137.42326,		1165.94637,				1.02508,				0.89688
300,		1070.23711,		1140.64562,		1167.21264,				1.02329,				0.89786
301,		1066.31277,		1138.33873,		1159.76129,				1.01882,				0.89212
302,		1069.96550,		1139.65126,		1160.90669,				1.01865,				0.89301
303,		1075.59717,		1139.44275,		1163.23526,				1.02088,				0.89480
304,		1070.46019,		1139.41604,		1158.46886,				1.01672,				0.89113
305,		1066.81945,		1139.84822,		1162.23991,				1.01964,				0.89403
306,		1068.67437,		1139.65791,		1167.63956,				1.02455,				0.89818
307,		1076.54869,		1134.95595,		1162.43232,				1.02421,				0.89418
308,		1055.31804,		1131.98885,		1156.12645,				1.02132,				0.88933
309,		1067.74151,		1135.83943,		1158.88091,				1.02029,				0.89145
310,		1063.71018,		1139.49846,		1163.79623,				1.02132,				0.89523
311,		1059.22912,		1139.77496,		1164.52182,				1.02171,				0.89579
312,		1079.12851,		1140.56982,		1167.65065,				1.02374,				0.89819
313,		1074.90293,		1140.35951,		1164.99654,				1.02160,				0.89615
314,		1067.63734,		1140.34990,		1167.64848,				1.02394,				0.89819
315,		1069.85319,		1140.73918,		1164.91776,				1.02120,				0.89609
316,		1076.45821,		1137.73848,		1154.25018,				1.01451,				0.88788
317,		1074.76537,		1133.39786,		1165.13552,				1.02800,				0.89626
318,		1081.07752,		1139.31930,		1163.66156,				1.02137,				0.89512
319,		1069.85777,		1141.17486,		1162.93027,				1.01906,				0.89456
320,		1056.71358,		1142.84855,		1161.71182,				1.01651,				0.89362
321,		1086.41492,		1143.42730,		1169.28024,				1.02261,				0.89945
322,		1077.05358,		1139.94688,		1170.79206,				1.02706,				0.90061
323,		1082.75918,		1142.26788,		1165.49288,				1.02033,				0.89653
324,		1045.91776,		1143.22212,		1168.77354,				1.02235,				0.89906
325,		1083.23649,		1143.99258,		1174.16901,				1.02638,				0.90321
326,		1072.98672,		1143.93011,		1165.20661,				1.01860,				0.89631
327,		1079.55554,		1148.01604,		1180.03016,				1.02789,				0.90772
328,		1075.48739,		1147.94220,		1172.44878,				1.02135,				0.90188
329,		1071.97173,		1151.51768,		1175.70614,				1.02101,				0.90439
330,		1087.45983,		1153.61965,		1188.97082,				1.03064,				0.91459
331,		1083.77974,		1150.94229,		1178.85273,				1.02425,				0.90681
332,		1089.53024,		1153.99282,		1183.84875,				1.02587,				0.91065
333,		1083.28573,		1154.49466,		1192.21704,				1.03267,				0.91709
334,		1096.25161,		1155.44516,		1185.09494,				1.02566,				0.91161
335,		1093.77944,		1155.65425,		1180.17401,				1.02122,				0.90783
336,		1091.63354,		1156.17494,		1185.66899,				1.02551,				0.91205
337,		1089.98585,		1154.12450,		1188.71938,				1.02998,				0.91440
338,		1085.53254,		1153.28964,		1175.08829,				1.01890,				0.90391
339,		1085.45856,		1152.81744,		1174.51373,				1.01882,				0.90347
340,		1083.31723,		1152.73662,		1172.16035,				1.01685,				0.90166
341,		1084.82819,		1152.01999,		1174.83019,				1.01980,				0.90372
342,		1077.56216,		1151.69594,		1173.90851,				1.01929,				0.90301
343,		1066.99541,		1145.64358,		1167.53380,				1.01911,				0.89810
344,		1079.24296,		1148.51178,		1171.95340,				1.02041,				0.90150
345,		1083.45458,		1148.71449,		1172.70447,				1.02088,				0.90208
346,		1082.36201,		1149.43896,		1167.25155,				1.01550,				0.89789
347,		1089.34557,		1150.99372,		1173.83334,				1.01984,				0.90295
348,		1019.97014,		1121.50557,		1186.08742,				1.05758,				0.91237
349,		1028.41527,		1105.90858,		1171.35529,				1.05918,				0.90104
350,		1015.52103,		1097.29735,		1166.26069,				1.06285,				0.89712
351,		1015.42021,		1094.86245,		1163.36982,				1.06257,				0.89490
352,		1023.16438,		1092.50656,		1161.09305,				1.06278,				0.89315
353,		1034.68545,		1092.26787,		1162.96541,				1.06473,				0.89459
354,		1038.46789,		1092.18034,		1161.02048,				1.06303,				0.89309
355,		1040.80130,		1092.02065,		1161.43139,				1.06356,				0.89341
356,		1017.06490,		1091.93505,		1157.49222,				1.06004,				0.89038
357,		1014.00880,		1091.63884,		1159.65651,				1.06231,				0.89204
358,		1025.09612,		1091.36350,		1158.94376,				1.06192,				0.89150
359,		1017.09141,		1091.85637,		1156.62841,				1.05932,				0.88971
360,		1038.72918,		1100.21824,		1155.95300,				1.05066,				0.88919
361,		1023.01288,		1096.09201,		1158.40986,				1.05685,				0.89108
362,		1051.01549,		1093.73001,		1154.90359,				1.05593,				0.88839
363,		1045.50040,		1092.98062,		1158.36967,				1.05983,				0.89105
364,		1039.35091,		1091.95418,		1154.76632,				1.05752,				0.88828
365,		1034.85380,		1092.09969,		1158.38496,				1.06070,				0.89107
366,		1030.69210,		1099.13495,		1154.76629,				1.05061,				0.88828
367,		1037.61882,		1095.79116,		1160.08020,				1.05867,				0.89237
368,		1026.03361,		1100.55062,		1156.87683,				1.05118,				0.88991
369,		1015.52969,		1095.82474,		1156.06632,				1.05497,				0.88928
370,		1016.85955,		1090.90524,		1139.11176,				1.04419,				0.87624
371,		1018.21962,		1091.18779,		1153.75259,				1.05734,				0.88750
372,		1050.95439,		1092.09292,		1153.15439,				1.05591,				0.88704
373,		1060.67992,		1092.14147,		1152.27621,				1.05506,				0.88637
374,		1050.06775,		1092.69126,		1156.59379,				1.05848,				0.88969
375,		1025.63859,		1092.97308,		1156.19222,				1.05784,				0.88938
376,		1021.38842,		1092.14148,		1157.73562,				1.06006,				0.89057
377,		1023.71806,		1092.20396,		1126.68744,				1.03157,				0.86668
378,		1021.39959,		1091.88431,		1118.76047,				1.02461,				0.86058
379,		1017.33123,		1090.92289,		1158.73627,				1.06216,				0.89134
380,		1021.13418,		1091.80256,		1160.59072,				1.06300,				0.89276
381,		1018.59205,		1094.39882,		1161.08966,				1.06094,				0.89315
382,		1016.24443,		1092.29351,		1161.76959,				1.06361,				0.89367
383,		1022.42421,		1093.68098,		1150.08525,				1.05157,				0.88468
384,		1034.49731,		1093.53873,		1161.13085,				1.06181,				0.89318
385,		1028.72605,		1092.70719,		1159.90620,				1.06150,				0.89224
386,		997.50031,		1091.61491,		1167.50733,				1.06952,				0.89808
387,		1000.31267,		1090.76871,		1156.50343,				1.06026,				0.88962
388,		1039.23025,		1077.51902,		1138.03433,				1.05616,				0.87541
389,		1037.28495,		1085.61964,		1157.26235,				1.06599,				0.89020
390,		1051.03185,		1086.94493,		1114.47875,				1.02533,				0.85729
391,		1056.65217,		1091.40221,		1165.42370,				1.06782,				0.89648
392,		1034.53964,		1082.29969,		1159.40452,				1.07124,				0.89185
393,		1023.73251,		1080.81608,		1146.78148,				1.06103,				0.88214
394,		1010.86691,		1082.06913,		1156.84775,				1.06911,				0.88988
395,		1011.40180,		1079.99024,		1155.60662,				1.07002,				0.88893
396,		1033.75014,		1086.04335,		1161.69225,				1.06966,				0.89361
397,		1026.04938,		1085.44324,		1137.26055,				1.04774,				0.87482
398,		1024.85698,		1086.59842,		1156.38625,				1.06423,				0.88953
399,		1051.96174,		1082.28132,		1146.73638,				1.05955,				0.88210
400,		1022.81100,		1079.35111,		1137.11206,				1.05351,				0.87470
401,		1020.78486,		1078.95872,		1127.66196,				1.04514,				0.86743
402,		1011.44019,		1076.53503,		1146.63651,				1.06512,				0.88203
403,		1014.39113,		1078.12929,		1145.33522,				1.06234,				0.88103
404,		1019.15709,		1078.37951,		1145.55767,				1.06230,				0.88120
405,		1021.71100,		1079.11079,		1141.76556,				1.05806,				0.87828
406,		1009.30666,		1078.93767,		1148.21067,				1.06420,				0.88324
407,		1009.60731,		1079.12740,		1131.70729,				1.04872,				0.87054
408,		1013.84349,		1078.75577,		1144.66018,				1.06109,				0.88051
409,		1008.32438,		1078.24292,		1135.48066,				1.05308,				0.87345
410,		1011.35758,		1060.81246,		1111.78389,				1.04805,				0.85522
411,		999.83517,		1075.70889,		1135.25590,				1.05536,				0.87327
412,		1010.90820,		1080.94327,		1135.02857,				1.05004,				0.87310
413,		1016.62946,		1085.30239,		1113.75254,				1.02621,				0.85673
414,		1037.05938,		1084.11612,		1145.82519,				1.05692,				0.88140
415,		1021.20933,		1081.81621,		1152.00392,				1.06488,				0.88616
416,		1009.37976,		1084.38197,		1153.75684,				1.06398,				0.88751
417,		1030.55111,		1090.21550,		1152.48879,				1.05712,				0.88653
418,		1018.13990,		1088.88859,		1152.07678,				1.05803,				0.88621
419,		1027.11916,		1093.52107,		1161.65478,				1.06231,				0.89358
420,		1028.91741,		1090.95282,		1160.14094,				1.06342,				0.89242
421,		1063.74882,		1094.42943,		1160.11227,				1.06002,				0.89239
422,		1074.44634,		1095.70025,		1167.14950,				1.06521,				0.89781
423,		1065.92548,		1096.50976,		1161.10521,				1.05891,				0.89316
424,		1031.88684,		1097.04538,		1161.37041,				1.05863,				0.89336
425,		1023.58663,		1097.44368,		1145.47290,				1.04376,				0.88113
426,		1063.58110,		1096.38837,		1159.89407,				1.05792,				0.89223
427,		1031.81043,		1095.88048,		1159.59850,				1.05814,				0.89200
428,		1027.22247,		1096.56353,		1143.05306,				1.04240,				0.87927
429,		1022.37091,		1096.77226,		1157.50631,				1.05538,				0.89039
430,		1040.28009,		1096.08062,		1163.17150,				1.06121,				0.89475
431,		1049.91274,		1096.43583,		1160.80441,				1.05871,				0.89293
432,		1029.23170,		1096.75161,		1158.58679,				1.05638,				0.89122
433,		1068.58070,		1097.50118,		1162.98807,				1.05967,				0.89461
434,		1056.49415,		1096.83999,		1149.19191,				1.04773,				0.88399
435,		1026.73192,		1094.52553,		1144.66396,				1.04581,				0.88051
436,		1031.90900,		1095.21293,		1149.10823,				1.04921,				0.88393
437,		1035.71611,		1086.32057,		1148.99217,				1.05769,				0.88384
438,		1035.00706,		1090.30731,		1155.66772,				1.05995,				0.88898
439,		1023.14694,		1092.32553,		1151.26103,				1.05395,				0.88559
440,		1007.34789,		1093.67554,		1129.66217,				1.03290,				0.86897
441,		1002.73270,		1095.76592,		1148.41815,				1.04805,				0.88340
442,		1023.28534,		1095.11514,		1159.04738,				1.05838,				0.89157
443,		1021.25701,		1094.29898,		1135.42529,				1.03758,				0.87340
444,		1023.51358,		1094.72725,		1165.03935,				1.06423,				0.89618
445,		1051.13418,		1094.55371,		1141.52506,				1.04291,				0.87810
446,		1063.24701,		1094.50026,		1163.76826,				1.06329,				0.89521
447,		1028.57710,		1093.98116,		1151.32427,				1.05242,				0.88563
448,		1018.78019,		1087.38251,		1118.77867,				1.02887,				0.86060
449,		1024.15051,		1090.57120,		1125.53532,				1.03206,				0.86580
450,		1009.40519,		1085.75314,		1121.63413,				1.03305,				0.86280
451,		1012.14325,		1083.48010,		1118.21575,				1.03206,				0.86017
452,		998.03096,		1075.91977,		1133.84199,				1.05384,				0.87219
453,		1025.32477,		1078.69798,		1148.70975,				1.06490,				0.88362
454,		1011.68645,		1074.50194,		1126.63370,				1.04852,				0.86664
455,		1005.78077,		1077.45793,		1141.24306,				1.05920,				0.87788
456,		996.17289,		1068.95403,		1133.60495,				1.06048,				0.87200
457,		1012.42452,		1075.76682,		1135.61065,				1.05563,				0.87355
458,		991.32918,		1072.51664,		1136.42688,				1.05959,				0.87417
459,		995.35255,		1071.15804,		1139.82184,				1.06410,				0.87679
460,		999.89807,		1073.41269,		1124.52717,				1.04762,				0.86502
461,		999.37902,		1070.96425,		1133.21719,				1.05813,				0.87171
462,		999.98205,		1081.39335,		1138.25675,				1.05258,				0.87558
463,		988.98501,		1080.69996,		1137.76550,				1.05280,				0.87520
464,		994.71099,		1078.64756,		1120.96821,				1.03923,				0.86228
465,		997.64145,		1073.26747,		1120.19000,				1.04372,				0.86168
466,		1013.82507,		1078.50181,		1120.83638,				1.03925,				0.86218
467,		1019.58994,		1081.23723,		1137.60671,				1.05213,				0.87508
468,		1025.87530,		1081.12232,		1127.67034,				1.04306,				0.86744
469,		998.00275,		1069.19647,		1103.32212,				1.03192,				0.84871
470,		999.45206,		1077.55386,		1114.45171,				1.03424,				0.85727
471,		991.18861,		1081.22020,		1134.56423,				1.04934,				0.87274
472,		997.65733,		1081.15611,		1134.54685,				1.04938,				0.87273
473,		1000.66732,		1073.67259,		1136.57409,				1.05859,				0.87429
474,		1013.40203,		1076.40344,		1147.72285,				1.06626,				0.88286
475,		979.09377,		1060.72706,		1107.22520,				1.04384,				0.85171
476,		977.55710,		1072.37646,		1137.22931,				1.06048,				0.87479
477,		1027.90040,		1067.51307,		1112.24719,				1.04190,				0.85557
478,		1030.01904,		1067.77542,		1106.81694,				1.03656,				0.85140
479,		1023.71949,		1058.39144,		1115.07424,				1.05356,				0.85775
480,		994.79485,		1057.01344,		1129.47517,				1.06855,				0.86883
481,		996.46119,		1052.86820,		1119.91887,				1.06368,				0.86148
482,		983.77000,		1060.02750,		1127.23127,				1.06340,				0.86710
483,		977.87650,		1058.17900,		1121.21981,				1.05957,				0.86248
484,		990.89594,		1056.97485,		1091.52250,				1.03269,				0.83963
485,		988.86579,		1052.73966,		1101.20621,				1.04604,				0.84708
486,		983.42084,		1051.01724,		1104.09425,				1.05050,				0.84930
487,		975.99248,		1051.37564,		1102.83505,				1.04894,				0.84833
488,		977.72215,		1050.16379,		1102.75395,				1.05008,				0.84827
489,		979.17375,		1052.92142,		1103.19067,				1.04774,				0.84861
490,		979.89830,		1061.02383,		1101.43076,				1.03808,				0.84725
491,		982.47735,		1058.65731,		1094.80551,				1.03415,				0.84216
492,		1004.93046,		1055.50451,		1096.14765,				1.03851,				0.84319
493,		992.26619,		1058.05637,		1133.20033,				1.07102,				0.87169
494,		985.24978,		1054.69359,		1154.93668,				1.09504,				0.88841
495,		982.91403,		1052.91651,		1097.63309,				1.04247,				0.84433
496,		998.80489,		1052.18719,		1117.07321,				1.06167,				0.85929
497,		1002.02856,		1053.84234,		1129.59856,				1.07189,				0.86892
498,		1012.43160,		1065.11903,		1148.54823,				1.07833,				0.88350
499,		1012.33572,		1060.20982,		1106.73416,				1.04388,				0.85133
500,		1011.80340,		1056.97078,		1101.17214,				1.04182,				0.84706
501,		999.25005,		1055.17407,		1111.08492,				1.05299,				0.85468
502,		1002.91753,		1054.86185,		1091.75250,				1.03497,				0.83981
503,		1008.20498,		1067.16032,		1113.00302,				1.04296,				0.85616
504,		1007.08372,		1065.31965,		1119.58902,				1.05094,				0.86122
505,		987.65884,		1059.89805,		1147.50770,				1.08266,				0.88270
506,		1006.63608,		1057.55349,		1111.28846,				1.05081,				0.85484
507,		1006.84993,		1063.81297,		1104.07427,				1.03785,				0.84929
508,		997.32786,		1064.69703,		1126.51320,				1.05806,				0.86655
509,		1015.43930,		1067.65334,		1132.31686,				1.06057,				0.87101
510,		1003.42821,		1059.29443,		1123.97138,				1.06106,				0.86459
511,		1018.53786,		1062.31202,		1134.86044,				1.06829,				0.87297
512,		1004.40766,		1061.34178,		1139.80443,				1.07393,				0.87677
513,		1010.11524,		1057.40464,		1111.95249,				1.05159,				0.85535
514,		1023.89825,		1057.69929,		1122.98322,				1.06172,				0.86383
515,		998.32827,		1055.57514,		1116.82320,				1.05802,				0.85909
516,		988.90306,		1064.20680,		1120.21683,				1.05263,				0.86171
517,		995.83143,		1068.06418,		1122.45289,				1.05092,				0.86343
518,		987.94795,		1079.57553,		1143.65133,				1.05935,				0.87973
519,		990.34514,		1078.36221,		1137.93486,				1.05524,				0.87533
520,		996.51670,		1067.82156,		1144.78512,				1.07208,				0.88060
521,		988.21942,		1070.64528,		1141.20810,				1.06591,				0.87785
522,		1015.57787,		1075.13581,		1142.04386,				1.06223,				0.87850
523,		1031.75002,		1073.91256,		1138.74626,				1.06037,				0.87596
524,		1005.58415,		1062.49023,		1141.74215,				1.07459,				0.87826
525,		1015.53089,		1062.35160,		1132.75767,				1.06627,				0.87135
526,		1030.09853,		1082.74463,		1140.41893,				1.05327,				0.87725
527,		1013.00296,		1077.40885,		1137.56341,				1.05583,				0.87505
528,		1018.47986,		1069.83553,		1134.94052,				1.06086,				0.87303
529,		1010.79078,		1070.30752,		1124.40468,				1.05054,				0.86493
530,		1027.70625,		1064.94898,		1159.53167,				1.08881,				0.89195
531,		993.33951,		1067.54543,		1155.72391,				1.08260,				0.88902
532,		999.74861,		1062.82064,		1141.61596,				1.07414,				0.87817
533,		995.67306,		1057.94362,		1134.64630,				1.07250,				0.87280
534,		1003.62324,		1058.26629,		1126.69285,				1.06466,				0.86669
535,		997.59024,		1053.78149,		1133.71277,				1.07585,				0.87209
536,		987.53759,		1049.83323,		1121.63928,				1.06840,				0.86280
537,		1006.19362,		1047.38236,		1118.76999,				1.06816,				0.86059
538,		1018.16081,		1046.77596,		1120.68564,				1.07061,				0.86207
539,		1015.28677,		1045.90567,		1112.51328,				1.06368,				0.85578
540,		1017.54067,		1045.58330,		1091.92375,				1.04432,				0.83994
541,		996.05598,		1046.81307,		1099.71666,				1.05054,				0.84594
542,		985.81244,		1045.83617,		1103.68337,				1.05531,				0.84899
543,		1002.79871,		1046.23799,		1110.85479,				1.06176,				0.85450
544,		985.08367,		1046.10634,		1104.46840,				1.05579,				0.84959
545,		988.09498,		1045.12851,		1100.99046,				1.05345,				0.84692
546,		989.63762,		1044.94881,		1097.35422,				1.05015,				0.84412
547,		989.48938,		1047.16750,		1096.13667,				1.04676,				0.84318
548,		991.32770,		1048.80011,		1112.75143,				1.06098,				0.85596
549,		990.54654,		1049.39750,		1114.96188,				1.06248,				0.85766
550,		997.03975,		1049.74416,		1116.26007,				1.06336,				0.85866
551,		988.92392,		1050.15562,		1114.40258,				1.06118,				0.85723
552,		985.48397,		1050.22079,		1120.65489,				1.06707,				0.86204
553,		987.50421,		1049.96083,		1094.43680,				1.04236,				0.84187
554,		1005.98190,		1051.01898,		1112.97320,				1.05895,				0.85613
555,		1002.88645,		1051.17446,		1144.28714,				1.08858,				0.88022
556,		992.90412,		1051.88520,		1100.25549,				1.04598,				0.84635
557,		1001.43908,		1052.59779,		1113.18953,				1.05756,				0.85630
558,		1002.37566,		1055.30758,		1115.64070,				1.05717,				0.85819
559,		1011.31493,		1055.99896,		1090.42515,				1.03260,				0.83879
560,		1008.96051,		1055.58643,		1125.33636,				1.06608,				0.86564
561,		1012.20585,		1055.16519,		1117.13956,				1.05873,				0.85934
562,		992.45490,		1054.87979,		1117.28937,				1.05916,				0.85945
563,		993.23727,		1054.03470,		1118.58794,				1.06124,				0.86045
564,		1018.34470,		1054.08697,		1114.43188,				1.05725,				0.85726
565,		1016.12818,		1054.30781,		1114.56953,				1.05716,				0.85736
566,		1016.17560,		1053.63808,		1115.60063,				1.05881,				0.85815
567,		1022.24803,		1053.68005,		1124.74034,				1.06744,				0.86518
568,		994.29838,		1053.18794,		1083.53901,				1.02882,				0.83349
569,		1020.47093,		1051.45030,		1120.23684,				1.06542,				0.86172
570,		1001.48621,		1050.41320,		1126.07703,				1.07203,				0.86621
571,		1006.77774,		1049.55845,		1121.88875,				1.06891,				0.86299
572,		1015.58377,		1049.70806,		1115.29094,				1.06248,				0.85792
573,		1012.47829,		1049.42664,		1119.86554,				1.06712,				0.86144
574,		1008.24349,		1048.68454,		1122.81948,				1.07069,				0.86371
575,		1008.71102,		1048.74358,		1113.68505,				1.06192,				0.85668
576,		999.34932,		1048.73771,		1118.11564,				1.06615,				0.86009
577,		1014.71004,		1049.00226,		1116.89066,				1.06472,				0.85915
578,		1013.02807,		1048.96204,		1117.96219,				1.06578,				0.85997
579,		992.72626,		1048.88670,		1109.25023,				1.05755,				0.85327
580,		990.30252,		1048.44743,		1095.80749,				1.04517,				0.84293
581,		995.34762,		1048.69588,		1114.48243,				1.06273,				0.85729
582,		987.58491,		1048.13855,		1111.04528,				1.06002,				0.85465
583,		992.02369,		1046.60658,		1098.48011,				1.04956,				0.84498
584,		988.21179,		1047.40469,		1112.17387,				1.06184,				0.85552
585,		988.23717,		1047.78542,		1107.30477,				1.05680,				0.85177
586,		986.01305,		1048.59778,		1118.04151,				1.06623,				0.86003
587,		979.91691,		1048.46986,		1110.08946,				1.05877,				0.85391
588,		990.18264,		1048.62749,		1117.49353,				1.06567,				0.85961
589,		988.51430,		1049.05848,		1116.23597,				1.06404,				0.85864
590,		983.02237,		1048.68735,		1094.17563,				1.04338,				0.84167
591,		987.65656,		1048.55113,		1085.06357,				1.03482,				0.83466
592,		993.42009,		1048.68539,		1096.20637,				1.04531,				0.84324
593,		993.18540,		1052.13532,		1119.29852,				1.06384,				0.86100
594,		1005.20648,		1050.97724,		1117.61938,				1.06341,				0.85971
595,		1000.70968,		1047.64048,		1099.76315,				1.04975,				0.84597
596,		994.66236,		1038.46561,		1123.80544,				1.08218,				0.86447
597,		982.57043,		1035.04833,		1090.30952,				1.05339,				0.83870
598,		976.69115,		1036.12373,		1096.64683,				1.05841,				0.84357
599,		983.34283,		1040.19714,		1114.69474,				1.07162,				0.85746
600,		1003.90028,		1040.46047,		1100.28747,				1.05750,				0.84637
601,		993.22310,		1037.08356,		1076.72504,				1.03822,				0.82825
602,		1002.67682,		1039.76989,		1077.46158,				1.03625,				0.82882
603,		975.36876,		1044.61036,		1115.74671,				1.06810,				0.85827
604,		986.27981,		1046.77703,		1109.96881,				1.06037,				0.85382
605,		1016.20454,		1048.29388,		1115.52947,				1.06414,				0.85810
606,		997.61063,		1039.55127,		1111.34314,				1.06906,				0.85488
607,		994.77739,		1036.97626,		1107.67315,				1.06818,				0.85206
608,		969.27313,		1033.83258,		1110.75068,				1.07440,				0.85442
609,		969.18603,		1041.44842,		1097.60390,				1.05392,				0.84431
610,		989.16103,		1040.81747,		1097.90607,				1.05485,				0.84454
611,		992.95070,		1041.15659,		1111.84505,				1.06789,				0.85527
612,		997.61130,		1044.95035,		1094.17761,				1.04711,				0.84168
613,		970.03846,		1042.14780,		1078.63256,				1.03501,				0.82972
614,		968.03264,		1039.57953,		1081.56565,				1.04039,				0.83197
615,		970.26189,		1038.49921,		1094.01112,				1.05345,				0.84155
616,		981.09079,		1038.57867,		1092.35337,				1.05178,				0.84027
617,		981.53971,		1038.10416,		1099.93391,				1.05956,				0.84610
618,		992.42428,		1037.98483,		1079.20905,				1.03972,				0.83016
619,		994.07119,		1037.93868,		1089.20569,				1.04939,				0.83785
620,		978.38538,		1037.76219,		1095.68375,				1.05581,				0.84283
621,		997.30297,		1038.42242,		1062.33177,				1.02302,				0.81718
622,		981.35932,		1038.95026,		1068.95637,				1.02888,				0.82227
623,		995.39051,		1038.18317,		1067.03427,				1.02779,				0.82080
624,		960.42439,		1037.53389,		1071.09973,				1.03235,				0.82392
625,		953.85558,		1037.54958,		1078.98551,				1.03994,				0.82999
626,		989.73050,		1037.46413,		1096.18346,				1.05660,				0.84322
627,		999.93362,		1038.00760,		1086.51858,				1.04673,				0.83578
628,		989.95650,		1038.10393,		1090.75117,				1.05071,				0.83904
629,		980.50425,		1038.05969,		1068.22955,				1.02906,				0.82172
630,		1012.09361,		1037.54208,		1064.81585,				1.02629,				0.81909
631,		1010.98479,		1038.44181,		1073.72679,				1.03398,				0.82594
632,		999.12749,		1038.03147,		1095.49851,				1.05536,				0.84269
633,		999.63065,		1036.54320,		1097.22602,				1.05854,				0.84402
634,		984.80889,		1035.94715,		1082.34637,				1.04479,				0.83257
635,		982.95313,		1040.66847,		1101.23562,				1.05820,				0.84710
636,		950.08430,		1041.54355,		1093.28392,				1.04968,				0.84099
637,		986.75144,		1043.69792,		1083.53061,				1.03816,				0.83349
638,		988.06032,		1045.13666,		1091.92955,				1.04477,				0.83995
639,		989.99977,		1036.48836,		1090.75410,				1.05236,				0.83904
640,		983.03708,		1040.77738,		1086.95381,				1.04437,				0.83612
641,		1001.59978,		1040.13715,		1099.99660,				1.05755,				0.84615
642,		988.72949,		1042.88879,		1099.91548,				1.05468,				0.84609
643,		985.68797,		1044.75331,		1101.01327,				1.05385,				0.84693
644,		982.11218,		1045.73386,		1102.50149,				1.05428,				0.84808
645,		986.98035,		1045.55703,		1087.68675,				1.04029,				0.83668
646,		990.10552,		1045.52356,		1090.17607,				1.04271,				0.83860
647,		1019.46862,		1045.80484,		1071.93395,				1.02498,				0.82456
648,		1003.47620,		1046.02585,		1070.94554,				1.02382,				0.82380
649,		983.97766,		1046.33827,		1098.96422,				1.05030,				0.84536
650,		987.28615,		1043.22424,		1097.79454,				1.05231,				0.84446
651,		1000.90416,		1042.47460,		1089.14562,				1.04477,				0.83780
652,		1010.65677,		1047.63486,		1103.34782,				1.05318,				0.84873
653,		1007.23669,		1046.98903,		1097.98664,				1.04871,				0.84461
654,		1002.42788,		1046.38507,		1120.02161,				1.07037,				0.86156
655,		1025.96614,		1052.62463,		1110.32499,				1.05482,				0.85410
656,		1001.30920,		1049.41944,		1117.69322,				1.06506,				0.85976
657,		1005.53448,		1047.75869,		1102.49024,				1.05224,				0.84807
658,		992.40196,		1046.50587,		1107.74249,				1.05852,				0.85211
659,		982.25777,		1046.07403,		1102.13128,				1.05359,				0.84779
660,		944.37531,		1018.79328,		1100.11397,				1.07982,				0.84624
661,		939.79518,		1003.07872,		1103.47098,				1.10008,				0.84882
662,		947.20510,		995.20040,		1064.47541,				1.06961,				0.81883
663,		944.71565,		991.75468,		1067.92170,				1.07680,				0.82148
664,		946.85729,		989.85997,		1069.32293,				1.08028,				0.82256
665,		941.30569,		988.87757,		1073.39459,				1.08547,				0.82569
666,		943.80201,		988.23896,		1069.15409,				1.08188,				0.82243
667,		944.94099,		987.22286,		1045.62123,				1.05915,				0.80432
668,		943.00008,		987.73296,		1051.01730,				1.06407,				0.80847
669,		941.38989,		988.24487,		1062.26014,				1.07490,				0.81712
670,		948.71216,		987.12869,		1046.45973,				1.06010,				0.80497
671,		945.82690,		986.80992,		1044.68583,				1.05865,				0.80360
672,		953.82877,		987.22293,		1050.54252,				1.06414,				0.80811
673,		939.62401,		974.60966,		1058.17342,				1.08574,				0.81398
674,		933.27953,		969.65121,		1057.52356,				1.09062,				0.81348
675,		919.48780,		974.31168,		1045.07667,				1.07263,				0.80391
676,		920.11488,		970.23208,		1017.58814,				1.04881,				0.78276
677,		940.73901,		973.87069,		1032.94148,				1.06066,				0.79457
678,		925.41444,		975.80234,		1028.79228,				1.05430,				0.79138
679,		918.40750,		971.35511,		1027.39601,				1.05769,				0.79030
680,		922.28113,		967.56389,		1027.24436,				1.06168,				0.79019
681,		927.12345,		966.39834,		1026.00195,				1.06168,				0.78923
682,		923.25387,		976.11783,		1040.49034,				1.06595,				0.80038
683,		925.67413,		974.67558,		1027.07488,				1.05376,				0.79006
684,		926.28008,		970.52305,		1024.77979,				1.05590,				0.78829
685,		905.44935,		960.31044,		1017.26729,				1.05931,				0.78251
686,		906.55643,		955.45958,		1031.54738,				1.07963,				0.79350
687,		916.74913,		959.12359,		1019.75150,				1.06321,				0.78442
688,		919.84374,		959.61957,		1019.76006,				1.06267,				0.78443
689,		917.05881,		962.06877,		1022.29616,				1.06260,				0.78638
690,		915.35831,		960.07983,		1021.84273,				1.06433,				0.78603
691,		898.60448,		954.72135,		1011.26083,				1.05922,				0.77789
692,		914.45495,		949.81573,		1003.96705,				1.05701,				0.77228
693,		901.53279,		947.31574,		1001.61191,				1.05732,				0.77047
694,		914.95375,		938.11435,		996.95750,				1.06272,				0.76689
695,		915.11000,		941.98630,		1004.15926,				1.06600,				0.77243
696,		902.89520,		937.46224,		1005.90115,				1.07300,				0.77377
697,		887.10398,		937.24078,		1004.00029,				1.07123,				0.77231
698,		896.79717,		935.87580,		998.48356,				1.06690,				0.76806
699,		906.70583,		939.39535,		995.93101,				1.06018,				0.76610
700,		892.23525,		939.83784,		997.81461,				1.06169,				0.76755
701,		872.24644,		937.40080,		1003.41407,				1.07042,				0.77186
702,		874.76757,		946.04263,		1011.44814,				1.06914,				0.77804
703,		885.62755,		950.58324,		1015.33992,				1.06812,				0.78103
704,		882.87553,		960.47792,		1011.09784,				1.05270,				0.77777
705,		922.47607,		960.96001,		1002.85248,				1.04359,				0.77142
706,		906.69822,		947.64999,		1017.25464,				1.07345,				0.78250
707,		898.53658,		960.84056,		1030.30375,				1.07229,				0.79254
708,		895.78991,		974.97349,		1043.43649,				1.07022,				0.80264
709,		907.14049,		983.29448,		1047.95963,				1.06576,				0.80612
710,		914.82187,		984.91632,		1043.88199,				1.05987,				0.80299
711,		927.28145,		981.77998,		1043.85884,				1.06323,				0.80297
712,		934.71541,		985.43897,		1047.91096,				1.06340,				0.80609
713,		937.72677,		981.79165,		1044.63978,				1.06401,				0.80357
714,		938.99374,		983.57342,		1016.81789,				1.03380,				0.78217
715,		938.47781,		980.45272,		1036.36116,				1.05702,				0.79720
716,		943.56699,		995.11512,		1038.89876,				1.04400,				0.79915
717,		941.03709,		991.48204,		1029.74583,				1.03859,				0.79211
718,		943.11465,		984.49391,		1041.30875,				1.05771,				0.80101
719,		945.99836,		980.75280,		1040.39187,				1.06081,				0.80030
720,		942.42346,		979.44550,		1029.61282,				1.05122,				0.79201
721,		941.79124,		984.32380,		1041.81842,				1.05841,				0.80140
722,		923.81908,		976.84280,		1045.90474,				1.07070,				0.80454
723,		937.30371,		971.73889,		1014.97601,				1.04449,				0.78075
724,		923.27013,		970.11003,		1007.06005,				1.03809,				0.77466
725,		931.38478,		971.69840,		1016.13554,				1.04573,				0.78164
726,		924.43622,		968.00226,		1015.78927,				1.04937,				0.78138
727,		939.17756,		969.61683,		1025.68400,				1.05782,				0.78899
728,		942.62983,		970.36889,		1014.56181,				1.04554,				0.78043
729,		939.90917,		970.52967,		1026.87479,				1.05806,				0.78990
730,		936.11756,		971.99895,		1004.80556,				1.03375,				0.77293
731,		925.92852,		972.08702,		1011.28372,				1.04032,				0.77791
732,		912.84167,		971.26554,		1014.74585,				1.04477,				0.78057
733,		934.10311,		971.97490,		1024.83138,				1.05438,				0.78833
734,		942.21582,		972.20661,		1033.62602,				1.06318,				0.79510
735,		946.71362,		980.67859,		1030.15017,				1.05045,				0.79242
736,		943.54907,		985.56181,		1017.60610,				1.03251,				0.78277
737,		914.76327,		967.30918,		1036.72212,				1.07176,				0.79748
738,		906.23105,		956.65887,		1014.58230,				1.06055,				0.78045
739,		906.16205,		948.92001,		1039.28443,				1.09523,				0.79945
740,		907.18369,		950.39785,		1025.85180,				1.07939,				0.78912
741,		912.87825,		967.27164,		1011.28412,				1.04550,				0.77791
742,		915.02851,		975.26556,		1028.24197,				1.05432,				0.79096
743,		920.97985,		979.41780,		1034.36200,				1.05610,				0.79566
744,		919.69318,		982.59918,		1029.44751,				1.04768,				0.79188
745,		914.23181,		983.78980,		1023.48784,				1.04035,				0.78730
746,		915.43443,		984.00884,		1042.19618,				1.05913,				0.80169
747,		929.01874,		988.47313,		1030.99743,				1.04302,				0.79307
748,		936.14672,		1002.22416,		1047.95410,				1.04563,				0.80612
749,		944.71517,		1008.26932,		1060.33404,				1.05164,				0.81564
750,		958.09373,		1004.75663,		1055.81444,				1.05082,				0.81216
751,		957.88284,		1004.68183,		1067.88488,				1.06291,				0.82145
752,		961.22839,		1006.11978,		1047.97578,				1.04160,				0.80614
753,		951.29285,		996.65012,		1047.90263,				1.05142,				0.80608
754,		952.84744,		992.49618,		1061.88428,				1.06991,				0.81683
755,		959.35066,		990.71130,		1066.76259,				1.07676,				0.82059
756,		934.35763,		986.20516,		1031.57476,				1.04600,				0.79352
757,		939.12150,		987.13940,		1043.18530,				1.05678,				0.80245
758,		920.03815,		990.11370,		1049.55539,				1.06004,				0.80735
759,		898.98117,		1007.89397,		1064.12506,				1.05579,				0.81856
760,		942.34086,		1016.21874,		1064.40897,				1.04742,				0.81878
761,		942.47305,		1021.32548,		1088.18089,				1.06546,				0.83706
762,		970.15787,		1017.11873,		1089.46533,				1.07113,				0.83805
763,		962.82053,		1017.97373,		1059.33158,				1.04063,				0.81487
764,		972.91362,		1025.11867,		1057.59085,				1.03168,				0.81353
765,		964.03198,		1028.43724,		1058.93088,				1.02965,				0.81456
766,		971.77251,		1027.27213,		1068.33266,				1.03997,				0.82179
767,		974.37820,		1027.42877,		1067.62369,				1.03912,				0.82125
768,		977.43293,		1031.93519,		1069.96074,				1.03685,				0.82305
769,		990.72074,		1035.95307,		1073.18112,				1.03594,				0.82552
770,		991.57847,		1027.68104,		1065.85970,				1.03715,				0.81989
771,		994.47134,		1038.61424,		1093.10663,				1.05247,				0.84085
772,		992.56872,		1030.70565,		1091.05083,				1.05855,				0.83927
773,		992.52783,		1039.24740,		1095.43328,				1.05406,				0.84264
774,		989.53374,		1042.94775,		1097.83318,				1.05263,				0.84449
775,		958.65907,		1023.93505,		1085.18133,				1.05981,				0.83475
776,		974.41312,		1036.27782,		1073.43338,				1.03585,				0.82572
777,		985.41359,		1029.17296,		1070.70710,				1.04036,				0.82362
778,		975.52518,		1027.57044,		1081.78623,				1.05276,				0.83214
779,		985.00781,		1024.20548,		1073.22435,				1.04786,				0.82556
780,		976.46846,		1023.19618,		1059.21852,				1.03521,				0.81478
781,		974.17194,		1021.85522,		1061.40535,				1.03870,				0.81647
782,		987.96626,		1022.23054,		1060.60997,				1.03754,				0.81585
783,		984.66820,		1034.66655,		1090.77499,				1.05423,				0.83906
784,		1000.37351,		1035.86423,		1099.22997,				1.06117,				0.84556
785,		996.53360,		1044.77694,		1086.84441,				1.04026,				0.83603
786,		991.71173,		1048.84040,		1094.44354,				1.04348,				0.84188
787,		988.80804,		1034.93526,		1092.42523,				1.05555,				0.84033
788,		978.43522,		1028.59712,		1078.32747,				1.04835,				0.82948
789,		994.22479,		1033.90214,		1084.98116,				1.04940,				0.83460
790,		990.95758,		1029.55961,		1091.27504,				1.05994,				0.83944
791,		989.37038,		1024.87232,		1075.09584,				1.04900,				0.82700
792,		996.55801,		1024.59751,		1100.16480,				1.07375,				0.84628
793,		994.15720,		1024.36146,		1083.02439,				1.05727,				0.83310
794,		980.61435,		1023.23864,		1085.27978,				1.06063,				0.83483
795,		992.27304,		1024.17678,		1085.95960,				1.06032,				0.83535
796,		984.33582,		1023.48018,		1063.25184,				1.03886,				0.81789
797,		982.30603,		1023.93497,		1055.11907,				1.03046,				0.81163
798,		1000.05628,		1027.37079,		1069.65438,				1.04116,				0.82281
799,		993.86990,		1026.93691,		1066.11900,				1.03815,				0.82009
800,		964.16573,		1026.96955,		1104.40135,				1.07540,				0.84954
801,		995.44588,		1025.76882,		1092.85118,				1.06540,				0.84065
802,		993.69967,		1026.85129,		1056.12051,				1.02850,				0.81240
803,		994.31420,		1026.27015,		1064.53620,				1.03729,				0.81887
804,		999.62663,		1024.98504,		1053.33367,				1.02766,				0.81026
805,		991.16445,		1021.18004,		1067.13641,				1.04500,				0.82087
806,		983.51578,		1019.74852,		1058.57501,				1.03807,				0.81429
807,		986.39699,		1022.42374,		1076.38373,				1.05278,				0.82799
808,		990.53078,		1021.71303,		1072.43143,				1.04964,				0.82495
809,		972.78220,		1020.48265,		1068.18698,				1.04675,				0.82168
810,		968.05986,		1018.10851,		1053.17867,				1.03445,				0.81014
811,		974.03053,		1020.30004,		1048.51502,				1.02765,				0.80655
812,		983.32631,		1017.89659,		1049.30107,				1.03085,				0.80715
813,		981.63778,		1018.97141,		1055.16769,				1.03552,				0.81167
814,		990.01591,		1020.63671,		1067.49616,				1.04591,				0.82115
815,		984.45650,		1018.80000,		1068.71637,				1.04900,				0.82209
816,		987.86838,		1018.45786,		1052.99859,				1.03391,				0.81000
817,		985.26031,		1017.67246,		1058.75629,				1.04037,				0.81443
818,		982.64755,		1018.96981,		1056.83984,				1.03717,				0.81295
819,		961.46647,		1018.50733,		1054.81052,				1.03564,				0.81139
820,		984.64283,		1018.66222,		1055.85884,				1.03652,				0.81220
821,		981.31881,		1016.52797,		1055.95746,				1.03879,				0.81227
822,		982.32860,		1021.15372,		1061.43582,				1.03945,				0.81649
823,		983.95051,		1024.12620,		1054.61822,				1.02977,				0.81124
824,		983.97176,		1023.61947,		1057.13371,				1.03274,				0.81318
825,		987.31126,		1025.07484,		1066.28170,				1.04020,				0.82022
826,		987.22920,		1022.17888,		1059.58373,				1.03659,				0.81506
827,		987.63721,		1034.02509,		1061.95929,				1.02702,				0.81689
828,		997.18282,		1037.51857,		1063.52003,				1.02506,				0.81809
829,		988.51986,		1042.54058,		1097.49351,				1.05271,				0.84423
830,		970.24658,		1039.81579,		1086.44433,				1.04484,				0.83573
831,		982.27926,		1039.45701,		1075.61759,				1.03479,				0.82740
832,		986.82392,		1041.97393,		1081.47534,				1.03791,				0.83190
833,		988.60245,		1040.71687,		1078.06060,				1.03588,				0.82928
834,		988.47607,		1039.85349,		1071.83052,				1.03075,				0.82449
835,		990.66153,		1042.77897,		1071.62475,				1.02766,				0.82433
836,		990.99014,		1041.38820,		1106.06177,				1.06210,				0.85082
837,		989.21220,		1039.80208,		1083.26802,				1.04180,				0.83328
838,		1001.42370,		1038.69786,		1094.39635,				1.05362,				0.84184
839,		985.22963,		1026.12476,		1069.62084,				1.04239,				0.82279
840,		984.07173,		1031.81757,		1085.49390,				1.05202,				0.83500
841,		978.98992,		1031.60469,		1079.00367,				1.04595,				0.83000
842,		999.83682,		1034.12868,		1069.94714,				1.03464,				0.82304
843,		978.04038,		1030.78098,		1073.36738,				1.04131,				0.82567
844,		980.00845,		1027.11814,		1080.28487,				1.05176,				0.83099
845,		976.55169,		1031.91743,		1079.47856,				1.04609,				0.83037
846,		981.07689,		1034.29335,		1083.02469,				1.04712,				0.83310
847,		981.25970,		1031.12069,		1097.07484,				1.06396,				0.84390
848,		981.24558,		1031.77632,		1082.02687,				1.04870,				0.83233
849,		981.37588,		1035.50365,		1094.92014,				1.05738,				0.84225
850,		998.11428,		1034.02105,		1072.62625,				1.03734,				0.82510
851,		1007.82766,		1033.05577,		1069.35327,				1.03514,				0.82258
852,		996.07594,		1030.31635,		1080.88396,				1.04908,				0.83145
853,		995.42464,		1025.22789,		1062.15265,				1.03602,				0.81704
854,		985.91011,		1025.95158,		1065.17683,				1.03823,				0.81937
855,		997.09330,		1029.02373,		1057.76013,				1.02793,				0.81366
856,		994.19610,		1030.18617,		1060.95743,				1.02987,				0.81612
857,		994.40094,		1030.89639,		1074.04374,				1.04185,				0.82619
858,		994.58633,		1031.41401,		1064.21682,				1.03180,				0.81863
859,		998.47724,		1031.34666,		1072.33972,				1.03975,				0.82488
860,		993.81616,		1032.46737,		1074.47856,				1.04069,				0.82652
861,		998.92993,		1032.66695,		1101.96708,				1.06711,				0.84767
862,		994.00851,		1035.86306,		1079.69478,				1.04231,				0.83053
863,		1001.19747,		1032.84318,		1073.20459,				1.03908,				0.82554
864,		1002.99887,		1032.73068,		1086.68793,				1.05225,				0.83591
865,		986.35439,		1033.97118,		1066.00406,				1.03098,				0.82000
866,		995.87964,		1032.81035,		1082.33766,				1.04795,				0.83257
867,		999.77379,		1034.14500,		1076.11052,				1.04058,				0.82778
868,		994.96319,		1035.32949,		1079.98259,				1.04313,				0.83076
869,		996.45699,		1033.43313,		1073.13120,				1.03841,				0.82549
870,		1007.08455,		1034.80780,		1073.45812,				1.03735,				0.82574
871,		999.73936,		1035.26051,		1070.72829,				1.03426,				0.82364
872,		1000.80869,		1035.36046,		1075.34817,				1.03862,				0.82719
873,		988.52729,		1033.21763,		1073.63755,				1.03912,				0.82588
874,		1002.65243,		1034.68118,		1068.67621,				1.03286,				0.82206
875,		998.82030,		1034.75439,		1064.77892,				1.02902,				0.81906
876,		993.92093,		1035.62361,		1072.53350,				1.03564,				0.82503
877,		1000.83767,		1033.45058,		1065.69766,				1.03120,				0.81977
878,		994.13345,		1032.98520,		1094.53200,				1.05958,				0.84195
879,		998.60957,		1029.76636,		1095.79942,				1.06412,				0.84292
880,		987.42514,		1017.16545,		1088.55934,				1.07019,				0.83735
881,		969.92551,		1010.70419,		1064.75063,				1.05347,				0.81904
882,		974.95235,		1018.86326,		1072.34366,				1.05249,				0.82488
883,		981.02170,		1016.53999,		1077.77657,				1.06024,				0.82906
884,		978.10784,		1023.91459,		1070.66288,				1.04566,				0.82359
885,		977.82014,		1027.42109,		1067.48314,				1.03899,				0.82114
886,		986.91530,		1029.76728,		1076.78969,				1.04566,				0.82830
887,		991.28899,		1030.40660,		1072.76626,				1.04111,				0.82520
888,		1002.76394,		1031.52739,		1072.57814,				1.03980,				0.82506
889,		995.06095,		1030.94833,		1068.80394,				1.03672,				0.82216
890,		1000.90024,		1031.98156,		1070.23546,				1.03707,				0.82326
891,		993.45036,		1030.69670,		1069.54825,				1.03769,				0.82273
892,		982.52085,		1027.37787,		1065.59387,				1.03720,				0.81969
893,		990.17863,		1027.08913,		1073.25379,				1.04495,				0.82558
894,		997.37538,		1026.25158,		1065.16896,				1.03792,				0.81936
895,		990.60651,		1025.31259,		1064.69436,				1.03841,				0.81900
896,		986.56405,		1024.66095,		1062.36078,				1.03679,				0.81720
897,		987.99014,		1025.55014,		1064.01148,				1.03750,				0.81847
898,		988.13938,		1025.59591,		1063.14295,				1.03661,				0.81780
899,		984.30289,		1024.44852,		1079.63001,				1.05386,				0.83048
900,		992.27271,		1024.64357,		1065.84030,				1.04021,				0.81988
901,		969.65116,		1014.35190,		1068.09287,				1.05298,				0.82161
902,		964.00923,		1015.74095,		1065.55878,				1.04905,				0.81966
903,		967.81388,		1021.58860,		1070.14755,				1.04753,				0.82319
904,		975.54742,		1024.26030,		1056.55878,				1.03153,				0.81274
905,		981.65625,		1029.53672,		1082.08366,				1.05104,				0.83237
906,		973.19078,		1027.74407,		1066.69761,				1.03790,				0.82054
907,		969.01367,		1026.35638,		1068.70302,				1.04126,				0.82208
908,		994.57114,		1026.46420,		1083.23687,				1.05531,				0.83326
909,		988.53426,		1026.20428,		1082.55608,				1.05491,				0.83274
910,		946.73365,		1025.81554,		1070.76809,				1.04382,				0.82367
911,		985.45986,		1025.27019,		1069.67946,				1.04331,				0.82283
912,		968.80340,		1025.53137,		1065.25060,				1.03873,				0.81942
913,		965.81900,		1025.96961,		1059.85052,				1.03302,				0.81527
914,		993.52089,		1026.58660,		1064.22694,				1.03667,				0.81864
915,		970.56963,		1028.14787,		1065.12104,				1.03596,				0.81932
916,		996.00897,		1027.49080,		1059.16630,				1.03083,				0.81474
917,		964.66823,		1027.48584,		1055.44347,				1.02721,				0.81188
918,		965.80918,		1026.18346,		1068.73410,				1.04146,				0.82210
919,		963.99543,		1028.28873,		1070.59153,				1.04114,				0.82353
920,		969.01556,		1028.78735,		1075.02035,				1.04494,				0.82694
921,		992.50913,		1029.01030,		1073.63197,				1.04336,				0.82587
922,		991.57915,		1029.01815,		1071.12848,				1.04092,				0.82394
923,		991.54704,		1028.81167,		1070.97958,				1.04099,				0.82383
924,		992.60804,		1029.62941,		1069.80423,				1.03902,				0.82293
925,		991.39518,		1035.22133,		1080.30932,				1.04355,				0.83101
926,		989.85546,		1037.35481,		1097.59251,				1.05807,				0.84430
927,		1000.51691,		1036.91490,		1070.90652,				1.03278,				0.82377
928,		1003.71416,		1038.85064,		1077.23851,				1.03695,				0.82865
929,		1001.31585,		1038.66633,		1092.32978,				1.05167,				0.84025
930,		1005.44747,		1038.10019,		1074.33843,				1.03491,				0.82641
931,		1003.52680,		1038.60636,		1072.64881,				1.03278,				0.82511
932,		1007.81314,		1037.43771,		1082.04742,				1.04300,				0.83234
933,		1000.73662,		1035.16482,		1111.68761,				1.07392,				0.85514
934,		980.19967,		1026.73296,		1111.69793,				1.08275,				0.85515
935,		984.12014,		1032.61338,		1071.31338,				1.03748,				0.82409
936,		976.69414,		1032.12766,		1078.75096,				1.04517,				0.82981
937,		982.99310,		1035.13484,		1077.76555,				1.04118,				0.82905
938,		983.84132,		1028.06286,		1078.17385,				1.04874,				0.82936
939,		976.53989,		1023.24636,		1069.96898,				1.04566,				0.82305
940,		990.58419,		1022.26478,		1067.00812,				1.04377,				0.82078
941,		978.52321,		1018.81184,		1072.28284,				1.05248,				0.82483
942,		977.38322,		1020.81645,		1066.92556,				1.04517,				0.82071
943,		987.17242,		1028.74780,		1070.61549,				1.04070,				0.82355
944,		983.76354,		1033.00196,		1066.79857,				1.03272,				0.82061
945,		988.60506,		1035.29008,		1068.72369,				1.03229,				0.82210
946,		975.19327,		1036.57507,		1081.48321,				1.04332,				0.83191
947,		971.22161,		1035.46454,		1067.72941,				1.03116,				0.82133
948,		977.57323,		1035.34204,		1073.20108,				1.03657,				0.82554
949,		1001.97509,		1035.03259,		1072.97230,				1.03666,				0.82536
950,		982.86378,		1032.43491,		1071.62914,				1.03796,				0.82433
951,		997.24720,		1031.39626,		1070.04557,				1.03747,				0.82311
952,		999.65044,		1033.41831,		1076.82519,				1.04200,				0.82833
953,		989.81867,		1031.86459,		1077.06426,				1.04380,				0.82851
954,		980.62574,		1042.52121,		1081.56249,				1.03745,				0.83197
955,		981.36558,		1037.16311,		1081.70462,				1.04295,				0.83208
956,		995.17053,		1042.68307,		1095.61180,				1.05076,				0.84278
957,		980.02196,		1035.85522,		1102.02601,				1.06388,				0.84771
958,		975.13226,		1039.67595,		1094.50478,				1.05274,				0.84193
959,		986.47014,		1043.70675,		1103.14247,				1.05695,				0.84857
960,		981.99195,		1046.85729,		1120.04769,				1.06991,				0.86158
961,		1020.07859,		1048.61568,		1088.24238,				1.03779,				0.83711
962,		1018.74415,		1048.46803,		1076.28699,				1.02653,				0.82791
963,		1018.32002,		1048.46825,		1076.16091,				1.02641,				0.82782
964,		1004.38921,		1051.69734,		1081.21030,				1.02806,				0.83170
965,		1017.49847,		1050.46442,		1084.40741,				1.03231,				0.83416
966,		1017.00815,		1050.05270,		1079.48553,				1.02803,				0.83037
967,		1017.26530,		1050.38836,		1082.39183,				1.03047,				0.83261
968,		995.21658,		1037.77263,		1076.06004,				1.03689,				0.82774
969,		1009.60654,		1044.43555,		1078.10625,				1.03224,				0.82931
970,		1008.80973,		1046.13267,		1082.01906,				1.03430,				0.83232
971,		1002.88464,		1048.20970,		1084.02558,				1.03417,				0.83387
972,		1007.96176,		1048.98693,		1086.10457,				1.03538,				0.83547
973,		980.53261,		1048.99088,		1085.41581,				1.03472,				0.83494
974,		1011.30055,		1050.60985,		1076.30308,				1.02446,				0.82793
975,		1012.72510,		1050.50027,		1082.36297,				1.03033,				0.83259
976,		1009.99619,		1051.28183,		1075.04493,				1.02260,				0.82696
977,		1015.78790,		1051.83500,		1082.37866,				1.02904,				0.83260
978,		1012.13276,		1051.87804,		1084.33702,				1.03086,				0.83411
979,		1015.19183,		1051.89817,		1077.65267,				1.02448,				0.82896
980,		1017.35341,		1051.65389,		1087.60748,				1.03419,				0.83662
981,		1015.56729,		1051.49787,		1078.10935,				1.02531,				0.82931
982,		1019.86054,		1050.95439,		1079.83459,				1.02748,				0.83064
983,		1019.07037,		1050.82348,		1076.02594,				1.02398,				0.82771
984,		1016.37785,		1051.62726,		1084.12396,				1.03090,				0.83394
985,		1016.67322,		1051.72185,		1083.46589,				1.03018,				0.83344
986,		1002.20799,		1046.21237,		1085.30033,				1.03736,				0.83485
987,		1008.67553,		1049.34165,		1087.02424,				1.03591,				0.83617
988,		1003.35501,		1045.27326,		1091.55955,				1.04428,				0.83966
989,		1008.17571,		1046.92313,		1086.72964,				1.03802,				0.83595
990,		1002.52860,		1048.99737,		1080.48622,				1.03002,				0.83114
991,		1016.76966,		1051.41572,		1087.33642,				1.03416,				0.83641
992,		1014.06293,		1050.16945,		1095.52467,				1.04319,				0.84271
993,		1015.09687,		1046.08899,		1089.10129,				1.04112,				0.83777
994,		1010.96931,		1047.67644,		1091.29250,				1.04163,				0.83946
995,		1009.31145,		1047.06848,		1088.90321,				1.03995,				0.83762
996,		1013.59653,		1045.31175,		1093.58784,				1.04618,				0.84122
997,		1007.52612,		1046.83174,		1095.57166,				1.04656,				0.84275
998,		1001.81832,		1047.70338,		1094.17862,				1.04436,				0.84168
999,		987.69215,		1049.44455,		1100.57975,				1.04873,				0.84660
