RANDOM_SEED, 1698989624
GEN,		MIN,			AVE,			MAX,
0,		95.78,		250.41,		519.05,
1,		83.76,		196.57,		440.74,
2,		92.26,		192.27,		432.34,
3,		104.78,		212.55,		390.83,
4,		92.03,		171.27,		383.77,
5,		81.37,		174.93,		390.59,
6,		82.56,		173.15,		388.90,
7,		87.16,		157.25,		342.97,
8,		106.33,		164.81,		246.46,
9,		116.37,		172.45,		252.15,
10,		120.19,		179.58,		257.71,
11,		125.69,		175.22,		224.88,
12,		117.82,		171.97,		247.42,
13,		144.11,		175.86,		250.23,
14,		149.78,		172.79,		225.54,
15,		142.13,		170.68,		220.29,
16,		135.06,		169.78,		216.66,
17,		127.50,		175.16,		248.41,
18,		129.91,		174.27,		235.47,
19,		144.22,		177.09,		242.32,
20,		132.69,		178.15,		254.27,
21,		130.80,		178.95,		252.41,
22,		127.25,		184.68,		253.65,
23,		147.23,		181.13,		226.37,
24,		150.23,		180.37,		276.40,
25,		159.25,		177.55,		223.58,
26,		147.47,		176.98,		249.93,
27,		151.50,		178.29,		249.10,
28,		153.98,		177.79,		239.44,
29,		148.19,		176.99,		226.54,
30,		145.10,		178.45,		212.05,
31,		142.38,		179.27,		222.49,
32,		147.61,		179.31,		249.40,
33,		151.21,		191.33,		284.77,
34,		147.51,		197.66,		284.29,
35,		149.71,		188.49,		277.95,
36,		155.49,		185.95,		285.36,
37,		155.53,		182.65,		230.84,
38,		143.70,		179.38,		223.17,
39,		136.50,		176.70,		245.03,
40,		146.70,		179.52,		237.64,
41,		149.58,		181.31,		242.61,
42,		153.16,		180.32,		251.83,
43,		148.27,		180.71,		247.24,
44,		145.40,		177.13,		247.36,
45,		139.79,		177.35,		248.85,
46,		139.07,		166.87,		248.36,
47,		132.01,		166.91,		239.68,
48,		134.25,		160.68,		228.67,
49,		135.15,		158.18,		216.73,
50,		134.69,		156.76,		225.19,
51,		140.67,		156.61,		229.26,
52,		132.46,		155.90,		229.46,
53,		133.64,		155.87,		203.63,
54,		137.12,		159.40,		223.92,
55,		134.97,		160.97,		229.83,
56,		136.03,		161.14,		213.92,
57,		133.29,		161.29,		194.38,
58,		139.75,		158.72,		234.06,
59,		137.15,		158.78,		234.41,
60,		130.94,		159.84,		253.98,
61,		133.46,		159.48,		196.20,
62,		128.32,		157.57,		212.98,
63,		128.97,		156.56,		221.91,
64,		138.78,		156.42,		198.34,
65,		135.68,		158.85,		189.12,
66,		134.45,		161.60,		210.54,
67,		131.73,		160.94,		208.71,
68,		141.63,		164.65,		212.59,
69,		136.49,		160.99,		237.16,
70,		135.11,		163.19,		217.51,
71,		131.29,		166.07,		230.55,
72,		133.94,		167.29,		205.66,
73,		139.73,		168.17,		240.63,
74,		143.68,		168.41,		218.53,
75,		141.89,		169.18,		221.94,
76,		143.09,		168.01,		233.42,
77,		138.09,		162.58,		239.69,
78,		130.90,		160.47,		226.57,
79,		133.27,		160.27,		228.30,
80,		131.48,		158.75,		197.19,
81,		133.84,		158.23,		190.46,
82,		127.98,		157.79,		195.22,
83,		139.30,		158.19,		194.96,
84,		131.16,		158.48,		229.79,
85,		139.07,		158.39,		232.31,
86,		133.24,		157.99,		230.67,
87,		134.94,		157.74,		231.86,
88,		133.81,		157.53,		196.29,
89,		141.51,		158.08,		230.01,
90,		135.75,		157.34,		235.41,
91,		131.05,		157.03,		222.24,
92,		133.20,		157.01,		238.97,
93,		127.11,		160.18,		238.05,
94,		139.12,		158.92,		212.62,
95,		137.16,		157.85,		210.61,
96,		132.46,		157.08,		228.82,
97,		131.11,		157.23,		231.11,
98,		132.46,		156.84,		227.41,
99,		132.48,		157.32,		227.22,
100,		137.69,		156.84,		230.18,
101,		129.17,		156.94,		219.75,
102,		130.16,		156.33,		221.12,
103,		135.31,		157.15,		256.79,
104,		133.40,		156.49,		224.69,
105,		133.27,		156.95,		230.90,
106,		130.14,		156.47,		208.89,
107,		142.26,		156.55,		225.64,
108,		130.49,		156.63,		210.27,
109,		129.21,		156.88,		230.35,
110,		136.10,		157.36,		227.97,
111,		132.03,		157.52,		226.41,
112,		132.67,		157.25,		224.33,
113,		129.36,		156.05,		210.14,
114,		132.08,		156.19,		208.66,
115,		132.95,		156.38,		205.41,
116,		132.17,		155.38,		199.20,
117,		128.81,		157.04,		225.13,
118,		132.54,		156.46,		187.95,
119,		119.26,		152.27,		193.96,
120,		125.35,		152.29,		221.35,
121,		116.62,		152.00,		226.98,
122,		135.05,		154.36,		226.56,
123,		123.57,		153.84,		232.44,
124,		125.79,		154.97,		220.46,
125,		133.10,		154.77,		230.51,
126,		132.87,		155.54,		193.91,
127,		134.88,		156.27,		221.19,
128,		124.30,		151.80,		194.76,
129,		123.20,		153.17,		211.20,
130,		118.51,		149.03,		228.06,
131,		123.50,		152.24,		213.43,
132,		122.18,		160.47,		227.16,
133,		126.76,		157.50,		247.18,
134,		135.64,		156.12,		220.05,
135,		131.62,		159.56,		223.13,
136,		136.84,		165.24,		228.06,
137,		135.74,		160.62,		225.19,
138,		128.42,		166.90,		202.54,
139,		123.42,		168.09,		247.59,
140,		133.34,		165.56,		234.92,
141,		137.00,		168.90,		212.46,
142,		139.94,		170.93,		226.10,
143,		140.03,		172.05,		245.17,
144,		139.87,		172.84,		243.54,
145,		133.73,		173.12,		241.36,
146,		141.40,		173.07,		243.20,
147,		154.74,		172.86,		234.08,
148,		140.44,		172.73,		210.67,
149,		154.43,		172.07,		246.33,
150,		136.73,		172.32,		241.01,
151,		140.12,		172.38,		218.99,
152,		142.66,		172.35,		201.13,
153,		146.89,		172.36,		242.08,
154,		135.18,		171.76,		210.39,
155,		144.39,		171.52,		221.94,
156,		142.25,		188.21,		240.39,
157,		138.69,		191.15,		265.02,
158,		164.53,		195.21,		276.16,
159,		159.06,		194.26,		271.40,
160,		160.02,		198.02,		274.26,
161,		154.20,		195.83,		263.22,
162,		159.40,		194.76,		264.53,
163,		161.94,		194.81,		240.46,
164,		159.73,		193.82,		243.35,
165,		152.08,		190.68,		261.89,
166,		162.12,		192.34,		263.71,
167,		169.83,		226.25,		300.87,
168,		176.98,		246.70,		284.70,
169,		159.72,		253.50,		307.16,
170,		167.93,		256.45,		333.79,
171,		167.92,		258.44,		286.79,
172,		184.38,		259.59,		330.36,
173,		189.44,		260.74,		303.33,
174,		187.70,		260.15,		334.45,
175,		181.17,		260.22,		333.40,
176,		192.67,		259.76,		312.04,
177,		192.48,		260.52,		331.60,
178,		181.93,		259.93,		331.19,
179,		193.22,		261.08,		330.35,
180,		194.15,		261.37,		330.41,
181,		189.89,		260.59,		329.73,
182,		197.17,		260.82,		331.02,
183,		163.56,		260.75,		336.27,
184,		197.20,		260.50,		334.32,
185,		198.84,		251.62,		335.11,
186,		189.37,		254.40,		323.95,
187,		196.48,		248.46,		327.74,
188,		198.91,		246.66,		343.64,
189,		175.02,		250.56,		295.89,
190,		168.32,		248.21,		288.21,
191,		205.86,		257.52,		284.06,
192,		221.25,		262.96,		298.60,
193,		178.55,		265.56,		305.71,
194,		209.37,		268.20,		335.74,
195,		225.00,		269.28,		348.38,
196,		224.03,		270.21,		341.41,
197,		207.10,		271.85,		348.33,
198,		223.28,		270.34,		302.30,
199,		207.33,		269.75,		318.03,
200,		226.55,		270.22,		324.84,
201,		209.50,		270.07,		322.20,
202,		188.46,		270.28,		331.00,
203,		204.78,		271.20,		321.45,
204,		228.54,		271.65,		340.11,
205,		205.45,		271.25,		306.22,
206,		209.07,		273.97,		307.68,
207,		206.89,		272.36,		314.39,
208,		220.20,		272.02,		321.78,
209,		211.24,		273.09,		323.07,
210,		210.91,		275.25,		322.86,
211,		209.72,		276.07,		322.34,
212,		198.44,		261.67,		306.84,
213,		197.66,		269.67,		322.32,
214,		208.26,		277.00,		313.45,
215,		210.87,		270.07,		314.80,
216,		222.93,		275.60,		311.24,
217,		205.52,		274.11,		346.11,
218,		211.70,		273.22,		343.55,
219,		214.31,		276.26,		334.13,
220,		213.41,		274.34,		343.13,
221,		222.74,		273.76,		345.23,
222,		226.97,		276.15,		348.00,
223,		201.06,		274.12,		337.89,
224,		201.21,		276.65,		348.87,
225,		212.99,		275.43,		355.75,
226,		209.84,		276.03,		348.59,
227,		213.47,		276.06,		337.04,
228,		198.56,		274.99,		328.82,
229,		186.98,		276.77,		326.09,
230,		189.28,		274.99,		336.44,
231,		207.36,		276.80,		347.08,
232,		212.95,		275.99,		348.41,
233,		211.91,		275.65,		340.91,
234,		208.92,		274.71,		343.60,
235,		205.84,		274.82,		346.37,
236,		199.66,		273.71,		312.70,
237,		203.68,		274.56,		350.58,
238,		225.87,		274.71,		303.43,
239,		212.03,		273.92,		324.15,
240,		212.20,		274.23,		342.22,
241,		212.12,		273.55,		327.53,
242,		232.08,		270.37,		344.55,
243,		220.79,		265.45,		308.03,
244,		228.96,		265.74,		316.51,
245,		239.37,		266.55,		319.85,
246,		200.95,		265.86,		335.40,
247,		201.66,		266.00,		317.69,
248,		237.42,		264.23,		317.04,
249,		195.38,		262.31,		312.75,
250,		198.48,		261.12,		318.15,
251,		218.32,		264.11,		308.52,
252,		225.13,		267.42,		308.66,
253,		189.56,		272.97,		338.98,
254,		223.54,		276.82,		310.17,
255,		220.80,		269.07,		359.03,
256,		240.31,		276.51,		317.02,
257,		229.56,		267.90,		314.30,
258,		192.27,		263.32,		315.34,
259,		205.08,		261.80,		309.12,
260,		202.09,		267.59,		330.72,
261,		195.34,		268.72,		343.60,
262,		167.86,		277.76,		359.28,
263,		192.00,		278.30,		364.13,
264,		187.48,		271.17,		347.42,
265,		211.48,		272.17,		325.48,
266,		213.48,		266.20,		337.01,
267,		208.20,		265.69,		315.97,
268,		209.93,		260.80,		330.02,
269,		208.05,		262.76,		337.32,
270,		208.52,		259.14,		330.94,
271,		178.76,		265.15,		358.83,
272,		163.77,		222.25,		323.03,
273,		162.57,		206.15,		313.57,
274,		158.67,		195.89,		291.54,
275,		166.30,		231.27,		299.14,
276,		173.09,		252.46,		303.97,
277,		171.26,		261.96,		343.85,
278,		171.51,		254.34,		342.33,
279,		179.44,		264.57,		345.88,
280,		160.76,		234.29,		341.77,
281,		181.32,		218.71,		311.34,
282,		179.89,		208.89,		282.22,
283,		157.92,		204.44,		310.26,
284,		135.34,		191.36,		308.23,
285,		136.60,		182.91,		281.32,
286,		146.05,		179.31,		252.65,
287,		158.31,		187.62,		265.87,
288,		152.67,		181.67,		247.63,
289,		135.60,		178.36,		249.87,
290,		133.75,		176.93,		229.68,
291,		133.93,		176.53,		252.67,
292,		150.04,		176.27,		245.58,
293,		133.04,		174.53,		244.10,
294,		129.84,		166.22,		246.67,
295,		109.33,		164.50,		221.01,
296,		117.22,		187.53,		241.66,
297,		121.99,		183.82,		225.50,
298,		143.72,		198.01,		241.53,
299,		147.64,		201.94,		233.26,
300,		145.50,		195.23,		233.34,
301,		147.54,		200.29,		282.69,
302,		145.71,		202.45,		253.95,
303,		152.24,		203.21,		276.17,
304,		157.44,		203.93,		277.64,
305,		156.00,		204.88,		297.20,
306,		168.90,		205.45,		298.14,
307,		175.22,		213.81,		294.40,
308,		165.79,		200.28,		236.39,
309,		160.96,		195.50,		272.94,
310,		159.90,		191.86,		261.65,
311,		162.93,		190.95,		259.31,
312,		169.04,		200.60,		258.48,
313,		158.93,		205.62,		262.26,
314,		153.32,		232.02,		305.74,
315,		151.83,		233.58,		305.98,
316,		148.20,		246.27,		309.54,
317,		158.75,		244.92,		307.94,
318,		161.90,		243.30,		306.25,
319,		163.00,		243.74,		303.33,
320,		173.09,		244.93,		298.11,
321,		173.36,		246.31,		298.19,
322,		178.97,		244.92,		291.08,
323,		178.24,		245.17,		294.95,
324,		162.02,		227.42,		277.59,
325,		168.04,		235.48,		288.61,
326,		168.86,		242.52,		296.07,
327,		157.94,		210.12,		294.03,
328,		152.85,		191.64,		290.50,
329,		160.53,		197.80,		298.91,
330,		150.15,		187.13,		294.67,
331,		145.30,		181.31,		296.33,
332,		144.15,		178.83,		291.64,
333,		144.20,		178.72,		283.20,
334,		147.77,		178.78,		250.53,
335,		153.76,		177.56,		251.00,
336,		152.35,		176.29,		242.59,
337,		149.18,		174.97,		213.28,
338,		144.08,		174.53,		219.18,
339,		144.08,		181.50,		220.24,
340,		144.02,		177.35,		221.67,
341,		152.40,		176.13,		228.33,
342,		142.22,		174.97,		222.68,
343,		138.49,		174.72,		225.34,
344,		140.34,		174.40,		218.72,
345,		140.20,		174.09,		213.40,
346,		139.83,		174.53,		231.19,
347,		153.18,		174.44,		215.79,
348,		145.50,		174.45,		219.32,
349,		144.23,		174.14,		213.03,
350,		148.11,		173.92,		203.72,
351,		149.12,		173.81,		216.27,
352,		143.26,		173.29,		205.99,
353,		131.19,		172.56,		227.12,
354,		147.48,		173.53,		225.00,
355,		137.17,		167.51,		217.89,
356,		138.04,		170.45,		207.51,
357,		141.50,		165.67,		195.71,
358,		133.99,		163.49,		195.87,
359,		132.90,		167.11,		204.50,
360,		133.05,		164.17,		213.16,
361,		143.90,		169.64,		218.49,
362,		142.58,		173.04,		238.62,
363,		143.09,		172.73,		213.16,
364,		143.10,		174.45,		216.82,
365,		140.58,		166.49,		201.37,
366,		136.31,		166.22,		210.85,
367,		128.46,		163.88,		202.64,
368,		127.22,		169.38,		199.81,
369,		131.18,		172.58,		213.42,
370,		131.41,		173.75,		222.58,
371,		147.99,		174.22,		226.75,
372,		131.93,		169.22,		216.73,
373,		134.55,		169.50,		218.34,
374,		138.88,		165.14,		201.48,
375,		141.49,		168.72,		206.75,
376,		146.00,		168.65,		210.76,
377,		144.52,		168.47,		212.40,
378,		136.15,		163.70,		188.97,
379,		132.80,		161.68,		195.23,
380,		132.51,		163.26,		209.29,
381,		134.48,		176.03,		221.04,
382,		143.95,		171.24,		208.12,
383,		145.52,		183.10,		228.31,
384,		139.70,		180.63,		211.81,
385,		144.31,		184.46,		219.16,
386,		137.45,		179.84,		240.42,
387,		135.79,		184.97,		244.10,
388,		136.59,		180.55,		223.92,
389,		118.98,		166.06,		210.41,
390,		127.37,		180.14,		217.47,
391,		119.35,		175.86,		261.95,
392,		126.41,		163.35,		211.62,
393,		118.46,		163.04,		211.30,
394,		125.32,		156.27,		200.65,
395,		129.03,		154.70,		210.79,
396,		128.31,		159.87,		215.46,
397,		131.55,		156.39,		207.19,
398,		128.98,		153.47,		213.83,
399,		126.41,		148.94,		201.93,
400,		122.69,		145.91,		196.02,
401,		125.46,		149.26,		207.72,
402,		123.39,		146.92,		190.56,
403,		124.19,		148.36,		198.52,
404,		126.89,		148.94,		219.62,
405,		127.16,		149.48,		222.92,
406,		130.90,		149.91,		217.10,
407,		110.55,		149.39,		220.78,
408,		112.24,		149.76,		221.40,
409,		109.85,		149.66,		215.09,
410,		125.07,		149.77,		197.86,
411,		125.21,		149.52,		196.65,
412,		126.69,		149.94,		196.14,
413,		123.76,		149.99,		197.12,
414,		130.49,		150.65,		200.14,
415,		132.45,		151.18,		212.11,
416,		135.65,		148.13,		206.53,
417,		126.54,		146.95,		185.38,
418,		105.63,		148.09,		187.53,
419,		128.83,		147.15,		198.66,
420,		125.80,		147.00,		172.72,
421,		127.18,		147.69,		197.63,
422,		130.93,		146.89,		173.87,
423,		124.75,		146.88,		188.56,
424,		125.85,		149.13,		197.78,
425,		130.59,		148.78,		189.78,
426,		130.43,		149.41,		182.48,
427,		130.44,		150.04,		195.12,
428,		127.28,		150.31,		213.80,
429,		125.30,		149.22,		185.94,
430,		124.99,		150.28,		194.82,
431,		123.99,		149.61,		195.67,
432,		125.94,		150.31,		204.95,
433,		129.34,		150.74,		200.38,
434,		125.19,		150.81,		212.36,
435,		128.27,		150.98,		192.67,
436,		132.76,		150.05,		178.95,
437,		130.60,		150.50,		186.10,
438,		130.69,		149.82,		193.59,
439,		134.94,		152.43,		193.00,
440,		131.66,		150.84,		198.61,
441,		126.46,		150.16,		192.44,
442,		128.82,		152.11,		200.73,
443,		121.95,		153.65,		213.10,
444,		124.73,		151.77,		211.06,
445,		124.31,		152.21,		213.92,
446,		129.51,		153.92,		204.29,
447,		126.89,		154.70,		202.21,
448,		121.42,		152.03,		204.82,
449,		123.11,		154.44,		222.10,
450,		121.88,		155.91,		211.68,
451,		130.58,		163.02,		229.11,
452,		131.00,		170.32,		233.15,
453,		140.15,		169.46,		227.26,
454,		146.67,		173.51,		227.77,
455,		134.34,		171.33,		234.59,
456,		122.35,		170.08,		228.49,
457,		139.95,		167.53,		203.79,
458,		137.23,		167.70,		217.64,
459,		132.65,		167.54,		221.98,
460,		136.77,		167.86,		219.84,
461,		126.22,		167.63,		223.46,
462,		128.10,		167.96,		220.89,
463,		130.43,		167.61,		224.37,
464,		128.97,		170.64,		223.46,
465,		133.74,		168.97,		195.40,
466,		135.77,		168.48,		223.15,
467,		137.46,		168.02,		219.82,
468,		138.97,		168.73,		223.14,
469,		143.96,		170.75,		226.22,
470,		137.87,		170.43,		203.09,
471,		135.06,		171.26,		221.02,
472,		140.46,		169.44,		229.02,
473,		145.22,		169.57,		228.18,
474,		146.71,		171.25,		224.78,
475,		144.08,		169.22,		222.05,
476,		146.83,		173.72,		230.66,
477,		146.95,		170.31,		225.84,
478,		139.74,		174.36,		238.37,
479,		128.99,		171.28,		245.02,
480,		139.62,		174.70,		233.08,
481,		133.13,		175.95,		229.69,
482,		127.80,		175.02,		223.77,
483,		122.60,		176.11,		229.19,
484,		144.79,		184.07,		214.93,
485,		147.57,		185.90,		241.96,
486,		146.90,		181.48,		226.81,
487,		157.58,		187.06,		218.30,
488,		155.80,		189.93,		241.93,
489,		139.44,		185.78,		241.68,
490,		162.37,		193.75,		251.71,
491,		146.05,		180.60,		250.29,
492,		159.58,		186.16,		244.48,
493,		141.81,		185.45,		245.84,
494,		141.66,		188.08,		242.01,
495,		149.35,		188.21,		222.89,
496,		150.78,		189.83,		245.48,
497,		157.08,		189.97,		241.76,
498,		163.06,		190.53,		257.01,
499,		171.13,		190.98,		250.41,
500,		165.55,		191.40,		228.74,
501,		167.45,		190.73,		247.31,
502,		151.01,		190.67,		238.26,
503,		162.70,		190.03,		236.25,
504,		159.20,		189.67,		232.13,
505,		158.61,		189.09,		229.30,
506,		154.23,		190.76,		228.32,
507,		157.01,		189.63,		235.19,
508,		155.39,		185.66,		231.01,
509,		156.70,		193.45,		249.25,
510,		156.74,		196.89,		254.40,
511,		124.80,		197.42,		229.44,
512,		159.58,		200.40,		261.81,
513,		160.46,		193.37,		263.04,
514,		160.09,		201.12,		234.84,
515,		128.11,		199.14,		236.30,
516,		154.44,		204.83,		261.08,
517,		151.77,		204.02,		262.82,
518,		141.64,		200.54,		228.67,
519,		155.23,		201.45,		251.56,
520,		147.92,		199.68,		229.54,
521,		146.21,		200.52,		260.31,
522,		150.98,		199.19,		248.81,
523,		140.09,		198.67,		250.89,
524,		148.45,		198.50,		248.14,
525,		146.31,		198.41,		246.69,
526,		150.44,		198.51,		248.60,
527,		167.30,		198.45,		249.77,
528,		155.47,		198.49,		250.60,
529,		169.96,		198.60,		249.81,
530,		182.75,		198.49,		225.52,
531,		173.68,		199.58,		260.73,
532,		177.58,		198.61,		249.70,
533,		178.33,		197.56,		244.42,
534,		172.98,		197.06,		247.35,
535,		165.55,		197.67,		233.71,
536,		140.85,		197.66,		250.05,
537,		170.36,		197.91,		228.23,
538,		150.30,		197.31,		222.65,
539,		162.40,		197.68,		230.28,
540,		151.19,		196.79,		232.04,
541,		146.63,		202.75,		241.13,
542,		171.23,		209.29,		273.04,
543,		149.37,		203.97,		269.95,
544,		145.51,		195.83,		277.72,
545,		162.13,		192.20,		272.22,
546,		169.82,		206.39,		271.11,
547,		141.44,		198.38,		275.41,
548,		119.35,		188.02,		266.58,
549,		148.59,		187.42,		242.86,
550,		157.47,		192.51,		238.29,
551,		142.23,		194.97,		268.71,
552,		149.21,		196.94,		271.18,
553,		155.47,		197.56,		241.54,
554,		151.54,		193.47,		248.41,
555,		153.58,		195.01,		246.85,
556,		172.23,		196.49,		232.85,
557,		163.80,		193.30,		247.68,
558,		159.23,		192.93,		247.56,
559,		136.25,		191.00,		244.56,
560,		148.29,		190.56,		233.89,
561,		167.00,		190.54,		258.37,
562,		158.69,		193.15,		259.49,
563,		161.38,		192.64,		248.09,
564,		128.80,		189.47,		248.41,
565,		148.26,		192.19,		243.87,
566,		129.02,		189.09,		244.10,
567,		135.54,		187.08,		240.63,
568,		145.93,		189.70,		238.02,
569,		149.72,		187.09,		219.93,
570,		139.51,		191.12,		221.94,
571,		139.61,		189.54,		225.47,
572,		135.01,		187.18,		233.56,
573,		156.67,		187.34,		234.27,
574,		141.39,		191.08,		217.03,
575,		138.89,		187.66,		242.57,
576,		135.25,		186.47,		243.28,
577,		158.61,		187.52,		237.16,
578,		159.48,		191.36,		243.08,
579,		159.20,		187.81,		246.81,
580,		133.48,		186.39,		242.18,
581,		158.47,		190.65,		241.52,
582,		141.67,		189.07,		257.62,
583,		146.79,		191.24,		242.89,
584,		150.54,		188.69,		240.39,
585,		135.15,		186.42,		241.62,
586,		134.66,		185.42,		235.88,
587,		148.07,		184.97,		217.90,
588,		158.98,		179.15,		211.03,
589,		125.01,		175.79,		211.96,
590,		123.28,		174.42,		219.86,
591,		120.04,		173.56,		215.66,
592,		128.97,		173.35,		218.91,
593,		121.34,		173.42,		216.26,
594,		134.21,		173.42,		215.58,
595,		148.89,		174.73,		221.34,
596,		147.46,		174.89,		216.58,
597,		120.89,		176.11,		210.11,
598,		127.34,		175.45,		210.94,
599,		126.12,		174.03,		205.93,
600,		125.83,		174.19,		217.55,
601,		128.46,		176.92,		231.71,
602,		140.30,		179.04,		231.65,
603,		132.47,		179.50,		231.30,
604,		153.16,		177.12,		222.53,
605,		131.25,		178.67,		207.79,
606,		151.72,		177.78,		215.06,
607,		128.68,		179.23,		220.24,
608,		142.71,		175.18,		216.54,
609,		123.57,		174.67,		208.18,
610,		122.66,		173.38,		218.53,
611,		121.42,		172.75,		207.01,
612,		129.08,		171.60,		209.21,
613,		119.91,		174.03,		209.15,
614,		151.32,		173.09,		210.83,
615,		143.61,		172.94,		215.88,
616,		143.00,		172.27,		210.90,
617,		134.33,		172.03,		212.62,
618,		133.98,		176.50,		202.48,
619,		140.19,		175.68,		207.64,
620,		120.98,		173.93,		214.64,
621,		133.93,		172.98,		223.39,
622,		136.70,		172.70,		220.95,
623,		135.07,		172.08,		211.07,
624,		118.35,		171.65,		201.17,
625,		115.12,		169.97,		212.11,
626,		124.08,		170.97,		230.07,
627,		119.48,		181.57,		223.93,
628,		124.06,		177.26,		233.86,
629,		140.44,		172.24,		206.45,
630,		117.92,		170.44,		202.64,
631,		128.84,		169.49,		205.81,
632,		128.79,		169.15,		214.89,
633,		113.62,		191.36,		242.24,
634,		127.00,		179.55,		239.76,
635,		147.80,		193.37,		236.62,
636,		147.67,		203.53,		239.96,
637,		127.12,		204.60,		253.85,
638,		138.82,		185.39,		248.08,
639,		117.42,		170.44,		242.51,
640,		122.24,		172.08,		247.14,
641,		122.57,		172.02,		227.39,
642,		140.37,		171.14,		221.85,
643,		135.27,		171.51,		224.09,
644,		121.36,		170.40,		216.95,
645,		136.00,		170.05,		233.07,
646,		110.64,		169.72,		215.39,
647,		134.88,		169.84,		215.22,
648,		114.20,		169.64,		212.55,
649,		122.77,		169.81,		213.28,
650,		122.09,		169.84,		223.91,
651,		143.11,		171.82,		208.61,
652,		118.40,		170.61,		202.68,
653,		135.54,		169.32,		191.22,
654,		128.49,		168.85,		214.16,
655,		134.40,		167.45,		210.85,
656,		135.93,		168.66,		217.85,
657,		114.18,		165.82,		201.55,
658,		110.74,		166.10,		200.73,
659,		109.56,		167.69,		207.84,
660,		113.04,		168.54,		209.48,
661,		95.97,		145.08,		208.43,
662,		105.84,		155.27,		194.67,
663,		107.87,		163.50,		210.47,
664,		106.38,		166.08,		204.50,
665,		106.36,		167.63,		211.60,
666,		107.27,		168.56,		205.05,
667,		136.89,		169.08,		208.17,
668,		120.83,		168.81,		206.46,
669,		122.53,		169.20,		211.78,
670,		137.75,		169.52,		211.46,
671,		144.62,		169.96,		211.28,
672,		142.53,		163.81,		201.28,
673,		122.98,		165.22,		198.78,
674,		126.90,		167.92,		217.46,
675,		112.86,		168.88,		221.93,
676,		141.15,		168.90,		223.55,
677,		134.73,		169.59,		208.22,
678,		150.30,		186.95,		237.23,
679,		154.32,		194.82,		233.16,
680,		156.15,		199.38,		231.92,
681,		152.93,		202.13,		239.82,
682,		157.75,		206.70,		238.89,
683,		163.40,		209.86,		252.18,
684,		146.35,		206.23,		247.08,
685,		148.42,		209.68,		234.03,
686,		165.75,		209.85,		236.25,
687,		174.49,		211.24,		256.58,
688,		172.81,		216.19,		257.68,
689,		184.07,		214.19,		249.13,
690,		153.63,		211.90,		258.55,
691,		169.25,		216.06,		265.65,
692,		172.59,		220.14,		273.01,
693,		183.51,		220.04,		256.27,
694,		163.56,		229.05,		268.90,
695,		163.07,		219.33,		269.14,
696,		173.62,		219.19,		299.12,
697,		169.68,		217.43,		269.74,
698,		171.79,		220.29,		288.46,
699,		185.36,		221.41,		268.04,
700,		169.99,		220.86,		267.96,
701,		174.53,		220.27,		259.71,
702,		181.44,		220.96,		258.01,
703,		181.06,		221.15,		265.09,
704,		169.95,		220.37,		254.30,
705,		173.00,		219.16,		259.58,
706,		152.80,		219.70,		263.77,
707,		173.00,		219.25,		260.47,
708,		159.92,		214.55,		263.88,
709,		168.35,		217.82,		265.90,
710,		172.37,		214.21,		265.20,
711,		171.31,		213.60,		253.24,
712,		159.96,		215.04,		265.71,
713,		163.38,		211.90,		264.94,
714,		165.99,		212.76,		257.68,
715,		175.59,		216.69,		251.13,
716,		176.12,		218.95,		255.96,
717,		186.33,		217.94,		243.97,
718,		163.71,		217.48,		255.70,
719,		168.22,		217.08,		264.34,
720,		183.78,		219.43,		261.05,
721,		176.68,		217.96,		268.26,
722,		173.61,		216.88,		247.80,
723,		166.27,		216.98,		245.40,
724,		166.56,		216.78,		258.63,
725,		172.52,		217.08,		250.44,
726,		169.59,		216.96,		269.83,
727,		169.35,		217.11,		264.55,
728,		175.29,		216.66,		264.00,
729,		178.65,		216.84,		250.76,
730,		134.75,		199.76,		256.09,
731,		146.47,		192.77,		255.24,
732,		143.11,		186.97,		236.61,
733,		144.39,		183.74,		229.48,
734,		162.83,		182.03,		243.08,
735,		135.36,		183.33,		226.29,
736,		132.32,		182.59,		213.10,
737,		140.01,		189.70,		227.35,
738,		133.88,		197.70,		242.20,
739,		128.10,		194.11,		237.33,
740,		140.31,		189.07,		246.95,
741,		131.02,		184.13,		233.74,
742,		115.38,		167.72,		233.98,
743,		123.85,		176.45,		245.36,
744,		122.66,		197.86,		248.40,
745,		132.85,		207.58,		257.63,
746,		139.49,		202.92,		249.71,
747,		140.30,		193.69,		247.48,
748,		137.68,		190.00,		263.89,
749,		137.06,		189.31,		267.65,
750,		138.92,		191.55,		259.43,
751,		141.07,		189.28,		258.68,
752,		124.47,		178.36,		261.42,
753,		148.94,		185.89,		257.01,
754,		134.71,		183.07,		233.40,
755,		113.79,		173.40,		230.35,
756,		114.47,		165.82,		237.03,
757,		123.04,		164.96,		239.80,
758,		130.25,		159.21,		201.57,
759,		124.07,		158.55,		212.25,
760,		111.08,		160.59,		216.96,
761,		112.30,		162.27,		202.41,
762,		116.36,		162.21,		218.16,
763,		116.12,		164.68,		222.07,
764,		114.90,		163.28,		223.96,
765,		129.80,		159.08,		205.02,
766,		127.75,		153.47,		218.83,
767,		103.12,		153.53,		214.52,
768,		106.34,		157.37,		183.98,
769,		103.53,		155.92,		192.33,
770,		108.20,		155.94,		204.17,
771,		118.18,		152.05,		197.02,
772,		124.44,		153.28,		205.70,
773,		107.61,		152.89,		203.14,
774,		124.81,		156.09,		197.86,
775,		123.72,		159.95,		207.93,
776,		119.14,		161.74,		198.25,
777,		134.05,		161.89,		197.88,
778,		140.39,		163.83,		200.69,
779,		142.37,		163.89,		203.76,
780,		120.49,		163.85,		207.76,
781,		122.77,		164.09,		212.43,
782,		132.84,		166.02,		207.64,
783,		127.26,		165.51,		212.47,
784,		118.32,		164.52,		197.20,
785,		120.52,		163.76,		204.92,
786,		148.40,		179.83,		217.10,
787,		124.71,		183.39,		237.97,
788,		128.51,		189.61,		226.23,
789,		143.06,		188.58,		233.60,
790,		139.81,		187.44,		225.24,
791,		139.68,		186.54,		222.34,
792,		132.15,		182.05,		224.95,
793,		112.35,		161.43,		219.32,
794,		113.42,		173.64,		215.89,
795,		112.73,		180.36,		225.09,
796,		117.79,		183.81,		220.18,
797,		131.07,		185.66,		223.23,
798,		139.04,		186.81,		221.52,
799,		137.66,		187.42,		223.37,
800,		134.34,		186.67,		223.21,
801,		137.63,		187.13,		222.08,
802,		142.02,		187.63,		216.73,
803,		137.54,		187.51,		223.28,
804,		157.64,		187.73,		224.31,
805,		152.90,		187.77,		222.27,
806,		151.57,		187.17,		221.15,
807,		153.07,		187.44,		231.20,
808,		145.22,		187.49,		214.25,
809,		127.52,		175.20,		205.64,
810,		134.96,		169.97,		221.16,
811,		124.14,		166.38,		203.38,
812,		121.83,		164.98,		200.64,
813,		138.35,		164.24,		199.72,
814,		144.49,		176.10,		219.63,
815,		126.82,		178.94,		221.75,
816,		114.43,		171.39,		224.24,
817,		127.90,		170.72,		213.14,
818,		134.13,		172.52,		210.76,
819,		131.29,		170.31,		209.54,
820,		115.11,		165.14,		211.81,
821,		138.32,		166.85,		219.89,
822,		129.20,		167.26,		220.93,
823,		136.16,		168.20,		225.29,
824,		125.33,		167.75,		218.47,
825,		140.07,		167.95,		203.91,
826,		147.78,		168.17,		200.99,
827,		144.27,		167.91,		197.27,
828,		121.38,		167.60,		199.28,
829,		127.39,		167.64,		204.58,
830,		121.10,		167.42,		205.30,
831,		129.30,		167.28,		204.00,
832,		122.69,		167.49,		204.66,
833,		120.84,		167.85,		206.01,
834,		112.03,		168.16,		228.81,
835,		114.02,		168.90,		213.28,
836,		127.58,		168.16,		216.42,
837,		127.31,		177.90,		220.01,
838,		152.47,		182.43,		227.28,
839,		116.77,		184.56,		214.27,
840,		119.17,		185.69,		221.08,
841,		151.52,		186.34,		225.25,
842,		147.09,		186.75,		220.11,
843,		151.19,		187.49,		223.96,
844,		142.46,		187.33,		217.29,
845,		152.38,		187.03,		215.02,
846,		139.55,		186.83,		218.37,
847,		139.61,		185.93,		230.98,
848,		139.97,		186.69,		222.68,
849,		132.37,		186.22,		222.56,
850,		153.76,		185.31,		226.40,
851,		136.45,		185.22,		220.28,
852,		133.56,		185.08,		225.62,
853,		142.30,		185.29,		239.60,
854,		151.67,		185.26,		229.68,
855,		151.60,		181.55,		217.68,
856,		144.94,		183.65,		222.26,
857,		142.56,		184.49,		223.17,
858,		135.34,		184.86,		222.75,
859,		125.41,		172.52,		218.33,
860,		124.21,		173.68,		225.82,
861,		128.11,		182.21,		229.79,
862,		139.53,		184.08,		217.39,
863,		139.94,		185.57,		216.25,
864,		141.97,		191.80,		226.75,
865,		145.38,		189.27,		225.29,
866,		145.62,		194.38,		258.45,
867,		154.12,		191.26,		237.44,
868,		155.24,		194.62,		240.39,
869,		164.48,		191.79,		244.77,
870,		162.29,		189.97,		235.56,
871,		168.22,		189.06,		238.72,
872,		158.28,		187.99,		228.98,
873,		156.93,		187.73,		220.82,
874,		162.73,		187.61,		240.51,
875,		150.45,		188.05,		227.34,
876,		137.19,		187.81,		234.25,
877,		157.54,		187.82,		233.57,
878,		157.24,		187.74,		227.15,
879,		156.03,		187.66,		231.63,
880,		149.71,		190.18,		260.68,
881,		159.75,		188.83,		232.25,
882,		154.17,		188.08,		219.89,
883,		151.03,		191.60,		251.49,
884,		151.34,		189.50,		251.98,
885,		144.24,		188.35,		229.64,
886,		140.74,		188.01,		218.86,
887,		143.63,		187.83,		224.98,
888,		146.73,		188.17,		232.11,
889,		154.08,		190.81,		231.70,
890,		139.37,		188.40,		225.82,
891,		132.86,		189.79,		233.32,
892,		124.82,		187.92,		235.46,
893,		157.19,		186.54,		230.61,
894,		136.93,		186.17,		220.58,
895,		130.29,		185.90,		233.12,
896,		141.28,		187.96,		224.49,
897,		141.16,		187.40,		239.78,
898,		151.22,		187.72,		232.65,
899,		148.96,		198.09,		244.99,
900,		158.38,		202.76,		237.51,
901,		160.71,		204.81,		236.96,
902,		166.62,		209.93,		245.52,
903,		176.78,		216.89,		263.00,
904,		151.69,		212.19,		267.04,
905,		158.45,		219.92,		270.62,
906,		161.86,		210.27,		264.43,
907,		156.56,		205.59,		264.74,
908,		155.24,		202.71,		246.85,
909,		160.19,		211.46,		247.70,
910,		138.95,		207.31,		248.43,
911,		137.57,		204.56,		249.84,
912,		138.89,		205.53,		250.33,
913,		141.19,		210.76,		244.40,
914,		157.15,		211.79,		264.98,
915,		144.99,		209.83,		268.83,
916,		151.80,		235.32,		283.26,
917,		150.38,		223.26,		283.80,
918,		147.30,		211.89,		296.44,
919,		161.51,		224.64,		271.66,
920,		140.51,		212.55,		290.89,
921,		135.42,		201.28,		276.87,
922,		154.22,		195.95,		272.98,
923,		150.27,		197.50,		263.88,
924,		139.80,		197.93,		262.72,
925,		156.19,		205.41,		264.04,
926,		149.71,		209.35,		250.46,
927,		150.45,		210.54,		239.10,
928,		176.41,		211.74,		259.02,
929,		178.64,		210.05,		259.45,
930,		150.17,		211.52,		257.03,
931,		137.89,		212.04,		252.69,
932,		152.71,		212.10,		250.70,
933,		152.65,		210.82,		241.86,
934,		161.14,		209.97,		243.20,
935,		167.43,		209.98,		244.75,
936,		151.20,		209.43,		245.30,
937,		150.88,		211.52,		250.20,
938,		141.85,		212.31,		243.63,
939,		151.48,		214.89,		245.97,
940,		145.33,		214.16,		241.24,
941,		185.88,		214.61,		244.76,
942,		183.39,		214.56,		251.48,
943,		184.82,		214.29,		250.60,
944,		179.06,		213.93,		257.19,
945,		148.09,		214.87,		259.05,
946,		146.86,		214.44,		257.39,
947,		148.92,		209.68,		258.74,
948,		139.51,		209.17,		255.84,
949,		136.07,		207.66,		253.80,
950,		133.45,		210.26,		249.96,
951,		135.12,		210.45,		245.59,
952,		142.65,		212.37,		250.88,
953,		179.81,		213.04,		238.65,
954,		180.49,		212.02,		250.23,
955,		176.41,		208.29,		246.96,
956,		148.46,		206.77,		237.42,
957,		172.17,		204.42,		234.24,
958,		137.58,		205.94,		226.49,
959,		145.31,		205.99,		248.49,
960,		151.21,		206.61,		242.78,
961,		170.51,		209.37,		244.58,
962,		162.67,		207.79,		272.89,
963,		144.88,		206.34,		257.92,
964,		145.54,		205.36,		258.12,
965,		152.78,		205.09,		239.86,
966,		139.62,		204.40,		231.60,
967,		133.97,		204.13,		240.51,
968,		156.67,		204.24,		235.96,
969,		136.13,		200.89,		237.18,
970,		142.71,		202.64,		237.93,
971,		133.95,		202.99,		237.14,
972,		136.12,		199.67,		229.14,
973,		149.32,		186.60,		234.08,
974,		129.33,		180.44,		236.95,
975,		146.38,		176.28,		224.52,
976,		148.40,		186.98,		224.45,
977,		125.64,		194.28,		238.69,
978,		144.10,		191.18,		229.61,
979,		140.08,		187.13,		231.15,
980,		110.53,		180.62,		241.43,
981,		108.02,		176.93,		225.90,
982,		104.23,		175.74,		223.46,
983,		104.51,		174.25,		234.79,
984,		105.42,		173.12,		232.42,
985,		104.74,		172.75,		214.02,
986,		108.92,		173.05,		212.02,
987,		107.71,		173.21,		204.23,
988,		109.19,		172.91,		206.45,
989,		107.05,		184.65,		214.16,
990,		125.97,		190.95,		213.46,
991,		135.90,		194.10,		220.34,
992,		131.74,		196.25,		223.23,
993,		132.18,		197.03,		228.16,
994,		133.86,		198.78,		233.83,
995,		153.78,		198.13,		237.26,
996,		132.00,		198.94,		246.23,
997,		133.07,		198.88,		244.43,
998,		133.29,		198.24,		223.44,
999,		163.27,		202.36,		229.80,
