RANDOM_SEED, 1698988194
GEN,		MIN,			AVE,			MAX,
0,		39.24,		254.53,		513.14,
1,		47.43,		214.48,		491.74,
2,		78.89,		220.77,		438.95,
3,		84.70,		241.39,		490.08,
4,		125.79,		247.65,		334.29,
5,		131.60,		259.32,		336.32,
6,		162.72,		262.68,		333.54,
7,		158.90,		270.85,		325.00,
8,		147.80,		237.78,		318.56,
9,		151.20,		258.96,		327.53,
10,		163.11,		252.90,		322.88,
11,		184.82,		266.74,		322.87,
12,		184.51,		243.22,		324.57,
13,		175.96,		239.73,		318.79,
14,		177.30,		222.12,		330.17,
15,		166.14,		212.91,		316.86,
16,		152.38,		208.66,		314.93,
17,		156.36,		206.74,		290.13,
18,		153.69,		206.08,		282.60,
19,		165.15,		205.61,		280.08,
20,		158.26,		204.50,		244.97,
21,		154.52,		212.53,		272.85,
22,		150.60,		208.20,		244.61,
23,		162.34,		206.78,		272.30,
24,		179.26,		205.70,		246.49,
25,		160.66,		203.84,		245.75,
26,		163.09,		203.51,		246.20,
27,		180.86,		202.38,		247.53,
28,		174.50,		200.80,		252.23,
29,		150.23,		225.66,		281.87,
30,		172.88,		213.82,		285.49,
31,		152.30,		206.09,		290.72,
32,		180.55,		215.02,		305.36,
33,		162.15,		213.29,		296.57,
34,		148.05,		205.44,		294.98,
35,		150.06,		202.15,		294.61,
36,		138.53,		195.88,		255.39,
37,		133.71,		194.50,		250.07,
38,		158.68,		190.46,		248.70,
39,		161.24,		196.11,		244.67,
40,		144.60,		196.89,		233.85,
41,		143.98,		197.69,		243.89,
42,		148.62,		199.86,		263.12,
43,		155.56,		199.30,		253.60,
44,		143.30,		202.46,		253.05,
45,		145.63,		200.03,		254.11,
46,		149.05,		197.49,		247.69,
47,		156.75,		203.97,		276.97,
48,		144.65,		200.72,		242.27,
49,		149.41,		199.66,		269.05,
50,		139.13,		207.57,		251.23,
51,		145.06,		222.12,		279.97,
52,		172.53,		230.37,		270.07,
53,		149.07,		217.60,		277.54,
54,		148.91,		211.28,		274.93,
55,		152.30,		204.86,		284.95,
56,		146.72,		201.40,		280.39,
57,		150.10,		199.92,		268.97,
58,		148.32,		192.47,		271.72,
59,		142.12,		192.21,		248.75,
60,		129.10,		195.76,		246.10,
61,		136.31,		203.63,		238.39,
62,		129.03,		208.75,		259.08,
63,		132.56,		211.02,		266.94,
64,		130.11,		211.21,		257.67,
65,		121.58,		207.35,		262.97,
66,		139.05,		205.46,		258.31,
67,		162.28,		204.30,		246.86,
68,		154.40,		204.69,		234.86,
69,		149.29,		203.72,		258.21,
70,		128.99,		206.30,		251.81,
71,		172.33,		205.91,		248.38,
72,		171.00,		206.13,		242.37,
73,		156.89,		206.03,		243.49,
74,		157.34,		205.37,		245.20,
75,		155.19,		201.93,		248.16,
76,		158.97,		199.52,		250.70,
77,		149.06,		198.93,		240.79,
78,		147.89,		198.65,		242.73,
79,		150.88,		203.84,		244.05,
80,		158.45,		206.78,		249.50,
81,		149.31,		208.51,		255.55,
82,		156.74,		207.74,		249.87,
83,		129.62,		203.61,		241.07,
84,		143.69,		201.31,		246.23,
85,		172.48,		200.87,		252.04,
86,		140.76,		196.30,		242.80,
87,		148.61,		198.27,		240.63,
88,		159.85,		193.04,		245.65,
89,		166.74,		192.86,		222.43,
90,		141.81,		189.67,		224.73,
91,		132.42,		188.65,		229.02,
92,		129.70,		188.01,		233.01,
93,		139.66,		187.91,		234.16,
94,		152.98,		187.61,		226.25,
95,		141.60,		191.07,		231.44,
96,		118.21,		190.13,		249.10,
97,		101.49,		176.63,		221.82,
98,		126.04,		170.39,		226.30,
99,		149.04,		192.86,		242.61,
100,		126.07,		177.71,		227.10,
101,		132.78,		194.56,		242.02,
102,		150.71,		203.86,		237.49,
103,		146.08,		209.19,		257.33,
104,		138.85,		202.66,		255.08,
105,		140.09,		198.82,		265.41,
106,		136.37,		197.50,		234.90,
107,		156.26,		196.53,		246.47,
108,		145.43,		192.67,		231.12,
109,		155.79,		197.50,		246.98,
110,		160.55,		198.80,		266.05,
111,		156.66,		198.26,		251.41,
112,		148.31,		200.59,		256.60,
113,		148.13,		201.37,		257.00,
114,		141.42,		197.05,		257.81,
115,		154.70,		196.36,		227.17,
116,		159.75,		198.64,		241.91,
117,		156.72,		195.47,		235.71,
118,		161.51,		199.51,		233.60,
119,		137.44,		201.42,		249.15,
120,		139.20,		200.53,		252.43,
121,		112.96,		201.88,		251.09,
122,		169.21,		203.16,		252.48,
123,		169.55,		203.19,		251.57,
124,		146.74,		203.27,		263.17,
125,		145.04,		203.18,		233.35,
126,		150.13,		202.94,		247.58,
127,		146.51,		202.85,		255.30,
128,		153.27,		203.87,		238.30,
129,		155.90,		204.14,		255.23,
130,		145.38,		199.35,		251.04,
131,		140.23,		196.75,		236.78,
132,		140.61,		196.12,		253.92,
133,		140.40,		196.06,		254.67,
134,		140.76,		195.67,		251.57,
135,		159.68,		195.21,		248.59,
136,		165.98,		195.23,		245.89,
137,		167.76,		194.78,		225.07,
138,		158.25,		196.22,		226.53,
139,		151.46,		195.26,		229.32,
140,		140.77,		196.70,		234.86,
141,		139.78,		195.70,		237.39,
142,		146.26,		195.21,		234.85,
143,		157.73,		194.88,		244.97,
144,		158.38,		196.28,		252.35,
145,		161.95,		206.95,		247.58,
146,		153.91,		205.19,		236.39,
147,		165.12,		214.27,		278.48,
148,		160.09,		214.64,		268.91,
149,		180.99,		209.14,		272.99,
150,		162.59,		199.29,		235.49,
151,		129.63,		206.91,		255.93,
152,		145.03,		211.50,		252.76,
153,		172.09,		218.94,		255.23,
154,		181.08,		222.58,		257.76,
155,		179.82,		221.65,		263.90,
156,		159.31,		218.40,		268.79,
157,		159.63,		219.77,		250.42,
158,		164.47,		217.14,		255.11,
159,		165.65,		214.62,		259.58,
160,		167.68,		208.59,		254.61,
161,		167.54,		211.47,		254.38,
162,		172.01,		207.30,		250.39,
163,		175.44,		208.91,		262.83,
164,		170.12,		205.95,		244.75,
165,		172.40,		204.56,		240.32,
166,		161.15,		203.66,		241.18,
167,		160.96,		203.77,		246.21,
168,		162.32,		203.77,		241.21,
169,		165.86,		203.79,		243.17,
170,		151.30,		190.38,		230.12,
171,		140.45,		197.09,		244.04,
172,		144.23,		199.86,		235.07,
173,		145.05,		200.83,		240.25,
174,		152.60,		201.78,		239.71,
175,		165.67,		202.18,		245.55,
176,		169.80,		202.61,		249.41,
177,		171.78,		202.68,		237.17,
178,		160.44,		202.92,		240.63,
179,		160.90,		202.95,		239.43,
180,		151.60,		203.12,		236.12,
181,		127.53,		202.67,		244.45,
182,		174.51,		203.43,		229.34,
183,		172.89,		203.37,		239.51,
184,		159.42,		203.14,		245.88,
185,		145.94,		203.18,		230.46,
186,		150.82,		203.55,		246.38,
187,		148.79,		203.29,		251.47,
188,		153.92,		203.11,		258.14,
189,		151.92,		203.47,		253.70,
190,		176.48,		203.85,		235.04,
191,		151.93,		203.27,		245.28,
192,		149.56,		202.82,		243.96,
193,		134.08,		196.35,		238.86,
194,		154.45,		199.17,		258.36,
195,		165.43,		200.97,		245.52,
196,		163.63,		204.68,		235.13,
197,		159.43,		209.67,		250.67,
198,		163.42,		208.21,		243.58,
199,		164.38,		213.58,		253.43,
200,		175.01,		213.25,		245.30,
201,		163.15,		222.94,		255.76,
202,		182.68,		221.23,		270.24,
203,		159.12,		217.31,		258.22,
204,		163.82,		212.31,		242.54,
205,		169.72,		210.36,		251.09,
206,		157.95,		208.51,		244.48,
207,		155.69,		208.41,		250.01,
208,		162.65,		208.56,		254.54,
209,		164.90,		208.33,		247.12,
210,		157.80,		208.04,		246.77,
211,		165.56,		208.32,		267.24,
212,		159.23,		208.57,		257.93,
213,		178.54,		209.31,		241.41,
214,		182.42,		209.49,		250.09,
215,		169.96,		209.81,		255.27,
216,		175.22,		212.97,		252.20,
217,		159.93,		211.74,		254.06,
218,		175.01,		210.94,		255.01,
219,		168.13,		209.55,		245.82,
220,		170.72,		209.53,		248.02,
221,		160.53,		209.17,		249.09,
222,		166.54,		208.87,		250.85,
223,		164.90,		207.97,		250.74,
224,		152.64,		207.30,		240.23,
225,		161.28,		207.64,		249.85,
226,		163.58,		207.64,		242.53,
227,		155.47,		213.18,		250.06,
228,		189.20,		210.77,		245.12,
229,		154.61,		212.56,		250.57,
230,		146.31,		212.89,		247.08,
231,		186.36,		210.35,		246.02,
232,		180.97,		213.81,		251.33,
233,		172.81,		210.66,		266.85,
234,		154.15,		208.89,		248.53,
235,		145.61,		208.76,		254.93,
236,		157.15,		210.12,		254.86,
237,		164.77,		209.23,		256.80,
238,		161.36,		208.85,		251.42,
239,		165.73,		208.84,		253.01,
240,		172.92,		208.47,		242.38,
241,		150.75,		201.31,		242.35,
242,		154.70,		205.11,		240.56,
243,		167.27,		207.16,		250.63,
244,		156.53,		208.07,		250.98,
245,		154.20,		209.87,		242.87,
246,		169.47,		209.37,		242.61,
247,		182.78,		209.80,		250.92,
248,		181.98,		217.16,		249.99,
249,		180.74,		220.36,		283.81,
250,		183.97,		222.76,		253.37,
251,		181.58,		221.77,		264.52,
252,		153.98,		223.56,		263.06,
253,		182.96,		225.80,		275.89,
254,		180.31,		226.54,		266.03,
255,		191.12,		227.59,		265.68,
256,		190.84,		227.46,		269.67,
257,		174.42,		227.17,		269.88,
258,		185.73,		229.81,		269.47,
259,		178.80,		231.42,		273.22,
260,		181.00,		231.87,		266.82,
261,		180.44,		232.39,		269.15,
262,		190.74,		233.96,		269.99,
263,		194.98,		234.90,		274.73,
264,		170.71,		231.11,		275.77,
265,		166.56,		227.95,		267.16,
266,		166.59,		231.11,		290.24,
267,		168.46,		228.20,		273.28,
268,		139.47,		228.40,		272.82,
269,		170.70,		227.10,		281.24,
270,		171.80,		226.60,		281.39,
271,		167.93,		226.57,		280.09,
272,		171.82,		226.13,		261.72,
273,		164.78,		225.77,		272.81,
274,		167.65,		227.37,		267.74,
275,		171.31,		226.57,		259.01,
276,		189.08,		226.20,		274.86,
277,		194.64,		226.69,		278.47,
278,		186.58,		226.49,		264.78,
279,		174.69,		226.48,		275.74,
280,		203.66,		229.48,		267.30,
281,		181.10,		225.11,		251.81,
282,		185.23,		223.50,		265.40,
283,		185.74,		221.20,		270.10,
284,		184.43,		229.67,		278.08,
285,		174.20,		227.62,		269.32,
286,		164.27,		229.25,		279.11,
287,		180.97,		230.04,		279.92,
288,		178.32,		233.68,		276.90,
289,		197.53,		250.31,		290.75,
290,		166.99,		241.22,		305.11,
291,		173.88,		239.12,		293.37,
292,		175.89,		234.90,		283.38,
293,		180.14,		235.85,		282.83,
294,		172.52,		234.22,		272.37,
295,		179.10,		232.48,		282.90,
296,		175.66,		234.27,		280.18,
297,		176.34,		234.15,		287.42,
298,		154.16,		220.82,		285.50,
299,		156.10,		214.24,		290.47,
300,		163.34,		217.63,		281.84,
301,		167.87,		215.60,		274.42,
302,		154.56,		211.50,		256.27,
303,		150.60,		201.84,		252.93,
304,		153.59,		204.48,		246.40,
305,		155.85,		206.96,		248.62,
306,		162.97,		211.51,		259.23,
307,		164.57,		214.00,		252.27,
308,		172.11,		213.94,		254.80,
309,		140.62,		193.75,		238.56,
310,		123.10,		191.80,		262.35,
311,		121.33,		202.00,		253.85,
312,		112.98,		187.11,		257.38,
313,		114.49,		181.31,		256.07,
314,		117.67,		177.94,		218.18,
315,		115.74,		176.79,		226.15,
316,		120.96,		174.91,		233.73,
317,		123.76,		174.05,		224.96,
318,		104.23,		166.59,		210.97,
319,		104.44,		171.34,		225.32,
320,		106.30,		154.55,		220.26,
321,		116.86,		157.17,		216.73,
322,		119.22,		166.18,		226.99,
323,		110.53,		174.58,		220.66,
324,		120.81,		174.07,		210.22,
325,		130.59,		189.45,		233.15,
326,		133.22,		193.43,		237.49,
327,		143.06,		196.49,		232.73,
328,		134.51,		197.50,		232.30,
329,		144.99,		202.16,		238.98,
330,		168.95,		209.41,		258.87,
331,		141.98,		208.42,		255.83,
332,		144.96,		209.48,		249.32,
333,		163.76,		209.42,		272.49,
334,		169.32,		207.62,		256.28,
335,		181.69,		210.19,		259.81,
336,		152.36,		204.26,		247.91,
337,		151.69,		225.82,		281.59,
338,		150.58,		215.50,		282.36,
339,		143.94,		230.12,		275.83,
340,		146.93,		213.70,		267.13,
341,		141.27,		209.88,		276.00,
342,		152.13,		207.81,		276.95,
343,		152.66,		203.22,		261.90,
344,		158.63,		200.61,		244.55,
345,		143.66,		196.97,		245.34,
346,		131.14,		193.64,		232.46,
347,		164.84,		193.06,		231.40,
348,		149.69,		191.81,		228.58,
349,		152.03,		191.48,		225.31,
350,		159.94,		191.54,		232.40,
351,		139.50,		193.01,		225.49,
352,		135.05,		194.73,		245.75,
353,		136.53,		197.34,		233.84,
354,		150.48,		198.12,		238.50,
355,		148.09,		189.73,		228.43,
356,		152.69,		189.86,		228.37,
357,		148.53,		201.47,		243.68,
358,		165.98,		202.72,		249.80,
359,		161.21,		207.82,		245.45,
360,		175.83,		204.72,		261.67,
361,		157.77,		208.50,		254.48,
362,		152.59,		207.25,		258.74,
363,		126.07,		199.27,		254.85,
364,		151.60,		191.58,		235.19,
365,		136.88,		191.11,		233.10,
366,		136.36,		195.25,		250.95,
367,		145.58,		195.38,		244.74,
368,		156.23,		204.40,		253.12,
369,		158.97,		207.09,		241.54,
370,		145.64,		203.60,		247.62,
371,		134.61,		198.77,		245.29,
372,		132.90,		205.56,		241.01,
373,		140.87,		198.29,		250.14,
374,		154.59,		205.45,		249.11,
375,		155.77,		199.37,		243.77,
376,		151.59,		203.86,		236.30,
377,		137.43,		198.14,		242.94,
378,		139.78,		205.84,		240.01,
379,		152.34,		201.24,		241.30,
380,		146.52,		203.14,		249.75,
381,		143.56,		198.10,		235.10,
382,		146.40,		195.74,		246.53,
383,		156.72,		198.31,		241.49,
384,		160.37,		196.76,		250.94,
385,		153.58,		200.85,		237.95,
386,		150.08,		213.32,		277.30,
387,		139.90,		222.43,		285.93,
388,		142.42,		227.01,		285.00,
389,		151.13,		227.76,		278.24,
390,		174.90,		231.07,		273.35,
391,		173.21,		229.21,		273.51,
392,		175.79,		228.47,		279.60,
393,		171.99,		228.44,		284.33,
394,		175.80,		228.43,		275.02,
395,		173.02,		227.83,		277.04,
396,		167.88,		227.79,		272.05,
397,		162.82,		229.59,		271.99,
398,		200.01,		236.52,		280.28,
399,		201.75,		238.47,		278.03,
400,		199.54,		243.52,		292.33,
401,		182.09,		235.64,		292.43,
402,		193.43,		243.71,		293.23,
403,		176.74,		247.59,		301.71,
404,		182.95,		247.36,		301.04,
405,		166.94,		268.24,		322.33,
406,		173.93,		259.23,		324.43,
407,		203.37,		251.68,		320.66,
408,		187.89,		249.11,		295.38,
409,		191.07,		245.31,		288.22,
410,		196.21,		245.81,		292.98,
411,		184.20,		243.72,		285.13,
412,		180.17,		242.32,		277.72,
413,		192.83,		241.25,		268.46,
414,		184.94,		241.33,		282.63,
415,		186.54,		241.06,		274.66,
416,		152.25,		241.04,		275.03,
417,		175.69,		240.57,		279.90,
418,		185.46,		240.82,		275.97,
419,		188.36,		241.00,		284.15,
420,		185.46,		241.27,		283.03,
421,		191.18,		241.24,		285.02,
422,		183.94,		240.90,		286.91,
423,		198.27,		245.01,		285.85,
424,		196.88,		245.04,		289.30,
425,		196.98,		244.56,		290.19,
426,		192.60,		245.35,		280.21,
427,		186.24,		246.08,		287.37,
428,		194.23,		247.85,		290.33,
429,		195.13,		249.19,		288.12,
430,		210.99,		251.21,		281.18,
431,		197.04,		248.05,		283.22,
432,		194.31,		249.72,		289.28,
433,		195.32,		251.37,		296.12,
434,		195.71,		256.60,		300.54,
435,		210.34,		258.93,		297.88,
436,		190.48,		259.99,		309.03,
437,		167.53,		259.33,		291.92,
438,		183.05,		251.75,		285.33,
439,		174.68,		233.92,		278.29,
440,		179.35,		224.80,		280.33,
441,		176.32,		221.53,		268.69,
442,		179.05,		219.70,		275.13,
443,		167.67,		218.62,		264.00,
444,		159.16,		218.40,		262.72,
445,		163.64,		217.28,		262.00,
446,		179.80,		217.75,		261.56,
447,		172.22,		217.65,		260.77,
448,		167.67,		217.20,		263.68,
449,		161.00,		217.44,		261.45,
450,		174.67,		217.51,		256.89,
451,		178.32,		217.53,		252.82,
452,		160.30,		217.28,		253.58,
453,		159.37,		216.76,		254.21,
454,		163.53,		216.84,		260.30,
455,		161.37,		216.70,		260.71,
456,		159.22,		211.99,		260.94,
457,		135.97,		201.64,		250.52,
458,		136.43,		195.57,		231.07,
459,		139.61,		193.71,		240.31,
460,		157.89,		192.00,		243.22,
461,		160.03,		193.66,		234.52,
462,		155.97,		199.66,		261.45,
463,		165.28,		208.68,		255.34,
464,		148.03,		198.90,		282.34,
465,		128.02,		199.90,		258.66,
466,		137.72,		198.59,		261.93,
467,		144.99,		196.49,		273.56,
468,		142.65,		195.04,		251.58,
469,		141.48,		200.64,		254.78,
470,		125.74,		181.41,		238.27,
471,		124.63,		186.97,		230.78,
472,		132.50,		190.01,		242.43,
473,		120.09,		183.01,		239.00,
474,		140.36,		188.49,		234.20,
475,		112.53,		171.40,		238.43,
476,		122.76,		163.51,		209.79,
477,		105.11,		159.30,		203.59,
478,		107.61,		176.36,		225.63,
479,		106.53,		184.91,		225.14,
480,		133.89,		189.10,		223.02,
481,		142.43,		191.32,		233.92,
482,		146.95,		191.40,		232.48,
483,		150.59,		193.12,		238.46,
484,		149.86,		202.08,		236.03,
485,		143.84,		199.30,		251.48,
486,		134.12,		199.21,		239.82,
487,		148.64,		205.03,		253.25,
488,		152.81,		209.03,		252.77,
489,		147.16,		210.00,		245.94,
490,		147.75,		209.54,		257.88,
491,		144.65,		209.92,		250.46,
492,		154.65,		198.99,		248.51,
493,		153.27,		196.85,		244.39,
494,		150.58,		204.41,		244.69,
495,		150.03,		197.73,		253.94,
496,		147.71,		203.95,		285.60,
497,		138.27,		208.36,		265.61,
498,		163.53,		212.29,		272.60,
499,		162.99,		214.48,		266.05,
500,		164.96,		214.46,		259.27,
501,		159.92,		214.88,		264.68,
502,		163.85,		214.95,		265.03,
503,		159.24,		214.54,		258.83,
504,		163.89,		215.29,		266.90,
505,		162.45,		214.62,		265.14,
506,		161.97,		214.35,		249.17,
507,		161.07,		218.20,		251.35,
508,		153.50,		215.18,		250.36,
509,		160.59,		214.79,		251.83,
510,		162.96,		214.31,		263.86,
511,		161.35,		217.92,		277.72,
512,		158.45,		216.29,		259.77,
513,		168.51,		215.29,		267.52,
514,		166.65,		214.69,		265.73,
515,		161.16,		211.66,		265.80,
516,		186.50,		212.56,		256.93,
517,		176.25,		206.70,		257.36,
518,		174.33,		208.11,		257.61,
519,		166.93,		217.58,		252.78,
520,		151.18,		215.88,		256.63,
521,		155.62,		212.76,		252.15,
522,		151.30,		217.94,		268.83,
523,		157.02,		214.19,		268.84,
524,		175.94,		223.44,		265.75,
525,		147.89,		223.57,		262.64,
526,		160.63,		221.97,		264.89,
527,		176.08,		226.89,		264.79,
528,		173.37,		223.30,		259.74,
529,		188.78,		222.09,		274.06,
530,		172.64,		220.95,		276.88,
531,		171.28,		221.21,		276.62,
532,		178.36,		221.37,		282.06,
533,		171.33,		220.63,		281.14,
534,		160.62,		220.52,		265.27,
535,		166.22,		220.44,		264.17,
536,		166.34,		220.38,		263.57,
537,		178.89,		220.05,		249.93,
538,		168.37,		219.92,		259.89,
539,		167.90,		219.62,		251.84,
540,		166.15,		219.86,		255.61,
541,		172.35,		220.10,		259.46,
542,		165.80,		220.41,		264.28,
543,		178.98,		221.50,		261.93,
544,		194.82,		221.78,		266.95,
545,		192.00,		222.49,		270.05,
546,		166.07,		220.95,		267.90,
547,		170.90,		222.39,		263.08,
548,		168.23,		221.28,		263.95,
549,		172.18,		222.78,		262.67,
550,		168.54,		223.39,		266.26,
551,		168.93,		222.85,		257.97,
552,		158.62,		227.79,		261.12,
553,		163.35,		226.13,		266.53,
554,		169.79,		226.52,		264.31,
555,		165.93,		233.69,		285.74,
556,		160.56,		229.18,		288.12,
557,		184.23,		231.75,		288.35,
558,		182.64,		232.43,		287.24,
559,		188.43,		228.11,		288.36,
560,		198.49,		243.93,		293.84,
561,		194.76,		246.12,		296.22,
562,		205.81,		253.18,		288.94,
563,		201.01,		242.90,		303.57,
564,		175.92,		235.99,		292.65,
565,		190.57,		247.72,		300.05,
566,		177.68,		249.01,		301.08,
567,		178.83,		242.48,		284.58,
568,		220.34,		252.02,		305.01,
569,		207.59,		247.29,		302.14,
570,		206.37,		245.27,		285.44,
571,		208.41,		243.86,		294.30,
572,		191.51,		243.17,		284.64,
573,		188.12,		241.41,		290.40,
574,		184.18,		240.54,		278.54,
575,		187.18,		239.70,		279.69,
576,		184.85,		240.71,		273.84,
577,		198.32,		240.99,		285.10,
578,		193.46,		240.92,		284.93,
579,		190.21,		240.65,		286.71,
580,		196.16,		240.74,		284.52,
581,		150.75,		240.25,		272.74,
582,		172.88,		248.01,		307.51,
583,		181.72,		252.29,		299.08,
584,		182.45,		256.38,		305.20,
585,		184.16,		248.31,		291.19,
586,		191.79,		242.61,		292.55,
587,		180.23,		236.10,		288.57,
588,		198.53,		247.77,		298.61,
589,		189.34,		253.33,		304.26,
590,		193.90,		256.02,		297.33,
591,		188.29,		258.11,		296.25,
592,		202.90,		258.57,		299.62,
593,		195.69,		259.62,		301.62,
594,		208.43,		259.59,		289.20,
595,		204.95,		259.30,		312.63,
596,		207.33,		265.62,		309.56,
597,		216.35,		262.20,		292.66,
598,		209.66,		260.53,		299.60,
599,		207.19,		261.00,		287.72,
600,		215.56,		260.62,		291.26,
601,		213.59,		259.96,		289.30,
602,		212.99,		259.93,		304.26,
603,		219.71,		261.07,		301.88,
604,		214.02,		260.39,		288.79,
605,		215.05,		260.64,		307.26,
606,		215.33,		264.18,		301.49,
607,		213.70,		262.44,		298.84,
608,		212.14,		260.07,		301.03,
609,		206.65,		260.42,		290.88,
610,		204.01,		271.68,		312.32,
611,		203.24,		277.67,		315.02,
612,		230.20,		275.09,		308.82,
613,		230.08,		271.19,		327.33,
614,		229.92,		277.47,		320.91,
615,		217.74,		278.10,		330.23,
616,		241.95,		281.37,		319.79,
617,		218.33,		280.09,		315.23,
618,		219.36,		279.90,		308.96,
619,		236.57,		289.02,		332.78,
620,		226.96,		284.63,		321.73,
621,		230.73,		291.67,		347.86,
622,		220.15,		284.83,		331.25,
623,		235.41,		282.66,		317.98,
624,		242.78,		280.05,		312.34,
625,		227.50,		278.91,		318.78,
626,		224.65,		277.75,		323.18,
627,		226.08,		278.75,		322.04,
628,		228.84,		278.55,		322.84,
629,		223.62,		278.80,		322.32,
630,		223.13,		280.18,		329.68,
631,		230.78,		281.38,		323.96,
632,		229.81,		282.13,		324.42,
633,		230.78,		282.79,		319.17,
634,		235.05,		282.85,		322.71,
635,		239.88,		282.38,		318.95,
636,		231.55,		282.47,		324.57,
637,		230.31,		283.07,		329.02,
638,		231.11,		282.80,		320.36,
639,		254.01,		283.22,		321.36,
640,		242.22,		282.44,		321.37,
641,		236.10,		282.85,		322.18,
642,		231.75,		282.99,		334.44,
643,		228.33,		283.25,		329.44,
644,		235.42,		282.99,		326.87,
645,		232.41,		282.98,		321.34,
646,		234.67,		283.63,		326.50,
647,		231.92,		281.59,		344.81,
648,		218.91,		274.89,		351.49,
649,		213.95,		271.07,		314.65,
650,		222.13,		274.38,		324.38,
651,		223.20,		271.34,		325.54,
652,		224.13,		269.06,		310.23,
653,		178.49,		271.45,		311.32,
654,		216.53,		266.24,		303.87,
655,		212.76,		268.02,		310.76,
656,		216.52,		267.46,		308.99,
657,		227.57,		267.88,		315.85,
658,		226.87,		268.33,		309.22,
659,		220.57,		268.10,		309.96,
660,		214.40,		268.16,		315.41,
661,		229.50,		268.98,		309.63,
662,		220.37,		268.24,		307.83,
663,		215.80,		268.58,		312.10,
664,		227.24,		268.82,		301.44,
665,		220.14,		268.19,		311.22,
666,		212.84,		268.66,		307.55,
667,		225.60,		268.87,		303.89,
668,		228.77,		269.00,		312.11,
669,		212.83,		268.69,		308.96,
670,		219.57,		268.23,		310.55,
671,		223.52,		267.69,		320.28,
672,		221.91,		267.96,		303.67,
673,		220.86,		268.48,		299.37,
674,		210.10,		267.28,		314.54,
675,		207.02,		267.76,		301.48,
676,		210.08,		267.89,		313.94,
677,		211.10,		267.80,		316.09,
678,		208.06,		267.78,		308.70,
679,		210.66,		267.31,		304.95,
680,		203.19,		267.78,		309.89,
681,		216.63,		268.78,		310.93,
682,		212.89,		265.01,		299.47,
683,		207.92,		263.37,		306.82,
684,		207.34,		262.75,		308.15,
685,		222.37,		261.99,		289.25,
686,		203.28,		262.09,		293.78,
687,		221.39,		262.10,		293.01,
688,		212.57,		262.38,		290.54,
689,		224.24,		269.65,		323.46,
690,		216.54,		267.08,		306.82,
691,		221.13,		264.72,		308.43,
692,		210.28,		270.25,		313.84,
693,		205.08,		279.79,		331.25,
694,		209.71,		269.46,		342.48,
695,		229.59,		271.13,		351.88,
696,		209.36,		264.54,		348.51,
697,		211.84,		268.78,		347.49,
698,		220.03,		265.32,		316.26,
699,		215.83,		262.07,		319.44,
700,		217.00,		259.54,		313.49,
701,		220.26,		258.74,		302.97,
702,		208.15,		258.11,		302.03,
703,		201.54,		255.36,		289.27,
704,		213.29,		254.84,		287.97,
705,		204.04,		253.61,		301.30,
706,		203.27,		252.90,		294.32,
707,		201.61,		252.74,		309.32,
708,		198.98,		247.64,		300.17,
709,		204.58,		251.48,		308.39,
710,		193.53,		246.88,		304.07,
711,		191.77,		249.74,		284.98,
712,		200.09,		250.61,		288.47,
713,		205.52,		254.66,		296.07,
714,		201.08,		253.48,		287.98,
715,		202.29,		260.37,		290.82,
716,		196.59,		262.26,		309.87,
717,		203.81,		265.79,		301.91,
718,		200.64,		258.92,		306.56,
719,		203.38,		263.89,		317.24,
720,		215.28,		258.38,		310.92,
721,		218.16,		263.73,		314.49,
722,		218.71,		266.39,		320.16,
723,		219.23,		267.51,		320.49,
724,		186.40,		267.69,		322.68,
725,		183.98,		265.01,		313.78,
726,		203.31,		267.85,		321.25,
727,		209.71,		268.31,		311.74,
728,		202.71,		268.19,		310.69,
729,		218.75,		268.66,		322.33,
730,		218.89,		261.22,		312.06,
731,		219.59,		265.24,		315.64,
732,		219.11,		266.51,		307.17,
733,		219.81,		267.86,		315.76,
734,		218.56,		267.67,		314.00,
735,		220.32,		268.13,		305.80,
736,		218.62,		268.30,		304.86,
737,		221.74,		268.32,		303.81,
738,		210.80,		268.84,		308.70,
739,		214.65,		268.86,		298.07,
740,		211.74,		269.89,		308.61,
741,		213.84,		270.09,		308.64,
742,		232.46,		269.64,		312.95,
743,		230.52,		273.22,		308.09,
744,		224.99,		271.20,		325.12,
745,		216.78,		270.15,		312.54,
746,		218.56,		269.67,		326.14,
747,		220.11,		269.57,		314.70,
748,		225.23,		269.46,		310.69,
749,		201.44,		268.86,		310.41,
750,		211.12,		269.10,		311.34,
751,		213.73,		268.89,		310.59,
752,		234.41,		269.36,		312.69,
753,		223.97,		269.31,		302.39,
754,		222.97,		279.82,		327.89,
755,		229.12,		269.22,		332.46,
756,		235.54,		287.54,		331.40,
757,		226.89,		281.24,		342.35,
758,		223.02,		284.43,		340.86,
759,		224.94,		271.40,		326.82,
760,		225.90,		270.68,		328.65,
761,		208.97,		265.16,		332.76,
762,		215.82,		267.76,		311.09,
763,		223.35,		269.08,		317.76,
764,		222.48,		266.31,		306.32,
765,		193.48,		269.35,		315.90,
766,		208.79,		269.90,		319.84,
767,		226.20,		270.70,		318.98,
768,		220.86,		270.69,		308.52,
769,		216.83,		271.89,		310.62,
770,		222.90,		272.00,		310.56,
771,		224.24,		272.91,		309.31,
772,		204.05,		265.20,		313.90,
773,		216.51,		267.25,		326.27,
774,		223.14,		269.37,		329.81,
775,		218.15,		272.07,		331.12,
776,		216.92,		269.66,		325.90,
777,		223.92,		269.85,		329.65,
778,		226.68,		269.46,		330.77,
779,		231.75,		269.36,		310.94,
780,		219.13,		269.22,		316.05,
781,		220.24,		271.01,		314.84,
782,		215.04,		270.18,		315.60,
783,		214.51,		270.54,		315.25,
784,		229.56,		270.98,		324.82,
785,		224.11,		273.83,		311.48,
786,		221.32,		281.83,		333.73,
787,		218.31,		271.91,		332.09,
788,		217.66,		265.81,		307.43,
789,		228.94,		264.32,		313.66,
790,		213.42,		264.66,		319.81,
791,		211.40,		262.70,		311.03,
792,		209.52,		261.79,		311.03,
793,		211.66,		261.61,		302.49,
794,		207.95,		261.74,		301.02,
795,		205.69,		260.00,		297.59,
796,		211.05,		260.59,		308.44,
797,		210.33,		260.36,		296.83,
798,		210.37,		258.78,		321.44,
799,		210.45,		258.26,		324.42,
800,		220.13,		256.98,		315.32,
801,		219.83,		256.15,		302.38,
802,		220.44,		255.11,		291.91,
803,		224.54,		256.19,		315.00,
804,		218.38,		256.20,		294.77,
805,		209.12,		256.12,		293.28,
806,		220.19,		256.27,		287.68,
807,		207.54,		256.68,		303.10,
808,		212.09,		262.67,		293.82,
809,		211.66,		262.37,		312.97,
810,		208.75,		266.73,		332.98,
811,		203.48,		267.64,		311.83,
812,		205.23,		269.23,		311.28,
813,		204.86,		269.62,		312.27,
814,		210.37,		262.32,		307.32,
815,		215.95,		257.15,		305.54,
816,		208.78,		254.90,		300.92,
817,		206.71,		261.47,		298.06,
818,		213.88,		262.90,		307.35,
819,		214.74,		264.11,		311.91,
820,		218.81,		266.23,		304.22,
821,		222.58,		267.14,		302.72,
822,		224.19,		267.83,		309.28,
823,		224.63,		268.27,		324.02,
824,		216.91,		268.77,		315.69,
825,		215.72,		271.40,		321.40,
826,		215.56,		270.43,		318.95,
827,		217.77,		263.95,		331.10,
828,		213.96,		270.51,		326.37,
829,		200.78,		270.15,		322.60,
830,		213.94,		270.22,		329.70,
831,		226.41,		269.89,		313.12,
832,		199.09,		268.76,		303.96,
833,		219.23,		270.92,		320.26,
834,		218.09,		271.23,		321.75,
835,		221.87,		270.35,		315.46,
836,		239.91,		271.04,		331.35,
837,		232.30,		271.58,		329.77,
838,		226.66,		270.67,		317.41,
839,		229.09,		269.66,		311.50,
840,		229.45,		269.57,		315.04,
841,		228.94,		278.71,		330.68,
842,		226.11,		272.79,		313.68,
843,		219.85,		281.46,		334.09,
844,		216.33,		275.35,		331.92,
845,		215.71,		276.22,		337.25,
846,		216.01,		278.06,		325.54,
847,		216.91,		273.07,		315.59,
848,		217.62,		271.40,		335.84,
849,		214.58,		270.10,		317.00,
850,		199.05,		271.03,		314.72,
851,		177.73,		244.11,		326.85,
852,		179.66,		230.85,		295.51,
853,		176.31,		223.47,		280.24,
854,		163.13,		228.12,		294.53,
855,		189.30,		221.43,		278.44,
856,		165.73,		219.80,		274.11,
857,		162.14,		217.35,		261.53,
858,		188.70,		217.03,		261.43,
859,		164.19,		216.40,		257.52,
860,		179.26,		216.16,		253.15,
861,		174.97,		216.15,		251.78,
862,		183.76,		215.98,		257.76,
863,		177.44,		216.04,		266.22,
864,		164.69,		215.78,		257.14,
865,		164.90,		215.82,		266.93,
866,		183.08,		212.40,		259.65,
867,		187.21,		215.08,		259.59,
868,		180.52,		214.74,		271.03,
869,		179.62,		214.66,		248.30,
870,		183.75,		215.20,		257.62,
871,		175.62,		216.07,		265.27,
872,		193.55,		215.69,		258.94,
873,		186.49,		215.79,		264.54,
874,		182.29,		216.07,		257.25,
875,		167.84,		215.46,		257.23,
876,		165.67,		215.52,		283.64,
877,		164.51,		216.48,		280.78,
878,		176.03,		212.89,		244.95,
879,		175.68,		215.37,		261.33,
880,		176.81,		217.19,		267.01,
881,		177.00,		216.59,		259.79,
882,		170.60,		216.57,		256.33,
883,		167.35,		216.55,		256.92,
884,		163.58,		217.32,		261.91,
885,		163.05,		217.34,		261.33,
886,		165.77,		218.15,		264.78,
887,		170.15,		217.82,		261.12,
888,		189.80,		230.29,		283.38,
889,		184.00,		241.65,		312.68,
890,		196.96,		244.49,		283.08,
891,		194.76,		244.13,		293.65,
892,		202.16,		243.37,		302.20,
893,		192.23,		243.08,		286.43,
894,		195.42,		242.76,		292.80,
895,		198.70,		242.53,		284.38,
896,		157.15,		218.55,		288.07,
897,		160.85,		206.05,		290.98,
898,		173.20,		199.27,		247.25,
899,		159.00,		197.07,		254.68,
900,		156.52,		195.11,		247.00,
901,		154.19,		194.24,		243.84,
902,		157.11,		193.86,		240.26,
903,		158.71,		193.56,		245.37,
904,		154.51,		192.58,		245.47,
905,		154.64,		193.47,		236.25,
906,		159.62,		193.75,		238.95,
907,		156.67,		192.87,		240.92,
908,		153.65,		190.25,		238.14,
909,		163.67,		189.03,		242.80,
910,		147.48,		191.63,		237.66,
911,		147.42,		193.22,		274.94,
912,		151.60,		193.10,		237.86,
913,		153.06,		194.68,		283.23,
914,		157.63,		193.75,		266.73,
915,		156.85,		193.62,		245.14,
916,		145.88,		192.15,		247.20,
917,		153.44,		192.94,		244.80,
918,		152.61,		195.48,		262.74,
919,		150.42,		194.45,		247.35,
920,		157.59,		193.75,		248.68,
921,		162.80,		194.24,		240.97,
922,		156.39,		193.33,		251.05,
923,		155.32,		193.69,		244.02,
924,		166.61,		193.46,		240.87,
925,		157.94,		193.60,		235.02,
926,		159.48,		193.31,		239.04,
927,		145.69,		193.39,		240.60,
928,		159.43,		193.80,		244.78,
929,		156.19,		193.93,		239.11,
930,		158.28,		194.06,		243.23,
931,		155.29,		194.16,		239.92,
932,		157.47,		194.25,		239.06,
933,		158.67,		194.97,		241.55,
934,		155.23,		196.78,		250.38,
935,		158.76,		201.96,		250.54,
936,		165.24,		197.92,		255.84,
937,		168.82,		195.25,		254.26,
938,		170.34,		194.50,		240.22,
939,		168.34,		193.83,		238.50,
940,		161.43,		189.97,		243.92,
941,		146.40,		187.97,		232.46,
942,		147.63,		186.88,		255.40,
943,		163.99,		189.41,		228.50,
944,		160.12,		193.29,		233.45,
945,		158.58,		194.62,		242.38,
946,		160.02,		195.28,		244.53,
947,		160.16,		196.19,		268.97,
948,		159.30,		196.26,		266.78,
949,		165.04,		195.46,		226.29,
950,		171.00,		195.19,		241.31,
951,		169.57,		195.70,		237.69,
952,		152.40,		195.19,		242.48,
953,		156.19,		195.90,		243.48,
954,		153.19,		193.76,		242.96,
955,		149.67,		195.09,		251.49,
956,		154.84,		194.90,		250.29,
957,		163.98,		195.96,		244.61,
958,		160.55,		196.29,		247.86,
959,		163.00,		196.18,		244.89,
960,		159.81,		196.41,		251.83,
961,		163.96,		197.26,		249.84,
962,		169.96,		197.02,		247.06,
963,		167.58,		198.05,		263.34,
964,		167.83,		198.00,		243.18,
965,		160.89,		200.30,		239.16,
966,		149.52,		195.96,		253.30,
967,		174.31,		198.28,		254.87,
968,		149.53,		190.25,		235.49,
969,		155.81,		195.40,		239.51,
970,		157.33,		198.88,		246.44,
971,		165.78,		200.20,		276.40,
972,		159.64,		200.76,		253.16,
973,		162.84,		201.88,		253.74,
974,		165.86,		201.45,		251.75,
975,		167.82,		200.97,		240.18,
976,		171.61,		201.28,		249.36,
977,		166.80,		201.42,		253.40,
978,		169.04,		201.92,		266.39,
979,		164.18,		201.80,		259.59,
980,		167.76,		201.69,		250.93,
981,		182.55,		201.59,		251.62,
982,		172.82,		201.90,		247.38,
983,		164.92,		200.75,		239.23,
984,		162.35,		200.84,		250.21,
985,		166.24,		200.34,		250.32,
986,		163.34,		200.25,		247.36,
987,		160.56,		199.93,		249.59,
988,		169.79,		199.82,		252.42,
989,		164.20,		200.25,		247.43,
990,		170.37,		200.28,		243.49,
991,		170.93,		200.16,		249.90,
992,		170.21,		200.09,		244.83,
993,		161.18,		199.87,		245.22,
994,		165.82,		200.54,		242.68,
995,		169.35,		200.39,		244.21,
996,		162.47,		201.41,		253.76,
997,		163.73,		205.55,		253.57,
998,		163.16,		203.68,		251.85,
999,		174.88,		202.04,		246.42,
