RANDOM_SEED, 1698990151
GEN,		MIN,				AVE,				MAX,			CONV,					CONV_ACT,
  0,		821.42772,		1043.32059,		1227.98094,				1.17699,				0.94460
  1,		842.25935,		1106.38302,		1228.20622,				1.11011,				0.94477
  2,		853.55652,		1130.52978,		1226.98558,				1.08532,				0.94384
  3,		859.82348,		1130.80167,		1219.90670,				1.07880,				0.93839
  4,		852.15263,		1172.55657,		1228.62441,				1.04782,				0.94510
  5,		890.93341,		1178.87638,		1233.44694,				1.04629,				0.94881
  6,		891.01301,		1182.57209,		1231.96108,				1.04176,				0.94766
  7,		906.23781,		1167.89548,		1229.25733,				1.05254,				0.94558
  8,		1058.42721,		1156.30079,		1235.67688,				1.06865,				0.95052
  9,		1091.55206,		1159.52603,		1230.75496,				1.06143,				0.94673
 10,		1086.67130,		1152.53840,		1231.67036,				1.06866,				0.94744
 11,		1087.31842,		1146.76876,		1221.68915,				1.06533,				0.93976
 12,		1085.53375,		1143.77098,		1209.50126,				1.05747,				0.93039
 13,		1086.24968,		1142.48845,		1205.49643,				1.05515,				0.92730
 14,		1081.82028,		1144.42032,		1175.09713,				1.02681,				0.90392
 15,		1085.76908,		1142.66724,		1172.98293,				1.02653,				0.90229
 16,		1081.12439,		1141.81675,		1180.53716,				1.03391,				0.90811
 17,		1092.72217,		1141.45971,		1180.36708,				1.03409,				0.90797
 18,		1078.14147,		1140.65463,		1175.09526,				1.03019,				0.90392
 19,		1075.15733,		1140.53216,		1179.17774,				1.03388,				0.90706
 20,		1087.14092,		1140.81165,		1180.20674,				1.03453,				0.90785
 21,		1083.67370,		1140.64493,		1178.14300,				1.03287,				0.90626
 22,		1082.29491,		1139.85125,		1181.85886,				1.03685,				0.90912
 23,		1084.21612,		1141.11438,		1175.02193,				1.02971,				0.90386
 24,		1089.11769,		1146.79806,		1188.99404,				1.03679,				0.91461
 25,		1083.14662,		1151.19767,		1188.89286,				1.03274,				0.91453
 26,		1097.38360,		1152.56698,		1189.03472,				1.03164,				0.91464
 27,		1082.32675,		1151.25721,		1185.44106,				1.02969,				0.91188
 28,		1083.99768,		1151.16760,		1186.29331,				1.03051,				0.91253
 29,		1090.71927,		1151.32559,		1185.00446,				1.02925,				0.91154
 30,		1094.68685,		1151.41838,		1192.25413,				1.03547,				0.91712
 31,		1084.96424,		1140.27022,		1174.49496,				1.03001,				0.90346
 32,		1093.31818,		1147.40431,		1190.03945,				1.03716,				0.91541
 33,		1070.72742,		1145.00855,		1179.74940,				1.03034,				0.90750
 34,		1072.88175,		1135.99532,		1184.09902,				1.04234,				0.91085
 35,		1071.96866,		1132.14207,		1183.87001,				1.04569,				0.91067
 36,		1072.72422,		1130.39899,		1179.68456,				1.04360,				0.90745
 37,		1073.66162,		1128.86731,		1175.46186,				1.04128,				0.90420
 38,		1062.36311,		1128.32922,		1186.52650,				1.05158,				0.91271
 39,		1077.19301,		1128.04044,		1178.87820,				1.04507,				0.90683
 40,		1070.47224,		1140.71987,		1186.16345,				1.03984,				0.91243
 41,		1074.68984,		1159.15014,		1193.76855,				1.02987,				0.91828
 42,		1072.37574,		1151.08517,		1211.39336,				1.05239,				0.93184
 43,		1070.74249,		1145.86625,		1213.88625,				1.05936,				0.93376
 44,		1071.94452,		1141.41051,		1188.18794,				1.04098,				0.91399
 45,		1071.14020,		1140.53712,		1186.72705,				1.04050,				0.91287
 46,		1077.47233,		1139.20278,		1186.96006,				1.04192,				0.91305
 47,		1082.21409,		1139.77674,		1192.66537,				1.04640,				0.91743
 48,		1086.53593,		1138.98578,		1181.15660,				1.03702,				0.90858
 49,		1093.17171,		1140.55166,		1203.02167,				1.05477,				0.92540
 50,		1084.14686,		1139.45302,		1202.22991,				1.05509,				0.92479
 51,		1086.87366,		1139.36053,		1200.07736,				1.05329,				0.92314
 52,		1093.69211,		1140.10411,		1198.33345,				1.05107,				0.92179
 53,		1094.41038,		1140.05635,		1176.78516,				1.03222,				0.90522
 54,		1091.84233,		1140.26524,		1186.87263,				1.04087,				0.91298
 55,		1081.86458,		1139.07649,		1172.64155,				1.02947,				0.90203
 56,		1076.13007,		1138.59401,		1172.30657,				1.02961,				0.90177
 57,		1079.67312,		1139.07128,		1179.75730,				1.03572,				0.90751
 58,		1081.45139,		1140.01634,		1174.28202,				1.03006,				0.90329
 59,		1084.44578,		1139.30178,		1170.57341,				1.02745,				0.90044
 60,		1086.36424,		1140.07161,		1163.74215,				1.02076,				0.89519
 61,		1084.02590,		1140.67173,		1174.41062,				1.02958,				0.90339
 62,		1088.53018,		1140.59291,		1176.71533,				1.03167,				0.90517
 63,		1088.60105,		1141.13878,		1178.05852,				1.03235,				0.90620
 64,		1091.04248,		1141.37217,		1185.63201,				1.03878,				0.91202
 65,		1096.58465,		1141.09052,		1176.08614,				1.03067,				0.90468
 66,		1091.27749,		1140.76764,		1169.01918,				1.02477,				0.89925
 67,		1085.18448,		1140.73150,		1180.26578,				1.03466,				0.90790
 68,		1085.42678,		1141.02015,		1178.86178,				1.03316,				0.90682
 69,		1076.39638,		1131.98473,		1185.57021,				1.04734,				0.91198
 70,		1050.45332,		1137.04910,		1175.91447,				1.03418,				0.90455
 71,		1057.67101,		1139.39372,		1175.68447,				1.03185,				0.90437
 72,		1060.20268,		1140.58683,		1171.05103,				1.02671,				0.90081
 73,		1058.69471,		1141.03606,		1179.13768,				1.03339,				0.90703
 74,		1089.56404,		1141.71808,		1177.02448,				1.03092,				0.90540
 75,		1043.77633,		1123.75640,		1174.76761,				1.04539,				0.90367
 76,		1044.31020,		1132.85342,		1180.07321,				1.04168,				0.90775
 77,		1080.81217,		1137.87492,		1176.66425,				1.03409,				0.90513
 78,		1082.36195,		1140.05134,		1177.40707,				1.03277,				0.90570
 79,		1090.81723,		1140.91194,		1181.91742,				1.03594,				0.90917
 80,		1081.70869,		1140.85363,		1184.86336,				1.03858,				0.91143
 81,		1080.97222,		1140.40626,		1180.92065,				1.03553,				0.90840
 82,		1076.49319,		1136.98688,		1178.09914,				1.03616,				0.90623
 83,		1074.61200,		1138.47600,		1173.82099,				1.03105,				0.90294
 84,		1083.71120,		1140.41282,		1174.95009,				1.03028,				0.90381
 85,		1057.88020,		1130.11731,		1177.54522,				1.04197,				0.90580
 86,		1058.29461,		1123.12385,		1173.27952,				1.04466,				0.90252
 87,		1049.73459,		1119.41319,		1174.09459,				1.04885,				0.90315
 88,		1059.98153,		1118.11117,		1172.41485,				1.04857,				0.90186
 89,		1060.05587,		1117.07033,		1170.17799,				1.04754,				0.90014
 90,		1065.65204,		1116.91835,		1152.11858,				1.03152,				0.88625
 91,		1067.43088,		1116.61870,		1145.45734,				1.02583,				0.88112
 92,		1061.88621,		1116.74355,		1147.39537,				1.02745,				0.88261
 93,		1062.64428,		1116.42448,		1153.20138,				1.03294,				0.88708
 94,		1043.78714,		1111.74430,		1152.13821,				1.03633,				0.88626
 95,		1056.03381,		1115.18519,		1160.27156,				1.04043,				0.89252
 96,		1038.06153,		1103.44559,		1153.68781,				1.04553,				0.88745
 97,		1057.66099,		1115.54075,		1150.78806,				1.03160,				0.88522
 98,		1022.81564,		1107.33855,		1157.58122,				1.04537,				0.89045
 99,		1047.95476,		1102.77966,		1147.10995,				1.04020,				0.88239
100,		1048.89900,		1119.50519,		1157.42405,				1.03387,				0.89033
101,		1058.59078,		1111.67043,		1158.30854,				1.04195,				0.89101
102,		1037.11693,		1125.15573,		1154.00935,				1.02564,				0.88770
103,		1040.85112,		1111.66172,		1165.83399,				1.04873,				0.89680
104,		1049.85227,		1105.09411,		1153.33888,				1.04366,				0.88718
105,		1041.56842,		1101.85917,		1153.25126,				1.04664,				0.88712
106,		1039.06506,		1120.04099,		1173.08630,				1.04736,				0.90237
107,		1062.89697,		1124.39505,		1166.88044,				1.03779,				0.89760
108,		1052.77760,		1110.76043,		1171.59124,				1.05477,				0.90122
109,		1037.86819,		1103.87891,		1150.36476,				1.04211,				0.88490
110,		1036.50005,		1110.13611,		1155.56748,				1.04092,				0.88890
111,		1065.20206,		1108.95469,		1156.10037,				1.04251,				0.88931
112,		1061.03507,		1113.68778,		1174.71521,				1.05480,				0.90363
113,		1069.78580,		1143.66485,		1199.35316,				1.04869,				0.92258
114,		1081.98999,		1147.71609,		1197.83065,				1.04366,				0.92141
115,		1079.86631,		1150.69632,		1203.46877,				1.04586,				0.92575
116,		1095.22777,		1161.56555,		1196.02549,				1.02967,				0.92002
117,		1083.29954,		1166.11833,		1211.43209,				1.03886,				0.93187
118,		1085.80610,		1166.65488,		1208.71130,				1.03605,				0.92978
119,		1097.97149,		1169.11135,		1205.87399,				1.03144,				0.92760
120,		1099.04106,		1168.32928,		1209.65683,				1.03537,				0.93051
121,		1098.75744,		1172.22541,		1209.70008,				1.03197,				0.93054
122,		1119.99461,		1175.57707,		1209.82904,				1.02914,				0.93064
123,		1112.13272,		1175.73493,		1214.52267,				1.03299,				0.93425
124,		1121.39461,		1174.00044,		1216.95907,				1.03659,				0.93612
125,		1115.57692,		1175.38690,		1220.77676,				1.03862,				0.93906
126,		1116.13001,		1175.85188,		1218.22095,				1.03603,				0.93709
127,		1120.04473,		1175.25497,		1213.57324,				1.03260,				0.93352
128,		1138.20320,		1175.06245,		1216.54236,				1.03530,				0.93580
129,		1122.55408,		1174.86731,		1214.79369,				1.03398,				0.93446
130,		1129.36693,		1175.13563,		1207.75411,				1.02776,				0.92904
131,		1107.85150,		1175.02790,		1220.19010,				1.03843,				0.93861
132,		1119.20092,		1172.92607,		1203.99589,				1.02649,				0.92615
133,		1116.20701,		1173.49400,		1200.85696,				1.02332,				0.92374
134,		1115.13041,		1174.05796,		1203.03468,				1.02468,				0.92541
135,		1123.04569,		1174.94846,		1208.86794,				1.02887,				0.92990
136,		1129.15077,		1172.01591,		1201.59044,				1.02523,				0.92430
137,		1119.51166,		1163.66417,		1216.62780,				1.04551,				0.93587
138,		1121.38262,		1165.39463,		1212.38306,				1.04032,				0.93260
139,		1093.90837,		1159.77766,		1208.62125,				1.04211,				0.92971
140,		1099.83617,		1156.38787,		1211.53456,				1.04769,				0.93195
141,		1095.75872,		1155.76389,		1201.68857,				1.03974,				0.92438
142,		1101.50571,		1154.47394,		1205.85687,				1.04451,				0.92758
143,		1101.57254,		1154.30973,		1186.28439,				1.02770,				0.91253
144,		1108.03687,		1154.70773,		1187.81566,				1.02867,				0.91370
145,		1102.81755,		1155.39185,		1189.03372,				1.02912,				0.91464
146,		1101.51730,		1155.63745,		1191.56921,				1.03109,				0.91659
147,		1104.94555,		1154.11064,		1193.20360,				1.03387,				0.91785
148,		1080.15338,		1154.72932,		1192.87820,				1.03304,				0.91760
149,		1090.59841,		1147.41395,		1188.29087,				1.03563,				0.91407
150,		1086.35626,		1153.18114,		1182.63576,				1.02554,				0.90972
151,		1105.17854,		1155.53132,		1185.72492,				1.02613,				0.91210
152,		1104.78168,		1156.61910,		1185.80709,				1.02524,				0.91216
153,		1093.01950,		1154.40982,		1185.08114,				1.02657,				0.91160
154,		1106.66713,		1156.09648,		1197.43157,				1.03575,				0.92110
155,		1111.72631,		1157.44425,		1184.96866,				1.02378,				0.91151
156,		1111.59466,		1157.59376,		1187.11091,				1.02550,				0.91316
157,		1087.26099,		1148.84728,		1181.94313,				1.02881,				0.90919
158,		1096.59925,		1150.18011,		1172.95651,				1.01980,				0.90227
159,		1085.72726,		1144.83853,		1172.38576,				1.02406,				0.90184
160,		1089.05522,		1142.66627,		1178.29422,				1.03118,				0.90638
161,		1082.28752,		1141.52883,		1184.57051,				1.03771,				0.91121
162,		1077.39827,		1142.00015,		1181.07555,				1.03422,				0.90852
163,		1093.46903,		1140.91635,		1162.24209,				1.01869,				0.89403
164,		1078.86726,		1140.44467,		1162.09949,				1.01899,				0.89392
165,		1089.82751,		1140.12099,		1168.17534,				1.02461,				0.89860
166,		1080.15877,		1140.59498,		1169.68545,				1.02550,				0.89976
167,		1050.81450,		1132.97632,		1175.75180,				1.03775,				0.90442
168,		1065.15447,		1139.78342,		1176.82823,				1.03250,				0.90525
169,		1058.33899,		1142.94827,		1173.50767,				1.02674,				0.90270
170,		1052.45110,		1140.64981,		1181.75106,				1.03603,				0.90904
171,		1077.85513,		1140.74842,		1179.49178,				1.03396,				0.90730
172,		1086.00575,		1142.13552,		1165.51285,				1.02047,				0.89655
173,		1074.57512,		1134.71785,		1169.60999,				1.03075,				0.89970
174,		1074.74993,		1130.86257,		1173.20494,				1.03744,				0.90247
175,		1076.39761,		1134.98450,		1162.87571,				1.02457,				0.89452
176,		1063.06476,		1129.16941,		1171.62694,				1.03760,				0.90125
177,		1060.95361,		1127.80144,		1174.38126,				1.04130,				0.90337
178,		1061.77822,		1126.04545,		1173.26705,				1.04194,				0.90251
179,		1051.84313,		1125.62706,		1196.55196,				1.06301,				0.92042
180,		1074.93746,		1125.29695,		1171.84487,				1.04137,				0.90142
181,		1075.54496,		1127.12528,		1167.18207,				1.03554,				0.89783
182,		1070.36237,		1125.41362,		1155.32308,				1.02658,				0.88871
183,		1024.13548,		1111.45459,		1151.90333,				1.03639,				0.88608
184,		1018.98949,		1094.19488,		1157.37639,				1.05774,				0.89029
185,		1024.14306,		1085.61021,		1154.49781,				1.06346,				0.88808
186,		1020.17142,		1082.28988,		1151.80474,				1.06423,				0.88600
187,		1029.50520,		1090.50009,		1167.50381,				1.07061,				0.89808
188,		1020.58711,		1108.19178,		1160.31582,				1.04704,				0.89255
189,		1013.20457,		1106.23938,		1170.67911,				1.05825,				0.90052
190,		1016.92595,		1091.43738,		1164.21456,				1.06668,				0.89555
191,		1015.94417,		1084.61866,		1165.93114,				1.07497,				0.89687
192,		1019.46769,		1088.65949,		1151.73769,				1.05794,				0.88595
193,		1016.00572,		1082.32723,		1150.59470,				1.06307,				0.88507
194,		984.34168,		1062.48186,		1141.13834,				1.07403,				0.87780
195,		1010.98057,		1054.40519,		1132.80237,				1.07435,				0.87139
196,		1020.52205,		1063.62278,		1139.10476,				1.07097,				0.87623
197,		1008.25939,		1070.31678,		1149.76783,				1.07423,				0.88444
198,		1009.32206,		1071.31924,		1139.42634,				1.06357,				0.87648
199,		1015.53571,		1072.91026,		1141.89041,				1.06429,				0.87838
200,		1011.97159,		1074.65257,		1123.34153,				1.04531,				0.86411
201,		1024.81357,		1084.67667,		1142.06419,				1.05291,				0.87851
202,		1034.93962,		1086.02682,		1130.97738,				1.04139,				0.86998
203,		1020.19946,		1081.81537,		1133.58349,				1.04785,				0.87199
204,		1020.87604,		1088.45894,		1136.00982,				1.04369,				0.87385
205,		1026.78064,		1082.66783,		1115.72281,				1.03053,				0.85825
206,		1042.93910,		1080.36292,		1128.18888,				1.04427,				0.86784
207,		1021.29632,		1078.92221,		1115.98952,				1.03436,				0.85845
208,		1009.97024,		1078.41645,		1130.29051,				1.04810,				0.86945
209,		1028.01093,		1078.28803,		1128.55397,				1.04662,				0.86812
210,		1018.99983,		1077.84802,		1125.44114,				1.04416,				0.86572
211,		1020.30655,		1077.57042,		1131.22126,				1.04979,				0.87017
212,		1009.46570,		1076.78417,		1119.85857,				1.04000,				0.86143
213,		1008.32681,		1077.49509,		1110.77166,				1.03088,				0.85444
214,		1010.77748,		1077.23925,		1130.24293,				1.04920,				0.86942
215,		1021.29886,		1077.64308,		1131.93105,				1.05038,				0.87072
216,		1020.87053,		1077.54148,		1125.42029,				1.04443,				0.86571
217,		1020.95341,		1077.55918,		1111.86111,				1.03183,				0.85528
218,		1024.77070,		1077.48410,		1129.60527,				1.04837,				0.86893
219,		1022.81347,		1077.45389,		1130.59699,				1.04932,				0.86969
220,		1018.32416,		1077.57656,		1126.65854,				1.04555,				0.86666
221,		1031.32739,		1078.77515,		1134.62183,				1.05177,				0.87279
222,		1025.12351,		1077.46852,		1120.58628,				1.04002,				0.86199
223,		1022.26319,		1077.57287,		1128.24763,				1.04703,				0.86788
224,		1044.63649,		1078.63553,		1127.77409,				1.04556,				0.86752
225,		1027.73043,		1078.65890,		1128.34979,				1.04607,				0.86796
226,		1017.72705,		1078.74041,		1129.83371,				1.04736,				0.86910
227,		1018.51378,		1078.70991,		1124.91768,				1.04284,				0.86532
228,		1021.79461,		1079.00955,		1128.19084,				1.04558,				0.86784
229,		1013.07874,		1079.25773,		1127.65617,				1.04484,				0.86743
230,		1025.96072,		1075.46342,		1133.56808,				1.05403,				0.87198
231,		972.27802,		1076.93351,		1123.75129,				1.04347,				0.86442
232,		1031.40657,		1077.91300,		1112.54266,				1.03213,				0.85580
233,		1046.04422,		1077.33151,		1115.30992,				1.03525,				0.85793
234,		1016.77750,		1074.26552,		1127.36682,				1.04943,				0.86721
235,		1027.16960,		1075.45696,		1132.45659,				1.05300,				0.87112
236,		1014.03123,		1076.68201,		1119.44102,				1.03971,				0.86111
237,		1012.84088,		1073.52965,		1115.79187,				1.03937,				0.85830
238,		1016.27192,		1075.24334,		1113.38589,				1.03547,				0.85645
239,		1022.49462,		1076.98269,		1129.65820,				1.04891,				0.86897
240,		1016.39089,		1077.72840,		1121.97233,				1.04105,				0.86306
241,		1010.28060,		1077.96135,		1132.64084,				1.05072,				0.87126
242,		1020.46826,		1067.99178,		1126.70498,				1.05498,				0.86670
243,		1012.18151,		1065.23742,		1125.66117,				1.05672,				0.86589
244,		1025.73778,		1060.58198,		1129.44740,				1.06493,				0.86881
245,		986.54416,		1055.79014,		1129.31550,				1.06964,				0.86870
246,		995.24453,		1053.15624,		1132.88440,				1.07570,				0.87145
247,		995.56109,		1049.03232,		1090.66732,				1.03969,				0.83897
248,		1027.01598,		1047.49956,		1085.76930,				1.03653,				0.83521
249,		995.43569,		1056.74262,		1108.05373,				1.04856,				0.85235
250,		1006.36999,		1057.10617,		1096.32424,				1.03710,				0.84333
251,		1011.87882,		1051.41035,		1106.17112,				1.05208,				0.85090
252,		1021.43249,		1059.91792,		1114.10923,				1.05113,				0.85701
253,		1011.08782,		1062.74411,		1110.82994,				1.04525,				0.85448
254,		1014.42028,		1065.41483,		1107.10702,				1.03913,				0.85162
255,		996.01163,		1066.45079,		1108.91682,				1.03982,				0.85301
256,		1005.30585,		1066.18229,		1105.60599,				1.03698,				0.85047
257,		1008.63968,		1067.32061,		1112.16260,				1.04201,				0.85551
258,		1016.23946,		1068.06733,		1119.12740,				1.04781,				0.86087
259,		1014.64467,		1067.01606,		1110.26082,				1.04053,				0.85405
260,		1008.61796,		1067.82635,		1105.26814,				1.03506,				0.85021
261,		1011.49569,		1067.24852,		1117.31314,				1.04691,				0.85947
262,		1012.18910,		1067.27048,		1104.69738,				1.03507,				0.84977
263,		1013.03462,		1067.80336,		1116.35095,				1.04546,				0.85873
264,		1015.74250,		1063.69282,		1126.67117,				1.05921,				0.86667
265,		1014.41267,		1065.18639,		1111.13542,				1.04314,				0.85472
266,		1009.30917,		1066.00431,		1110.00576,				1.04128,				0.85385
267,		1006.67785,		1065.45194,		1111.69122,				1.04340,				0.85515
268,		1010.01723,		1062.35076,		1110.99497,				1.04579,				0.85461
269,		994.26267,		1057.98093,		1093.70788,				1.03377,				0.84131
270,		1002.12284,		1055.97127,		1093.80142,				1.03582,				0.84139
271,		1002.55846,		1057.96388,		1101.04498,				1.04072,				0.84696
272,		1012.62273,		1062.05485,		1081.75089,				1.01855,				0.83212
273,		1022.58181,		1062.82230,		1114.89783,				1.04900,				0.85761
274,		1002.09385,		1058.64414,		1117.02591,				1.05515,				0.85925
275,		1010.83749,		1059.94856,		1119.69126,				1.05636,				0.86130
276,		1013.41142,		1057.36312,		1092.26043,				1.03300,				0.84020
277,		1009.78314,		1058.84748,		1115.83142,				1.05382,				0.85833
278,		1014.04493,		1063.32875,		1120.92213,				1.05416,				0.86225
279,		1010.29313,		1068.26572,		1118.46838,				1.04699,				0.86036
280,		1013.39962,		1070.50120,		1114.42013,				1.04103,				0.85725
281,		1023.18052,		1071.83067,		1110.35439,				1.03594,				0.85412
282,		1039.56813,		1072.98869,		1116.14641,				1.04022,				0.85857
283,		1005.25847,		1074.12396,		1120.32310,				1.04301,				0.86179
284,		1040.08328,		1075.26749,		1120.80624,				1.04235,				0.86216
285,		1022.91304,		1072.82328,		1121.90530,				1.04575,				0.86300
286,		1014.53681,		1080.70898,		1124.39803,				1.04043,				0.86492
287,		1005.74311,		1079.07057,		1119.94177,				1.03788,				0.86149
288,		1020.97622,		1080.69930,		1119.93218,				1.03630,				0.86149
289,		1031.53833,		1081.49205,		1123.84761,				1.03916,				0.86450
290,		1027.39867,		1076.20671,		1120.92198,				1.04155,				0.86225
291,		1025.35783,		1078.31897,		1117.95866,				1.03676,				0.85997
292,		1018.41194,		1078.07419,		1103.58368,				1.02366,				0.84891
293,		1018.29905,		1079.68904,		1115.80588,				1.03345,				0.85831
294,		1021.22729,		1079.99231,		1117.22354,				1.03447,				0.85940
295,		1055.07143,		1082.79640,		1124.95254,				1.03893,				0.86535
296,		1025.09549,		1084.61340,		1129.55666,				1.04144,				0.86889
297,		1023.10206,		1084.74761,		1116.72829,				1.02948,				0.85902
298,		1038.33533,		1085.59456,		1121.82216,				1.03337,				0.86294
299,		1032.23330,		1085.88333,		1113.99428,				1.02589,				0.85692
300,		1026.42575,		1086.25546,		1127.68902,				1.03814,				0.86745
301,		1027.08610,		1086.21182,		1134.23510,				1.04421,				0.87249
302,		1057.92576,		1084.82650,		1118.44524,				1.03099,				0.86034
303,		1056.25712,		1083.64324,		1114.47509,				1.02845,				0.85729
304,		1028.33996,		1083.41410,		1126.01538,				1.03932,				0.86617
305,		1050.45691,		1084.02155,		1122.17847,				1.03520,				0.86321
306,		1058.07053,		1084.28145,		1131.54157,				1.04359,				0.87042
307,		1057.96620,		1084.12091,		1130.63564,				1.04291,				0.86972
308,		1057.39697,		1083.62791,		1118.58884,				1.03226,				0.86045
309,		1024.57658,		1083.61445,		1133.94636,				1.04645,				0.87227
310,		1053.25915,		1084.01557,		1129.81193,				1.04225,				0.86909
311,		1024.97740,		1083.32603,		1125.38097,				1.03882,				0.86568
312,		1029.77838,		1083.85627,		1127.83817,				1.04058,				0.86757
313,		1034.82004,		1082.88386,		1113.01772,				1.02783,				0.85617
314,		1044.64240,		1083.40764,		1122.15353,				1.03576,				0.86320
315,		1024.82212,		1083.26816,		1127.86020,				1.04116,				0.86758
316,		1031.64475,		1082.90506,		1133.76956,				1.04697,				0.87213
317,		1020.72817,		1082.57666,		1114.09529,				1.02911,				0.85700
318,		1024.87901,		1081.12246,		1121.64597,				1.03748,				0.86280
319,		1022.56501,		1080.02185,		1124.14296,				1.04085,				0.86473
320,		1020.71168,		1080.25281,		1126.90447,				1.04319,				0.86685
321,		1051.90428,		1081.88061,		1126.85634,				1.04157,				0.86681
322,		1051.71527,		1088.41422,		1148.33393,				1.05505,				0.88333
323,		1056.67131,		1093.85218,		1155.39853,				1.05627,				0.88877
324,		1058.61922,		1087.35936,		1150.83437,				1.05838,				0.88526
325,		1056.12945,		1098.97003,		1155.71151,				1.05163,				0.88901
326,		1069.27322,		1122.48670,		1173.54661,				1.04549,				0.90273
327,		1048.43739,		1125.36925,		1178.39985,				1.04712,				0.90646
328,		1047.85683,		1122.63350,		1170.72830,				1.04284,				0.90056
329,		1054.59951,		1124.13635,		1165.06222,				1.03641,				0.89620
330,		1049.85351,		1118.79349,		1163.16105,				1.03966,				0.89474
331,		1058.53205,		1118.02265,		1148.88267,				1.02760,				0.88376
332,		1005.18378,		1103.08881,		1161.44078,				1.05290,				0.89342
333,		1046.95767,		1124.79537,		1162.61130,				1.03362,				0.89432
334,		1049.36218,		1126.59220,		1181.55325,				1.04879,				0.90889
335,		1057.31210,		1134.24290,		1169.87368,				1.03141,				0.89990
336,		1063.49882,		1130.44094,		1161.84563,				1.02778,				0.89373
337,		1071.52664,		1127.01538,		1169.15242,				1.03739,				0.89935
338,		1038.30652,		1107.03105,		1161.35140,				1.04907,				0.89335
339,		1067.14051,		1118.31380,		1163.21892,				1.04015,				0.89478
340,		1060.99699,		1119.89255,		1156.54946,				1.03273,				0.88965
341,		1068.94555,		1123.96911,		1166.84842,				1.03815,				0.89758
342,		1064.59030,		1121.77303,		1162.16348,				1.03601,				0.89397
343,		1075.76191,		1124.62552,		1153.40551,				1.02559,				0.88724
344,		1074.19437,		1121.62037,		1154.80022,				1.02958,				0.88831
345,		1068.45902,		1124.06862,		1156.75654,				1.02908,				0.88981
346,		1063.99921,		1122.59302,		1157.56923,				1.03116,				0.89044
347,		1074.65113,		1123.11362,		1151.64240,				1.02540,				0.88588
348,		1062.68480,		1121.52415,		1147.83189,				1.02346,				0.88295
349,		1053.72814,		1124.21882,		1149.83076,				1.02278,				0.88449
350,		1067.69861,		1119.55484,		1149.81686,				1.02703,				0.88447
351,		1066.03348,		1123.68860,		1153.79903,				1.02680,				0.88754
352,		1059.73125,		1120.01777,		1145.55631,				1.02280,				0.88120
353,		1060.23463,		1120.27529,		1149.08979,				1.02572,				0.88392
354,		1057.23255,		1117.50046,		1145.98236,				1.02549,				0.88152
355,		1060.62960,		1118.88327,		1159.42871,				1.03624,				0.89187
356,		1058.86334,		1117.33162,		1158.95641,				1.03725,				0.89150
357,		1062.65129,		1115.11180,		1159.58399,				1.03988,				0.89199
358,		1062.61407,		1114.98912,		1156.84506,				1.03754,				0.88988
359,		1075.48909,		1114.45206,		1155.46276,				1.03680,				0.88882
360,		1043.89790,		1113.40603,		1150.76649,				1.03356,				0.88520
361,		1052.30478,		1128.01665,		1161.43407,				1.02962,				0.89341
362,		1056.06151,		1122.19752,		1176.65809,				1.04853,				0.90512
363,		1037.08126,		1123.79217,		1171.87700,				1.04279,				0.90144
364,		1057.94312,		1120.26584,		1173.76721,				1.04776,				0.90290
365,		1055.75765,		1116.69656,		1171.53568,				1.04911,				0.90118
366,		1063.74532,		1115.60581,		1171.41057,				1.05002,				0.90109
367,		1075.83029,		1115.39649,		1158.98434,				1.03908,				0.89153
368,		1071.04552,		1114.81670,		1170.25574,				1.04973,				0.90020
369,		1065.72068,		1114.93093,		1166.86942,				1.04658,				0.89759
370,		1075.31951,		1113.98318,		1163.88256,				1.04479,				0.89529
371,		1062.79094,		1114.90636,		1151.29978,				1.03264,				0.88562
372,		1058.45376,		1114.16800,		1154.95478,				1.03661,				0.88843
373,		1057.24952,		1113.78215,		1143.48502,				1.02667,				0.87960
374,		1058.20957,		1113.78630,		1152.06193,				1.03437,				0.88620
375,		1052.70410,		1113.94794,		1142.87814,				1.02597,				0.87914
376,		1059.21289,		1113.89693,		1140.89646,				1.02424,				0.87761
377,		1055.19796,		1113.99096,		1142.67862,				1.02575,				0.87898
378,		1056.60335,		1113.45262,		1136.69981,				1.02088,				0.87438
379,		1053.80501,		1113.05932,		1136.53741,				1.02109,				0.87426
380,		1053.67798,		1112.27615,		1149.32209,				1.03331,				0.88409
381,		1053.55013,		1112.23513,		1151.20318,				1.03504,				0.88554
382,		1061.16293,		1113.04812,		1156.89418,				1.03939,				0.88992
383,		1067.13694,		1113.18412,		1150.81504,				1.03380,				0.88524
384,		1052.83414,		1112.87468,		1153.35818,				1.03638,				0.88720
385,		1054.49478,		1112.80397,		1151.26713,				1.03456,				0.88559
386,		1058.12553,		1115.28142,		1144.72257,				1.02640,				0.88056
387,		1056.78973,		1116.54449,		1145.25138,				1.02571,				0.88096
388,		1057.84867,		1117.66362,		1151.57439,				1.03034,				0.88583
389,		1038.78758,		1115.81944,		1154.19111,				1.03439,				0.88784
390,		1048.38766,		1109.58198,		1137.79142,				1.02542,				0.87522
391,		1066.18617,		1113.95158,		1146.00002,				1.02877,				0.88154
392,		1064.06490,		1108.61520,		1138.85157,				1.02727,				0.87604
393,		1066.71494,		1114.96130,		1153.84510,				1.03487,				0.88757
394,		1068.44780,		1110.48346,		1146.28614,				1.03224,				0.88176
395,		1046.48767,		1106.90820,		1136.76348,				1.02697,				0.87443
396,		1044.67770,		1109.98993,		1146.54435,				1.03293,				0.88196
397,		1050.25474,		1106.54994,		1141.03839,				1.03117,				0.87772
398,		1054.28308,		1105.52479,		1134.04841,				1.02580,				0.87234
399,		1064.18663,		1105.13701,		1136.63949,				1.02851,				0.87434
400,		1043.14029,		1104.38927,		1138.62086,				1.03100,				0.87586
401,		1068.71131,		1112.83020,		1142.38332,				1.02656,				0.87876
402,		1071.82328,		1112.75164,		1138.21449,				1.02288,				0.87555
403,		1070.95049,		1108.50505,		1141.07226,				1.02938,				0.87775
404,		1044.36131,		1106.01170,		1168.57633,				1.05657,				0.89890
405,		1053.12675,		1108.98019,		1144.50229,				1.03203,				0.88039
406,		1066.09587,		1110.23826,		1151.47806,				1.03714,				0.88575
407,		1065.50835,		1110.07573,		1154.81842,				1.04031,				0.88832
408,		1044.12414,		1107.69504,		1147.49074,				1.03593,				0.88269
409,		1044.14142,		1105.47059,		1137.29301,				1.02879,				0.87484
410,		1038.05005,		1107.94033,		1140.71358,				1.02958,				0.87747
411,		1041.83178,		1108.79278,		1146.20380,				1.03374,				0.88170
412,		1045.46455,		1108.83028,		1145.10639,				1.03272,				0.88085
413,		1044.19346,		1109.51926,		1143.74899,				1.03085,				0.87981
414,		1049.17024,		1109.87009,		1141.91789,				1.02888,				0.87840
415,		1051.28398,		1109.64319,		1136.14446,				1.02388,				0.87396
416,		1045.77102,		1109.39769,		1137.00400,				1.02488,				0.87462
417,		1047.15690,		1109.64714,		1145.47392,				1.03229,				0.88113
418,		1078.24397,		1108.29274,		1135.38400,				1.02444,				0.87337
419,		1039.69733,		1107.15421,		1146.18196,				1.03525,				0.88168
420,		1044.99888,		1105.81559,		1141.38192,				1.03216,				0.87799
421,		1044.47915,		1107.40042,		1138.70138,				1.02827,				0.87592
422,		1046.89530,		1106.81641,		1143.92308,				1.03353,				0.87994
423,		1061.89144,		1105.88375,		1140.40787,				1.03122,				0.87724
424,		1050.86123,		1108.14725,		1143.80604,				1.03218,				0.87985
425,		1044.53915,		1106.60250,		1145.38775,				1.03505,				0.88107
426,		1056.02326,		1104.61750,		1142.93486,				1.03469,				0.87918
427,		1060.48265,		1104.66302,		1138.40072,				1.03054,				0.87569
428,		1056.58767,		1103.54312,		1140.42305,				1.03342,				0.87725
429,		1045.01999,		1112.95620,		1140.49005,				1.02474,				0.87730
430,		1059.68180,		1112.44595,		1137.77542,				1.02277,				0.87521
431,		1047.52573,		1111.73268,		1150.54906,				1.03492,				0.88504
432,		1037.99492,		1117.43871,		1149.08165,				1.02832,				0.88391
433,		1047.38176,		1120.05865,		1153.09415,				1.02949,				0.88700
434,		1063.63425,		1122.06793,		1158.03030,				1.03205,				0.89079
435,		1062.83228,		1121.81054,		1150.40682,				1.02549,				0.88493
436,		1055.69427,		1122.13363,		1158.65883,				1.03255,				0.89128
437,		1053.55486,		1122.47034,		1160.60088,				1.03397,				0.89277
438,		1051.83908,		1122.73128,		1153.52785,				1.02743,				0.88733
439,		1068.63308,		1123.33472,		1154.87103,				1.02807,				0.88836
440,		1067.21991,		1122.90697,		1160.21493,				1.03322,				0.89247
441,		1083.31767,		1125.50739,		1162.49019,				1.03286,				0.89422
442,		1066.32834,		1124.71754,		1164.79849,				1.03564,				0.89600
443,		1063.70016,		1128.84436,		1171.53895,				1.03782,				0.90118
444,		1064.17564,		1126.18467,		1173.91315,				1.04238,				0.90301
445,		1077.09390,		1132.01863,		1174.65840,				1.03767,				0.90358
446,		1081.78404,		1127.56098,		1170.83108,				1.03837,				0.90064
447,		1064.01444,		1127.87646,		1163.47271,				1.03156,				0.89498
448,		1084.51025,		1128.73813,		1166.06388,				1.03307,				0.89697
449,		1076.44542,		1125.70658,		1162.04383,				1.03228,				0.89388
450,		1087.09840,		1137.85481,		1166.58420,				1.02525,				0.89737
451,		1072.37251,		1136.45293,		1177.00813,				1.03569,				0.90539
452,		1074.04356,		1134.04334,		1178.37099,				1.03909,				0.90644
453,		1098.15834,		1130.99798,		1171.65059,				1.03594,				0.90127
454,		1062.83082,		1141.03427,		1183.36443,				1.03710,				0.91028
455,		1073.67299,		1138.14890,		1188.48362,				1.04423,				0.91422
456,		1098.02260,		1143.60543,		1179.67181,				1.03154,				0.90744
457,		1087.99716,		1144.11556,		1183.43853,				1.03437,				0.91034
458,		1117.40786,		1147.42989,		1187.97978,				1.03534,				0.91383
459,		1088.48228,		1148.91940,		1192.44344,				1.03788,				0.91726
460,		1094.18433,		1146.79202,		1187.02862,				1.03509,				0.91310
461,		1096.75338,		1150.89932,		1185.24044,				1.02984,				0.91172
462,		1085.19976,		1147.75559,		1176.42090,				1.02498,				0.90494
463,		1109.93416,		1149.64467,		1191.61524,				1.03651,				0.91663
464,		1103.91099,		1148.21321,		1189.90030,				1.03631,				0.91531
465,		1091.48612,		1147.84916,		1172.71195,				1.02166,				0.90209
466,		1086.46852,		1145.89529,		1174.38056,				1.02486,				0.90337
467,		1089.73924,		1145.54734,		1187.27391,				1.03643,				0.91329
468,		1086.48342,		1145.23917,		1187.00982,				1.03647,				0.91308
469,		1084.43930,		1144.89098,		1182.91553,				1.03321,				0.90994
470,		1083.34164,		1145.60888,		1178.86454,				1.02903,				0.90682
471,		1089.03901,		1146.13174,		1184.37719,				1.03337,				0.91106
472,		1087.82935,		1146.29567,		1187.56492,				1.03600,				0.91351
473,		1093.14756,		1144.86713,		1167.03198,				1.01936,				0.89772
474,		1088.91606,		1145.76928,		1168.10748,				1.01950,				0.89854
475,		1087.54398,		1145.38193,		1181.58700,				1.03161,				0.90891
476,		1085.86969,		1144.16379,		1183.03083,				1.03397,				0.91002
477,		1085.71558,		1143.29973,		1176.68508,				1.02920,				0.90514
478,		1087.75369,		1143.76574,		1179.90026,				1.03159,				0.90762
479,		1107.82677,		1140.73129,		1184.78601,				1.03862,				0.91137
480,		1084.15218,		1143.19324,		1184.51772,				1.03615,				0.91117
481,		1093.09752,		1143.13888,		1173.52160,				1.02658,				0.90271
482,		1047.60145,		1141.99063,		1174.53523,				1.02850,				0.90349
483,		1101.72831,		1142.53103,		1208.90399,				1.05809,				0.92993
484,		1087.98592,		1141.81484,		1197.67046,				1.04892,				0.92128
485,		1077.75045,		1142.17289,		1205.98083,				1.05587,				0.92768
486,		1078.05559,		1141.87475,		1177.08652,				1.03084,				0.90545
487,		1086.37021,		1148.63468,		1179.47489,				1.02685,				0.90729
488,		1086.09520,		1145.44275,		1177.35437,				1.02786,				0.90566
489,		1080.49618,		1143.06186,		1190.61835,				1.04160,				0.91586
490,		1080.69030,		1138.89427,		1173.33103,				1.03024,				0.90256
491,		1085.41414,		1139.64040,		1171.70877,				1.02814,				0.90131
492,		1083.53519,		1138.80548,		1178.74360,				1.03507,				0.90673
493,		1102.50872,		1140.33175,		1179.17189,				1.03406,				0.90706
494,		1092.60804,		1138.74689,		1183.00641,				1.03887,				0.91000
495,		1092.82379,		1129.18291,		1174.49543,				1.04013,				0.90346
496,		1088.36807,		1135.98437,		1171.47808,				1.03124,				0.90114
497,		1055.95673,		1122.79159,		1170.60071,				1.04258,				0.90046
498,		1049.30363,		1133.46754,		1167.76600,				1.03026,				0.89828
499,		1090.10279,		1138.10328,		1173.89097,				1.03145,				0.90299
500,		1069.65082,		1131.40128,		1182.44523,				1.04512,				0.90957
501,		1070.68784,		1134.41029,		1181.24660,				1.04129,				0.90865
502,		1070.63561,		1137.68903,		1178.46333,				1.03584,				0.90651
503,		1079.43456,		1137.84601,		1182.77737,				1.03949,				0.90983
504,		1077.95036,		1140.05677,		1177.65784,				1.03298,				0.90589
505,		1073.22268,		1136.24801,		1170.32738,				1.02999,				0.90025
506,		1077.83585,		1139.79237,		1181.29495,				1.03641,				0.90869
507,		1100.76143,		1136.56720,		1173.59043,				1.03257,				0.90276
508,		1079.77643,		1138.18275,		1175.32056,				1.03263,				0.90409
509,		1083.69198,		1135.58743,		1179.10615,				1.03832,				0.90700
510,		1099.85356,		1134.35194,		1168.26400,				1.02990,				0.89866
511,		1075.69061,		1133.25046,		1168.77332,				1.03135,				0.89906
512,		1101.32504,		1134.82530,		1171.04417,				1.03192,				0.90080
513,		1080.42357,		1135.25564,		1172.37635,				1.03270,				0.90183
514,		1086.87751,		1133.92288,		1170.56615,				1.03232,				0.90044
515,		1080.44375,		1133.40810,		1172.11271,				1.03415,				0.90163
516,		1075.48077,		1132.64809,		1167.10508,				1.03042,				0.89777
517,		1075.36438,		1132.89028,		1165.67342,				1.02894,				0.89667
518,		1094.92954,		1133.26912,		1172.79323,				1.03488,				0.90215
519,		1080.63423,		1132.54019,		1170.79584,				1.03378,				0.90061
520,		1091.93996,		1133.08376,		1171.53063,				1.03393,				0.90118
521,		1092.95461,		1133.45886,		1171.46785,				1.03353,				0.90113
522,		1075.82126,		1134.06270,		1162.25583,				1.02486,				0.89404
523,		1081.06536,		1133.10162,		1167.77083,				1.03060,				0.89829
524,		1099.42966,		1133.35276,		1163.94218,				1.02699,				0.89534
525,		1081.49700,		1133.36320,		1169.62299,				1.03199,				0.89971
526,		1080.40479,		1135.40861,		1167.52026,				1.02828,				0.89809
527,		1076.20256,		1134.52977,		1164.36920,				1.02630,				0.89567
528,		1073.36751,		1134.02172,		1169.12268,				1.03095,				0.89933
529,		1074.59483,		1133.60802,		1164.39135,				1.02716,				0.89569
530,		1078.10783,		1133.40000,		1166.49655,				1.02920,				0.89731
531,		1101.31000,		1134.63109,		1170.00674,				1.03118,				0.90001
532,		1110.10006,		1133.53863,		1169.20996,				1.03147,				0.89939
533,		1076.75098,		1133.11297,		1169.33554,				1.03197,				0.89949
534,		1081.47708,		1133.00488,		1185.26400,				1.04612,				0.91174
535,		1075.69913,		1132.50843,		1165.23649,				1.02890,				0.89634
536,		1072.96862,		1132.37252,		1165.69557,				1.02943,				0.89669
537,		1073.51487,		1131.05762,		1174.96213,				1.03882,				0.90382
538,		1074.32177,		1131.60149,		1171.56028,				1.03531,				0.90120
539,		1102.71072,		1132.04810,		1167.73099,				1.03152,				0.89825
540,		1091.85764,		1130.88276,		1171.20602,				1.03566,				0.90093
541,		1099.26898,		1131.57282,		1160.07218,				1.02519,				0.89236
542,		1069.01151,		1130.65330,		1166.65202,				1.03184,				0.89742
543,		1071.32223,		1130.16827,		1158.37235,				1.02496,				0.89106
544,		1076.68356,		1130.19414,		1170.34777,				1.03553,				0.90027
545,		1075.19397,		1130.02654,		1167.55305,				1.03321,				0.89812
546,		1074.14403,		1129.12976,		1169.78557,				1.03601,				0.89984
547,		1072.85836,		1129.59165,		1170.07543,				1.03584,				0.90006
548,		1074.26288,		1129.50063,		1171.87952,				1.03752,				0.90145
549,		1070.00014,		1129.78515,		1165.40068,				1.03152,				0.89646
550,		1081.26427,		1129.40189,		1174.19347,				1.03966,				0.90323
551,		1067.94600,		1129.69268,		1177.11555,				1.04198,				0.90547
552,		1059.15626,		1123.90792,		1167.42621,				1.03872,				0.89802
553,		1058.08147,		1125.29358,		1164.92472,				1.03522,				0.89610
554,		1057.23010,		1121.23016,		1172.69131,				1.04590,				0.90207
555,		1087.84063,		1124.32723,		1165.65595,				1.03676,				0.89666
556,		1066.05428,		1125.95529,		1164.10170,				1.03388,				0.89546
557,		1062.88882,		1126.35885,		1167.31230,				1.03636,				0.89793
558,		1069.51930,		1126.56084,		1164.01052,				1.03324,				0.89539
559,		1067.93519,		1126.73167,		1172.01405,				1.04019,				0.90155
560,		1066.79276,		1126.81630,		1167.23279,				1.03587,				0.89787
561,		1073.37933,		1126.56952,		1161.62801,				1.03112,				0.89356
562,		1061.31201,		1126.55823,		1166.68549,				1.03562,				0.89745
563,		1064.16154,		1127.39226,		1141.78615,				1.01277,				0.87830
564,		1065.47688,		1126.67781,		1148.21217,				1.01911,				0.88324
565,		1068.55498,		1127.18110,		1144.56930,				1.01543,				0.88044
566,		1076.94229,		1128.18970,		1146.59571,				1.01631,				0.88200
567,		1074.68783,		1128.73424,		1152.95569,				1.02146,				0.88689
568,		1074.08336,		1128.57950,		1158.70661,				1.02669,				0.89131
569,		1087.27028,		1128.38734,		1163.22391,				1.03087,				0.89479
570,		1095.25761,		1128.54697,		1163.38269,				1.03087,				0.89491
571,		1070.05629,		1127.68164,		1167.27319,				1.03511,				0.89790
572,		1062.36972,		1128.08829,		1164.73621,				1.03249,				0.89595
573,		1050.81793,		1128.23220,		1167.97775,				1.03523,				0.89844
574,		1074.15908,		1129.01711,		1163.81173,				1.03082,				0.89524
575,		1078.99032,		1128.19169,		1165.99010,				1.03350,				0.89692
576,		1079.03716,		1128.70353,		1164.69009,				1.03188,				0.89592
577,		1093.12413,		1123.05166,		1167.44241,				1.03953,				0.89803
578,		1081.12300,		1115.88268,		1161.75931,				1.04111,				0.89366
579,		1074.03352,		1123.58867,		1159.75325,				1.03219,				0.89212
580,		1048.26232,		1114.86625,		1162.91450,				1.04310,				0.89455
581,		1047.49031,		1111.03512,		1162.91110,				1.04669,				0.89455
582,		1056.53010,		1112.02329,		1156.45530,				1.03996,				0.88958
583,		1046.99963,		1112.29999,		1150.24276,				1.03411,				0.88480
584,		1079.46813,		1110.52404,		1146.99454,				1.03284,				0.88230
585,		1066.59458,		1108.65082,		1147.25710,				1.03482,				0.88251
586,		1055.44190,		1111.03729,		1146.53599,				1.03195,				0.88195
587,		1079.35861,		1112.40162,		1146.46001,				1.03062,				0.88189
588,		1050.16157,		1113.13518,		1144.15503,				1.02787,				0.88012
589,		1046.69168,		1113.56446,		1154.42157,				1.03669,				0.88802
590,		1054.57334,		1113.93009,		1150.26730,				1.03262,				0.88482
591,		1057.12545,		1113.64903,		1142.99448,				1.02635,				0.87923
592,		1054.59160,		1122.52414,		1172.49891,				1.04452,				0.90192
593,		1043.77837,		1115.06723,		1167.04692,				1.04662,				0.89773
594,		1053.96650,		1114.79680,		1147.17480,				1.02904,				0.88244
595,		1056.05878,		1122.25088,		1165.58971,				1.03862,				0.89661
596,		1051.25972,		1124.41171,		1168.89638,				1.03956,				0.89915
597,		1055.88875,		1127.58268,		1167.46539,				1.03537,				0.89805
598,		1057.53456,		1128.96630,		1161.23373,				1.02858,				0.89326
599,		1064.93018,		1132.54161,		1172.01264,				1.03485,				0.90155
600,		1078.28514,		1123.01557,		1170.97850,				1.04271,				0.90075
601,		1068.28909,		1112.13600,		1148.15437,				1.03239,				0.88320
602,		1066.69162,		1114.02830,		1175.47051,				1.05515,				0.90421
603,		1063.66479,		1121.73961,		1158.26180,				1.03256,				0.89097
604,		1063.95904,		1111.74219,		1152.83793,				1.03697,				0.88680
605,		1061.55577,		1121.13571,		1169.48957,				1.04313,				0.89961
606,		1065.33336,		1118.32102,		1165.51315,				1.04220,				0.89655
607,		1049.06192,		1117.62164,		1168.20949,				1.04526,				0.89862
608,		1049.44364,		1115.12166,		1162.64317,				1.04262,				0.89434
609,		1068.28971,		1121.86021,		1149.40358,				1.02455,				0.88416
610,		1062.08192,		1121.40224,		1159.48360,				1.03396,				0.89191
611,		1041.61686,		1117.56751,		1153.33305,				1.03200,				0.88718
612,		1046.41489,		1115.47381,		1149.05467,				1.03010,				0.88389
613,		1057.37280,		1114.80181,		1162.44999,				1.04274,				0.89419
614,		1054.72473,		1121.35633,		1158.17029,				1.03283,				0.89090
615,		1053.56445,		1117.65497,		1158.60743,				1.03664,				0.89124
616,		1060.14108,		1116.00625,		1163.05737,				1.04216,				0.89466
617,		1062.09189,		1112.74107,		1165.77364,				1.04766,				0.89675
618,		1060.60136,		1113.18482,		1150.68492,				1.03369,				0.88514
619,		1057.03481,		1113.47281,		1154.59590,				1.03693,				0.88815
620,		1059.57412,		1103.73609,		1146.28357,				1.03855,				0.88176
621,		1035.82448,		1098.78419,		1139.08573,				1.03668,				0.87622
622,		1049.14447,		1097.16475,		1121.71520,				1.02238,				0.86286
623,		1038.67431,		1096.24982,		1136.28094,				1.03652,				0.87406
624,		1041.58896,		1095.33053,		1128.25861,				1.03006,				0.86789
625,		1037.32117,		1100.23320,		1135.32187,				1.03189,				0.87332
626,		1039.10053,		1103.14817,		1135.06467,				1.02893,				0.87313
627,		1041.36034,		1113.43086,		1162.72009,				1.04427,				0.89440
628,		1051.73715,		1110.28985,		1161.20521,				1.04586,				0.89323
629,		1067.84158,		1108.25541,		1137.64272,				1.02652,				0.87511
630,		1069.11360,		1109.41981,		1150.30542,				1.03685,				0.88485
631,		1054.73322,		1110.03870,		1141.93758,				1.02874,				0.87841
632,		1049.37354,		1110.36868,		1148.10796,				1.03399,				0.88316
633,		1055.46385,		1108.89054,		1147.89884,				1.03518,				0.88300
634,		1046.02958,		1107.33137,		1150.70170,				1.03917,				0.88516
635,		1040.43351,		1106.69203,		1142.77389,				1.03260,				0.87906
636,		1074.16740,		1106.70475,		1138.83288,				1.02903,				0.87603
637,		1075.56394,		1106.53300,		1146.36513,				1.03600,				0.88182
638,		1076.61032,		1106.33436,		1143.60859,				1.03369,				0.87970
639,		1046.63105,		1105.84394,		1126.17335,				1.01838,				0.86629
640,		1049.77414,		1105.84189,		1135.46383,				1.02679,				0.87343
641,		1049.30629,		1105.93919,		1142.85312,				1.03338,				0.87912
642,		1048.78951,		1105.87980,		1134.57614,				1.02595,				0.87275
643,		1050.20240,		1105.42681,		1139.54397,				1.03086,				0.87657
644,		1043.70829,		1105.89149,		1144.34388,				1.03477,				0.88026
645,		1052.84905,		1106.19337,		1140.56161,				1.03107,				0.87736
646,		1049.79069,		1106.18114,		1146.71382,				1.03664,				0.88209
647,		1048.93902,		1106.19588,		1137.97328,				1.02873,				0.87536
648,		1062.92098,		1106.27554,		1144.42720,				1.03449,				0.88033
649,		1066.20849,		1105.85125,		1149.67865,				1.03963,				0.88437
650,		1047.66689,		1100.71753,		1142.16698,				1.03766,				0.87859
651,		1054.99689,		1101.13899,		1136.12791,				1.03178,				0.87394
652,		1061.65398,		1103.81115,		1138.94402,				1.03183,				0.87611
653,		1057.21669,		1104.88643,		1153.97297,				1.04443,				0.88767
654,		1054.03478,		1106.25878,		1141.09083,				1.03149,				0.87776
655,		1049.73744,		1105.58051,		1152.55296,				1.04249,				0.88658
656,		1052.35552,		1099.92140,		1144.93064,				1.04092,				0.88072
657,		1050.44138,		1098.63339,		1143.34889,				1.04070,				0.87950
658,		1056.56017,		1102.13324,		1136.89760,				1.03154,				0.87454
659,		1044.43147,		1098.01411,		1133.49082,				1.03231,				0.87192
660,		1037.70408,		1102.08578,		1147.33807,				1.04106,				0.88257
661,		1037.00307,		1103.79266,		1143.52671,				1.03600,				0.87964
662,		1040.59260,		1105.20111,		1146.20983,				1.03711,				0.88170
663,		1062.82726,		1104.01940,		1133.51544,				1.02672,				0.87193
664,		1066.94875,		1104.88174,		1140.63771,				1.03236,				0.87741
665,		1059.21043,		1105.98846,		1135.65797,				1.02683,				0.87358
666,		1048.54767,		1106.73795,		1144.04423,				1.03371,				0.88003
667,		1022.23010,		1105.78291,		1130.10047,				1.02199,				0.86931
668,		1047.77312,		1106.71497,		1139.49315,				1.02962,				0.87653
669,		1057.98202,		1106.32482,		1139.53009,				1.03001,				0.87656
670,		1070.21754,		1107.10095,		1139.46097,				1.02923,				0.87651
671,		1069.78251,		1116.29172,		1156.06601,				1.03563,				0.88928
672,		1058.94125,		1123.72024,		1164.79235,				1.03655,				0.89599
673,		1046.50382,		1114.21827,		1156.61724,				1.03805,				0.88971
674,		1080.54248,		1120.99207,		1156.11570,				1.03133,				0.88932
675,		1056.08086,		1114.29571,		1162.74923,				1.04348,				0.89442
676,		1063.08487,		1125.10115,		1164.65145,				1.03515,				0.89589
677,		1051.10609,		1114.76250,		1171.48956,				1.05089,				0.90115
678,		1066.42246,		1109.60240,		1159.58316,				1.04504,				0.89199
679,		1068.09940,		1107.60783,		1148.53380,				1.03695,				0.88349
680,		1045.13350,		1106.38861,		1151.11961,				1.04043,				0.88548
681,		1045.48975,		1101.18692,		1154.32448,				1.04825,				0.88794
682,		1000.05056,		1080.10111,		1140.65241,				1.05606,				0.87742
683,		1002.09534,		1091.86712,		1147.14520,				1.05063,				0.88242
684,		1004.95947,		1098.36238,		1144.59854,				1.04210,				0.88046
685,		1001.07139,		1100.36109,		1141.58337,				1.03746,				0.87814
686,		1003.76216,		1112.45807,		1149.87212,				1.03363,				0.88452
687,		1003.83895,		1109.13426,		1155.22204,				1.04155,				0.88863
688,		998.26782,		1111.25085,		1151.44290,				1.03617,				0.88573
689,		1000.97636,		1109.08521,		1147.71039,				1.03483,				0.88285
690,		1047.95801,		1108.12484,		1142.30733,				1.03085,				0.87870
691,		1078.23067,		1112.83961,		1147.22674,				1.03090,				0.88248
692,		1060.72620,		1114.59640,		1154.15340,				1.03549,				0.88781
693,		1075.94643,		1110.60919,		1149.64031,				1.03514,				0.88434
694,		1065.67638,		1111.91091,		1152.18593,				1.03622,				0.88630
695,		1019.02140,		1097.37551,		1146.60634,				1.04486,				0.88200
696,		1057.65043,		1106.82052,		1157.98043,				1.04622,				0.89075
697,		1053.34811,		1099.32246,		1145.71862,				1.04220,				0.88132
698,		1060.53712,		1107.73406,		1136.44847,				1.02592,				0.87419
699,		1053.62574,		1097.95884,		1148.40206,				1.04594,				0.88339
700,		1069.03551,		1105.55981,		1152.95840,				1.04287,				0.88689
701,		1065.10924,		1095.99714,		1143.06176,				1.04294,				0.87928
702,		1059.83919,		1105.25452,		1141.03168,				1.03237,				0.87772
703,		1053.46869,		1110.49823,		1156.64673,				1.04156,				0.88973
704,		1063.61344,		1112.92464,		1148.60578,				1.03206,				0.88354
705,		1029.48849,		1099.90511,		1139.71896,				1.03620,				0.87671
706,		1001.99329,		1108.07545,		1152.34506,				1.03995,				0.88642
707,		1056.36815,		1110.59687,		1145.16527,				1.03113,				0.88090
708,		1051.16295,		1121.49257,		1145.98747,				1.02184,				0.88153
709,		1054.53819,		1119.21716,		1158.56964,				1.03516,				0.89121
710,		1064.19399,		1116.76550,		1155.48118,				1.03467,				0.88883
711,		1076.82757,		1127.15045,		1160.11873,				1.02925,				0.89240
712,		1070.90007,		1126.97123,		1167.19109,				1.03569,				0.89784
713,		1056.61311,		1121.18629,		1172.64706,				1.04590,				0.90204
714,		1053.70335,		1118.58302,		1165.76953,				1.04218,				0.89675
715,		1048.95683,		1113.38004,		1169.88233,				1.05075,				0.89991
716,		1051.80201,		1115.89552,		1167.39700,				1.04615,				0.89800
717,		1058.02340,		1113.11781,		1163.35634,				1.04513,				0.89489
718,		1065.78057,		1116.36170,		1157.09595,				1.03649,				0.89007
719,		1068.40106,		1123.25584,		1153.22736,				1.02668,				0.88710
720,		1061.21172,		1120.39293,		1159.85630,				1.03522,				0.89220
721,		1075.89425,		1125.89505,		1161.38289,				1.03152,				0.89337
722,		1082.98874,		1122.77461,		1156.35336,				1.02991,				0.88950
723,		1070.35124,		1119.87868,		1157.09243,				1.03323,				0.89007
724,		1061.74865,		1122.58414,		1161.02381,				1.03424,				0.89310
725,		1082.46777,		1126.67631,		1154.51812,				1.02471,				0.88809
726,		1073.32240,		1125.64570,		1152.98841,				1.02429,				0.88691
727,		1081.54900,		1121.71679,		1160.73187,				1.03478,				0.89287
728,		1086.35129,		1118.85767,		1158.29483,				1.03525,				0.89100
729,		1082.99035,		1117.81891,		1155.24011,				1.03348,				0.88865
730,		1049.91903,		1118.46146,		1165.86644,				1.04238,				0.89682
731,		1045.93207,		1119.19570,		1154.84712,				1.03185,				0.88834
732,		1073.63500,		1119.58893,		1165.06770,				1.04062,				0.89621
733,		1074.60085,		1117.79315,		1157.91298,				1.03589,				0.89070
734,		1079.39230,		1119.26321,		1156.76672,				1.03351,				0.88982
735,		1062.03454,		1117.36032,		1139.41804,				1.01974,				0.87648
736,		1063.14936,		1118.58696,		1141.26821,				1.02028,				0.87790
737,		1079.95532,		1119.06321,		1150.03351,				1.02768,				0.88464
738,		1065.40209,		1119.52344,		1146.06451,				1.02371,				0.88159
739,		1063.27995,		1121.40120,		1158.42111,				1.03301,				0.89109
740,		1064.70349,		1120.33313,		1152.68299,				1.02888,				0.88668
741,		1051.26909,		1115.64296,		1145.91338,				1.02713,				0.88147
742,		1076.64053,		1123.78503,		1165.82395,				1.03741,				0.89679
743,		1053.37708,		1117.32538,		1156.41623,				1.03499,				0.88955
744,		1078.28749,		1124.68700,		1150.95327,				1.02335,				0.88535
745,		1067.67166,		1127.39649,		1152.16134,				1.02197,				0.88628
746,		1096.93705,		1129.91470,		1159.64335,				1.02631,				0.89203
747,		1065.86699,		1120.73133,		1177.65982,				1.05080,				0.90589
748,		1054.56668,		1115.48357,		1154.60841,				1.03507,				0.88816
749,		1056.55026,		1105.58245,		1149.47378,				1.03970,				0.88421
750,		1058.35811,		1111.11708,		1157.72213,				1.04194,				0.89056
751,		1052.64539,		1104.24222,		1156.31697,				1.04716,				0.88947
752,		1039.74035,		1100.41108,		1137.54534,				1.03375,				0.87503
753,		1041.88454,		1098.24906,		1150.50143,				1.04758,				0.88500
754,		1037.85199,		1096.72611,		1137.16895,				1.03688,				0.87475
755,		1041.73997,		1098.16233,		1131.95241,				1.03077,				0.87073
756,		1040.41238,		1097.56595,		1133.23612,				1.03250,				0.87172
757,		1053.75459,		1102.03805,		1127.54813,				1.02315,				0.86734
758,		1052.39180,		1099.85112,		1125.19622,				1.02304,				0.86554
759,		1055.01357,		1101.53080,		1140.08315,				1.03500,				0.87699
760,		1055.74970,		1099.55206,		1142.98618,				1.03950,				0.87922
761,		1052.59086,		1099.05681,		1144.53711,				1.04138,				0.88041
762,		1058.05852,		1096.11661,		1134.74304,				1.03524,				0.87288
763,		1058.19990,		1095.32725,		1136.34342,				1.03745,				0.87411
764,		1034.54351,		1094.08031,		1132.36577,				1.03499,				0.87105
765,		1033.22854,		1093.73893,		1136.43829,				1.03904,				0.87418
766,		1048.89981,		1093.65348,		1139.21381,				1.04166,				0.87632
767,		1056.19203,		1093.35563,		1119.28458,				1.02372,				0.86099
768,		1066.92702,		1093.45995,		1128.11551,				1.03169,				0.86778
769,		1042.84722,		1093.38609,		1131.17368,				1.03456,				0.87013
770,		1034.52346,		1092.96649,		1128.80120,				1.03279,				0.86831
771,		1038.75018,		1092.41486,		1118.64485,				1.02401,				0.86050
772,		1042.94795,		1092.28998,		1125.54922,				1.03045,				0.86581
773,		1039.69669,		1091.94185,		1133.87976,				1.03841,				0.87222
774,		1034.95071,		1091.57694,		1130.65775,				1.03580,				0.86974
775,		1030.23342,		1090.44803,		1124.04431,				1.03081,				0.86465
776,		1060.15854,		1090.63832,		1113.69933,				1.02114,				0.85669
777,		1034.26600,		1090.93827,		1122.20638,				1.02866,				0.86324
778,		1039.70387,		1090.08378,		1128.48398,				1.03523,				0.86806
779,		1045.63911,		1090.47430,		1126.90014,				1.03340,				0.86685
780,		1030.45318,		1089.84403,		1119.31332,				1.02704,				0.86101
781,		1031.93976,		1092.41943,		1131.43618,				1.03572,				0.87034
782,		1031.63728,		1094.33278,		1137.09825,				1.03908,				0.87469
783,		1034.02504,		1095.26901,		1120.49024,				1.02303,				0.86192
784,		1035.77620,		1095.85288,		1131.33114,				1.03238,				0.87025
785,		1030.46774,		1096.16364,		1123.66597,				1.02509,				0.86436
786,		1044.58371,		1095.91109,		1141.85628,				1.04192,				0.87835
787,		1043.76641,		1095.71544,		1129.64213,				1.03096,				0.86896
788,		1042.13610,		1096.69157,		1136.29376,				1.03611,				0.87407
789,		1045.58002,		1097.01227,		1131.81272,				1.03172,				0.87063
790,		1043.43315,		1097.39098,		1125.29303,				1.02543,				0.86561
791,		1042.68810,		1097.67264,		1135.27830,				1.03426,				0.87329
792,		1042.26608,		1096.50697,		1131.51975,				1.03193,				0.87040
793,		1037.75847,		1097.28015,		1131.64516,				1.03132,				0.87050
794,		1041.20212,		1096.18539,		1134.59195,				1.03504,				0.87276
795,		1036.69229,		1096.11657,		1133.16633,				1.03380,				0.87167
796,		1036.47346,		1096.76581,		1145.32933,				1.04428,				0.88102
797,		1052.28849,		1097.59377,		1147.44257,				1.04542,				0.88265
798,		1058.77717,		1097.48307,		1136.98518,				1.03599,				0.87460
799,		1060.46325,		1097.01075,		1129.59968,				1.02971,				0.86892
800,		1045.93790,		1096.78013,		1124.99451,				1.02572,				0.86538
801,		1028.90475,		1095.46532,		1128.80115,				1.03043,				0.86831
802,		1040.46659,		1096.38968,		1128.02769,				1.02886,				0.86771
803,		1029.21528,		1096.59655,		1127.78451,				1.02844,				0.86753
804,		1049.53366,		1097.42954,		1119.45060,				1.02007,				0.86112
805,		1041.31525,		1097.44410,		1123.19710,				1.02347,				0.86400
806,		1039.08538,		1097.34957,		1120.86953,				1.02143,				0.86221
807,		1062.04758,		1097.75662,		1131.43534,				1.03068,				0.87033
808,		1041.44549,		1097.03028,		1123.73384,				1.02434,				0.86441
809,		1051.33566,		1098.16318,		1124.48782,				1.02397,				0.86499
810,		1037.19842,		1099.12580,		1130.62421,				1.02866,				0.86971
811,		1033.03787,		1098.34371,		1134.26503,				1.03270,				0.87251
812,		1040.53249,		1098.32210,		1133.56757,				1.03209,				0.87198
813,		1039.10300,		1097.84110,		1136.55830,				1.03527,				0.87428
814,		1041.10201,		1097.20962,		1132.99334,				1.03261,				0.87153
815,		1039.97297,		1097.32725,		1122.13038,				1.02260,				0.86318
816,		1042.98031,		1097.75192,		1129.21033,				1.02866,				0.86862
817,		1042.29306,		1097.94102,		1123.44157,				1.02323,				0.86419
818,		1051.47388,		1098.08492,		1131.64514,				1.03056,				0.87050
819,		1053.46549,		1098.29212,		1129.78518,				1.02867,				0.86907
820,		1044.33193,		1098.23912,		1130.84758,				1.02969,				0.86988
821,		1075.44436,		1101.57444,		1125.86685,				1.02205,				0.86605
822,		1042.36645,		1099.47817,		1131.17289,				1.02883,				0.87013
823,		1062.79819,		1100.76196,		1133.74971,				1.02997,				0.87212
824,		1054.95863,		1099.40269,		1129.92382,				1.02776,				0.86917
825,		1054.30483,		1099.58620,		1122.04903,				1.02043,				0.86311
826,		1056.32646,		1099.42511,		1128.63361,				1.02657,				0.86818
827,		1043.16928,		1099.76363,		1133.97323,				1.03111,				0.87229
828,		1034.25715,		1096.68253,		1139.28252,				1.03884,				0.87637
829,		1035.37354,		1098.23587,		1119.66092,				1.01951,				0.86128
830,		1044.26662,		1097.61888,		1121.73964,				1.02198,				0.86288
831,		1030.06327,		1095.01041,		1135.35197,				1.03684,				0.87335
832,		1032.22948,		1094.09001,		1124.52164,				1.02781,				0.86502
833,		1034.74256,		1097.10709,		1132.61650,				1.03237,				0.87124
834,		1027.34653,		1090.32755,		1121.28274,				1.02839,				0.86253
835,		1028.07706,		1092.12336,		1122.90630,				1.02819,				0.86377
836,		1031.67529,		1092.89242,		1124.75420,				1.02915,				0.86520
837,		995.70261,		1072.28568,		1121.23093,				1.04565,				0.86249
838,		1000.12654,		1085.24221,		1118.68345,				1.03081,				0.86053
839,		992.94346,		1070.45418,		1123.28091,				1.04935,				0.86406
840,		996.11103,		1080.87758,		1121.64087,				1.03771,				0.86280
841,		996.57273,		1063.98275,		1122.73916,				1.05522,				0.86365
842,		989.24826,		1053.93486,		1123.19520,				1.06572,				0.86400
843,		983.78684,		1050.60429,		1115.77824,				1.06203,				0.85829
844,		986.54257,		1066.59151,		1115.99377,				1.04632,				0.85846
845,		990.94557,		1058.32731,		1119.99689,				1.05827,				0.86154
846,		996.04624,		1061.23722,		1121.57889,				1.05686,				0.86275
847,		996.44255,		1057.54195,		1114.68769,				1.05404,				0.85745
848,		1008.46922,		1055.00700,		1103.08029,				1.04557,				0.84852
849,		1017.72918,		1054.10088,		1096.54583,				1.04027,				0.84350
850,		1008.31158,		1054.68191,		1097.95867,				1.04103,				0.84458
851,		1010.16426,		1056.29415,		1102.06686,				1.04333,				0.84774
852,		993.63846,		1052.54305,		1101.24715,				1.04627,				0.84711
853,		1005.90737,		1055.14210,		1095.80355,				1.03854,				0.84293
854,		1025.85727,		1052.68992,		1090.29740,				1.03573,				0.83869
855,		1003.47111,		1055.41135,		1087.91424,				1.03080,				0.83686
856,		994.58071,		1053.78839,		1092.80921,				1.03703,				0.84062
857,		981.01131,		1053.33873,		1098.14719,				1.04254,				0.84473
858,		1012.70318,		1053.48127,		1089.04908,				1.03376,				0.83773
859,		1012.41363,		1056.35532,		1083.74007,				1.02592,				0.83365
860,		1013.35809,		1056.16968,		1092.10043,				1.03402,				0.84008
861,		961.57316,		1047.90033,		1102.77354,				1.05236,				0.84829
862,		993.55290,		1030.99696,		1087.43234,				1.05474,				0.83649
863,		989.04402,		1040.30152,		1088.31298,				1.04615,				0.83716
864,		963.37336,		1035.47755,		1083.68734,				1.04656,				0.83361
865,		958.28562,		1024.45723,		1077.23300,				1.05152,				0.82864
866,		951.96613,		1019.93238,		1086.36586,				1.06514,				0.83567
867,		947.18387,		1009.98412,		1096.69017,				1.08585,				0.84361
868,		957.09562,		1011.05696,		1105.23840,				1.09315,				0.85018
869,		954.01922,		1012.85104,		1097.35105,				1.08343,				0.84412
870,		959.66792,		1013.66357,		1057.83794,				1.04358,				0.81372
871,		961.64430,		1014.76533,		1059.92687,				1.04450,				0.81533
872,		976.48663,		1015.65020,		1077.01220,				1.06042,				0.82847
873,		962.43935,		1014.95575,		1052.34626,				1.03684,				0.80950
874,		960.25956,		1016.15692,		1062.44675,				1.04555,				0.81727
875,		952.95407,		1015.55334,		1061.48044,				1.04522,				0.81652
876,		958.60105,		1015.20672,		1067.38519,				1.05140,				0.82107
877,		958.61467,		1015.29225,		1054.10470,				1.03823,				0.81085
878,		959.57042,		1015.04267,		1055.96038,				1.04031,				0.81228
879,		965.24130,		1015.30805,		1058.84118,				1.04288,				0.81449
880,		954.29448,		1015.24898,		1072.59631,				1.05649,				0.82507
881,		959.99786,		1032.35389,		1094.27153,				1.05998,				0.84175
882,		990.44480,		1025.93751,		1093.80303,				1.06615,				0.84139
883,		991.10801,		1022.04569,		1071.84657,				1.04873,				0.82450
884,		972.92606,		1029.77029,		1076.29832,				1.04518,				0.82792
885,		964.09895,		1023.95201,		1067.77991,				1.04280,				0.82137
886,		983.47106,		1021.45237,		1067.15472,				1.04474,				0.82089
887,		965.37891,		1019.96718,		1057.63328,				1.03693,				0.81356
888,		958.34456,		1019.49587,		1066.40425,				1.04601,				0.82031
889,		993.01871,		1019.04860,		1077.92214,				1.05777,				0.82917
890,		990.52676,		1019.01382,		1080.02882,				1.05988,				0.83079
891,		985.73055,		1019.78218,		1074.02741,				1.05319,				0.82617
892,		969.69602,		1018.75216,		1078.50445,				1.05865,				0.82962
893,		991.75916,		1019.84386,		1088.21573,				1.06704,				0.83709
894,		956.36913,		1017.56192,		1092.00969,				1.07316,				0.84001
895,		957.37815,		1017.14473,		1084.05015,				1.06578,				0.83388
896,		955.60078,		1017.85949,		1076.48917,				1.05760,				0.82807
897,		948.49263,		1017.68686,		1083.60260,				1.06477,				0.83354
898,		950.31382,		1017.79095,		1074.23208,				1.05545,				0.82633
899,		947.95089,		1017.97115,		1071.52836,				1.05261,				0.82425
900,		960.26743,		1017.74722,		1073.44639,				1.05473,				0.82573
901,		965.94604,		1017.90290,		1068.04524,				1.04926,				0.82157
902,		957.90687,		1017.52202,		1060.78542,				1.04252,				0.81599
903,		989.96355,		1018.23948,		1074.82554,				1.05557,				0.82679
904,		989.39317,		1017.68970,		1055.35273,				1.03701,				0.81181
905,		986.31162,		1017.43796,		1069.82603,				1.05149,				0.82294
906,		967.40725,		1017.96776,		1062.41824,				1.04367,				0.81724
907,		964.08767,		1018.11501,		1070.59219,				1.05154,				0.82353
908,		980.12678,		1018.60908,		1071.58144,				1.05200,				0.82429
909,		967.23655,		1018.82790,		1076.26484,				1.05638,				0.82790
910,		958.95425,		1018.46634,		1075.38512,				1.05589,				0.82722
911,		963.80662,		1018.09267,		1077.49337,				1.05835,				0.82884
912,		960.81992,		1018.30590,		1084.89836,				1.06540,				0.83454
913,		958.83460,		1017.66755,		1071.42274,				1.05282,				0.82417
914,		960.58453,		1017.51087,		1058.04028,				1.03983,				0.81388
915,		958.61250,		1017.82709,		1058.89668,				1.04035,				0.81454
916,		990.86696,		1018.35042,		1063.88160,				1.04471,				0.81837
917,		967.75446,		1018.36803,		1061.31496,				1.04217,				0.81640
918,		938.31915,		1025.02560,		1059.16973,				1.03331,				0.81475
919,		932.64407,		1028.03108,		1087.03016,				1.05739,				0.83618
920,		938.68000,		1027.29024,		1089.88615,				1.06093,				0.83837
921,		947.16629,		1021.94668,		1075.24766,				1.05216,				0.82711
922,		955.07022,		1018.14704,		1075.30179,				1.05614,				0.82716
923,		962.36959,		1019.28073,		1059.31470,				1.03928,				0.81486
924,		966.63161,		1018.54675,		1055.42861,				1.03621,				0.81187
925,		969.33440,		1018.49523,		1056.83643,				1.03764,				0.81295
926,		963.29663,		1018.97398,		1049.92634,				1.03038,				0.80764
927,		941.95526,		1006.01654,		1055.31519,				1.04900,				0.81178
928,		972.32199,		1013.28914,		1054.73488,				1.04090,				0.81133
929,		948.33931,		1003.61069,		1067.80624,				1.06396,				0.82139
930,		965.76351,		1012.19689,		1076.05343,				1.06309,				0.82773
931,		962.17089,		1015.63343,		1077.51510,				1.06093,				0.82886
932,		963.50285,		1018.73934,		1056.66609,				1.03723,				0.81282
933,		959.29134,		1020.58897,		1060.16319,				1.03878,				0.81551
934,		989.10299,		1022.38660,		1062.05235,				1.03880,				0.81696
935,		996.76420,		1021.62971,		1063.74849,				1.04123,				0.81827
936,		964.60040,		1022.70807,		1067.71206,				1.04400,				0.82132
937,		969.82527,		1023.69696,		1067.60292,				1.04289,				0.82123
938,		965.76110,		1021.90295,		1061.79835,				1.03904,				0.81677
939,		989.07461,		1023.57947,		1080.46284,				1.05557,				0.83113
940,		963.11450,		1011.37379,		1074.31997,				1.06224,				0.82640
941,		965.01845,		1017.27503,		1081.61314,				1.06325,				0.83201
942,		968.44141,		1020.19457,		1057.24321,				1.03632,				0.81326
943,		964.86126,		1019.89381,		1065.58464,				1.04480,				0.81968
944,		964.13614,		1018.83819,		1079.20392,				1.05925,				0.83016
945,		951.58559,		1013.63784,		1066.08680,				1.05174,				0.82007
946,		953.54371,		1015.69719,		1065.45107,				1.04898,				0.81958
947,		966.52923,		1012.32287,		1056.94993,				1.04408,				0.81304
948,		958.09140,		1010.74636,		1070.59632,				1.05921,				0.82354
949,		986.43393,		1015.51637,		1073.51598,				1.05711,				0.82578
950,		975.47641,		1017.33150,		1075.47525,				1.05715,				0.82729
951,		982.48746,		1018.72214,		1061.32170,				1.04182,				0.81640
952,		961.78980,		1017.16513,		1056.56306,				1.03873,				0.81274
953,		983.86505,		1018.33977,		1064.55181,				1.04538,				0.81889
954,		985.05776,		1021.12652,		1074.33884,				1.05211,				0.82641
955,		962.31560,		1020.85990,		1072.48516,				1.05057,				0.82499
956,		996.02266,		1019.79743,		1071.25701,				1.05046,				0.82404
957,		965.01772,		1019.35584,		1060.20313,				1.04007,				0.81554
958,		984.25883,		1019.39400,		1062.12778,				1.04192,				0.81702
959,		991.61667,		1019.91200,		1077.03333,				1.05601,				0.82849
960,		961.22520,		1019.47539,		1060.98487,				1.04072,				0.81614
961,		978.37186,		1019.98927,		1074.10395,				1.05305,				0.82623
962,		998.92974,		1020.38053,		1078.63323,				1.05709,				0.82972
963,		989.54277,		1020.46852,		1080.32099,				1.05865,				0.83102
964,		994.82436,		1020.39664,		1075.86508,				1.05436,				0.82759
965,		981.57955,		1019.58763,		1077.15188,				1.05646,				0.82858
966,		990.27876,		1020.14496,		1076.83846,				1.05557,				0.82834
967,		966.04991,		1020.63589,		1073.69243,				1.05198,				0.82592
968,		961.95385,		1022.18480,		1065.51140,				1.04239,				0.81962
969,		963.06677,		1023.78591,		1081.95002,				1.05681,				0.83227
970,		978.51343,		1021.85509,		1073.15992,				1.05021,				0.82551
971,		968.48962,		1024.33901,		1073.99568,				1.04848,				0.82615
972,		1000.01241,		1022.29766,		1071.25701,				1.04789,				0.82404
973,		990.21730,		1021.04624,		1071.43548,				1.04935,				0.82418
974,		990.97028,		1020.87172,		1077.94337,				1.05590,				0.82919
975,		990.66342,		1020.22797,		1077.10891,				1.05575,				0.82855
976,		986.22946,		1020.00761,		1090.09199,				1.06871,				0.83853
977,		961.88940,		1020.38269,		1084.97832,				1.06331,				0.83460
978,		964.92448,		1019.94394,		1108.06481,				1.08640,				0.85236
979,		960.20974,		1019.32254,		1057.20695,				1.03717,				0.81324
980,		965.13386,		1020.23264,		1060.19587,				1.03917,				0.81554
981,		974.70841,		1018.51437,		1068.21250,				1.04879,				0.82170
982,		969.46652,		1017.83854,		1070.29497,				1.05154,				0.82330
983,		978.64792,		1019.90155,		1066.77956,				1.04596,				0.82060
984,		957.25402,		1016.46082,		1067.45027,				1.05016,				0.82112
985,		959.86254,		1017.49494,		1076.95668,				1.05844,				0.82843
986,		975.41713,		1012.68838,		1070.74321,				1.05733,				0.82365
987,		970.48944,		1014.49917,		1067.46513,				1.05221,				0.82113
988,		974.44248,		1015.88675,		1060.65657,				1.04407,				0.81589
989,		941.69989,		1006.95070,		1055.50092,				1.04822,				0.81192
990,		947.03302,		1002.99915,		1051.47661,				1.04833,				0.80883
991,		945.27472,		1021.73295,		1067.57982,				1.04487,				0.82122
992,		945.99201,		1032.19790,		1088.79712,				1.05483,				0.83754
993,		964.97637,		1036.30911,		1089.57001,				1.05139,				0.83813
994,		983.33935,		1042.12658,		1086.62220,				1.04270,				0.83586
995,		965.86058,		1044.60290,		1081.01813,				1.03486,				0.83155
996,		986.74701,		1043.40492,		1071.24407,				1.02668,				0.82403
997,		989.91421,		1045.98087,		1088.58517,				1.04073,				0.83737
998,		986.24598,		1044.84088,		1088.91905,				1.04219,				0.83763
999,		991.25325,		1047.34794,		1087.85387,				1.03867,				0.83681
