RANDOM_SEED, 1698988714
GEN,		MIN,			AVE,			MAX,
0,		91.41,		254.11,		549.21,
1,		94.08,		283.90,		528.21,
2,		85.05,		294.94,		475.00,
3,		67.34,		305.92,		403.61,
4,		72.83,		308.05,		401.78,
5,		70.00,		308.80,		381.06,
6,		131.54,		313.60,		368.49,
7,		127.21,		310.63,		375.25,
8,		263.40,		312.08,		374.40,
9,		245.79,		309.10,		350.37,
10,		255.24,		308.52,		344.68,
11,		249.54,		308.08,		343.53,
12,		247.77,		308.41,		346.90,
13,		269.57,		308.97,		346.38,
14,		251.52,		307.40,		347.13,
15,		248.91,		308.27,		348.00,
16,		255.48,		307.90,		348.80,
17,		262.24,		307.66,		346.26,
18,		249.90,		307.83,		345.84,
19,		246.89,		307.50,		346.49,
20,		250.15,		306.64,		349.38,
21,		235.36,		304.99,		350.24,
22,		253.38,		304.77,		343.82,
23,		259.16,		304.66,		344.36,
24,		252.43,		303.79,		341.17,
25,		248.22,		302.64,		341.84,
26,		252.13,		302.90,		336.61,
27,		252.29,		303.08,		341.32,
28,		251.98,		303.66,		346.30,
29,		255.95,		304.10,		345.39,
30,		211.73,		303.89,		349.50,
31,		209.75,		304.11,		341.89,
32,		211.97,		303.46,		351.45,
33,		244.86,		303.72,		338.40,
34,		252.69,		302.30,		337.26,
35,		259.14,		315.74,		354.69,
36,		215.66,		296.65,		349.11,
37,		208.58,		276.13,		344.87,
38,		212.68,		299.26,		363.17,
39,		206.62,		318.04,		361.38,
40,		241.41,		328.99,		380.53,
41,		250.76,		326.39,		397.93,
42,		251.31,		319.48,		397.09,
43,		254.10,		315.99,		398.69,
44,		253.53,		311.94,		390.30,
45,		247.21,		310.36,		360.41,
46,		240.68,		307.79,		352.29,
47,		235.94,		303.71,		352.71,
48,		240.91,		301.31,		353.28,
49,		250.22,		303.52,		356.05,
50,		266.49,		299.68,		353.52,
51,		236.80,		300.27,		358.75,
52,		251.44,		305.71,		347.89,
53,		232.98,		308.54,		352.24,
54,		260.21,		310.35,		342.22,
55,		277.89,		311.95,		350.82,
56,		248.40,		312.00,		349.97,
57,		266.57,		312.08,		351.16,
58,		278.52,		311.69,		345.27,
59,		273.35,		311.69,		348.45,
60,		248.36,		311.59,		361.80,
61,		270.19,		312.08,		359.25,
62,		255.26,		310.95,		348.69,
63,		263.77,		311.59,		343.23,
64,		264.21,		312.53,		352.02,
65,		264.40,		311.89,		360.54,
66,		263.69,		311.77,		350.06,
67,		254.15,		311.79,		340.53,
68,		273.61,		312.06,		350.80,
69,		258.63,		311.99,		348.72,
70,		249.37,		311.12,		338.58,
71,		253.12,		311.33,		348.60,
72,		254.28,		312.20,		346.62,
73,		252.48,		312.54,		358.53,
74,		257.58,		312.15,		370.40,
75,		253.11,		309.16,		374.44,
76,		245.66,		310.41,		351.28,
77,		254.53,		311.25,		345.62,
78,		267.08,		311.66,		345.11,
79,		257.99,		311.26,		345.94,
80,		263.24,		312.11,		357.55,
81,		257.22,		314.57,		352.63,
82,		256.40,		313.05,		354.23,
83,		263.43,		316.37,		352.02,
84,		259.88,		317.65,		361.68,
85,		279.59,		317.90,		349.20,
86,		271.34,		318.69,		347.92,
87,		267.89,		318.61,		344.67,
88,		264.87,		316.26,		350.22,
89,		232.40,		323.23,		356.45,
90,		254.77,		326.64,		364.37,
91,		274.75,		328.07,		367.64,
92,		276.06,		328.90,		372.16,
93,		227.10,		321.15,		372.24,
94,		223.19,		319.95,		368.11,
95,		253.51,		320.82,		360.10,
96,		261.73,		324.69,		372.30,
97,		269.31,		327.49,		376.08,
98,		275.14,		328.75,		371.54,
99,		275.28,		329.72,		370.91,
100,		281.94,		329.74,		368.40,
101,		276.87,		330.12,		356.13,
102,		278.64,		333.84,		375.06,
103,		274.73,		335.16,		370.49,
104,		277.79,		337.00,		374.42,
105,		279.70,		337.08,		370.96,
106,		280.87,		339.55,		381.40,
107,		255.20,		333.88,		375.36,
108,		275.97,		335.75,		374.62,
109,		272.81,		334.07,		388.70,
110,		288.74,		335.01,		378.56,
111,		281.15,		335.80,		385.09,
112,		276.66,		337.00,		378.05,
113,		282.05,		337.06,		384.29,
114,		276.89,		337.68,		383.32,
115,		273.45,		337.30,		382.18,
116,		281.18,		337.74,		380.24,
117,		291.12,		337.93,		371.04,
118,		282.84,		337.94,		382.68,
119,		274.22,		337.67,		380.59,
120,		272.19,		337.80,		380.00,
121,		287.34,		337.49,		374.47,
122,		280.64,		337.31,		376.68,
123,		275.26,		337.20,		376.63,
124,		284.24,		337.58,		371.82,
125,		277.00,		337.65,		374.94,
126,		276.51,		337.82,		376.88,
127,		282.70,		337.61,		373.23,
128,		282.11,		338.05,		371.36,
129,		278.35,		338.13,		393.58,
130,		276.07,		337.85,		392.63,
131,		281.47,		338.17,		383.47,
132,		285.90,		337.96,		377.91,
133,		281.79,		352.63,		408.79,
134,		276.15,		356.06,		414.90,
135,		279.27,		361.46,		406.10,
136,		303.69,		364.45,		404.91,
137,		301.08,		366.36,		407.48,
138,		286.21,		368.15,		421.39,
139,		299.71,		368.85,		404.08,
140,		311.74,		369.21,		403.21,
141,		321.91,		369.73,		416.39,
142,		310.87,		369.15,		411.15,
143,		312.32,		369.92,		417.21,
144,		314.05,		370.36,		417.14,
145,		315.09,		370.57,		421.30,
146,		302.83,		370.72,		432.31,
147,		304.24,		370.82,		430.34,
148,		302.03,		370.60,		440.58,
149,		316.97,		370.21,		415.65,
150,		265.21,		370.07,		422.99,
151,		263.54,		370.31,		417.49,
152,		317.61,		370.36,		421.59,
153,		306.92,		369.87,		419.40,
154,		310.43,		369.72,		417.46,
155,		307.90,		370.42,		413.04,
156,		313.00,		370.47,		419.76,
157,		304.40,		369.20,		416.93,
158,		311.21,		368.99,		416.25,
159,		320.96,		369.80,		402.29,
160,		308.20,		369.98,		419.75,
161,		315.71,		369.97,		418.20,
162,		305.85,		368.46,		416.49,
163,		310.53,		368.23,		410.70,
164,		313.42,		368.83,		406.97,
165,		267.77,		365.59,		413.04,
166,		300.39,		363.77,		392.19,
167,		306.94,		365.16,		409.67,
168,		287.09,		363.72,		403.60,
169,		298.85,		363.31,		396.81,
170,		294.12,		363.24,		404.72,
171,		237.03,		339.20,		412.83,
172,		204.91,		328.13,		393.52,
173,		213.18,		323.18,		422.82,
174,		253.70,		326.21,		418.93,
175,		249.93,		320.08,		383.77,
176,		238.56,		318.70,		380.60,
177,		230.56,		317.40,		407.87,
178,		255.14,		315.16,		381.99,
179,		260.44,		314.37,		377.85,
180,		248.21,		316.45,		376.23,
181,		262.79,		317.39,		361.07,
182,		243.20,		318.14,		354.49,
183,		250.68,		317.92,		362.66,
184,		256.42,		318.33,		352.67,
185,		253.23,		317.28,		379.79,
186,		255.06,		317.74,		375.26,
187,		266.63,		316.70,		371.79,
188,		227.98,		316.90,		374.73,
189,		255.81,		316.64,		373.26,
190,		248.13,		313.83,		360.95,
191,		275.45,		315.81,		377.17,
192,		229.19,		300.76,		376.66,
193,		231.27,		299.66,		381.02,
194,		238.61,		305.92,		374.84,
195,		263.15,		310.81,		372.73,
196,		268.52,		313.52,		378.17,
197,		243.16,		318.42,		371.46,
198,		263.28,		317.28,		359.17,
199,		235.12,		294.66,		358.64,
200,		236.54,		284.36,		348.91,
201,		239.54,		295.95,		380.19,
202,		233.35,		285.56,		358.45,
203,		240.24,		279.73,		359.81,
204,		229.80,		298.13,		362.85,
205,		234.27,		306.82,		360.51,
206,		233.72,		312.59,		375.80,
207,		233.15,		314.96,		366.79,
208,		244.81,		316.30,		358.12,
209,		253.95,		316.42,		369.27,
210,		249.24,		316.56,		375.29,
211,		268.60,		316.96,		374.50,
212,		271.03,		317.40,		361.82,
213,		267.38,		317.29,		361.49,
214,		260.89,		317.11,		359.63,
215,		248.24,		317.31,		359.09,
216,		254.23,		320.04,		360.41,
217,		262.61,		319.16,		361.33,
218,		242.98,		312.12,		365.59,
219,		246.33,		315.45,		378.26,
220,		249.11,		310.68,		411.78,
221,		246.96,		324.64,		402.69,
222,		235.22,		308.03,		385.53,
223,		255.60,		335.91,		404.33,
224,		270.16,		342.89,		397.61,
225,		280.96,		348.32,		407.50,
226,		241.74,		353.72,		422.57,
227,		267.73,		359.28,		427.16,
228,		266.56,		357.45,		399.16,
229,		269.92,		350.28,		400.12,
230,		262.56,		350.01,		389.36,
231,		261.10,		352.39,		412.12,
232,		272.52,		353.86,		379.49,
233,		268.65,		352.00,		390.95,
234,		273.01,		354.07,		388.88,
235,		295.36,		355.10,		410.77,
236,		286.15,		355.30,		415.68,
237,		282.71,		355.03,		389.21,
238,		289.10,		355.44,		407.02,
239,		298.15,		355.53,		399.48,
240,		292.54,		356.27,		402.65,
241,		289.97,		356.00,		390.71,
242,		289.51,		353.57,		417.27,
243,		292.15,		365.00,		441.80,
244,		285.37,		359.62,		447.67,
245,		284.55,		357.40,		446.84,
246,		276.51,		338.08,		446.73,
247,		278.98,		329.06,		415.06,
248,		272.38,		329.14,		413.03,
249,		270.78,		335.28,		408.32,
250,		268.34,		325.18,		380.58,
251,		270.73,		321.15,		382.12,
252,		271.28,		318.15,		388.55,
253,		264.30,		329.32,		375.10,
254,		267.51,		327.03,		371.82,
255,		272.44,		320.25,		361.34,
256,		272.91,		323.04,		394.42,
257,		210.15,		296.29,		352.90,
258,		216.27,		300.98,		365.57,
259,		243.54,		306.76,		371.40,
260,		249.85,		313.88,		371.66,
261,		229.20,		320.66,		398.15,
262,		229.00,		322.93,		393.77,
263,		251.63,		330.09,		394.38,
264,		263.04,		318.03,		362.33,
265,		250.37,		311.31,		350.40,
266,		253.33,		307.68,		361.76,
267,		259.06,		305.13,		349.45,
268,		249.59,		301.63,		365.69,
269,		246.24,		300.04,		364.06,
270,		246.79,		314.12,		385.50,
271,		255.55,		318.08,		368.06,
272,		252.96,		313.58,		379.94,
273,		258.86,		320.62,		385.63,
274,		252.47,		324.51,		394.16,
275,		280.18,		327.31,		386.14,
276,		276.16,		329.45,		376.52,
277,		281.97,		329.88,		380.71,
278,		231.93,		329.66,		386.86,
279,		228.06,		329.70,		383.79,
280,		249.12,		327.76,		404.58,
281,		262.43,		329.72,		378.58,
282,		263.03,		322.37,		380.01,
283,		209.98,		323.68,		400.02,
284,		211.55,		321.05,		352.39,
285,		267.88,		328.47,		381.68,
286,		269.76,		322.98,		365.89,
287,		265.73,		329.10,		375.41,
288,		270.82,		331.03,		376.93,
289,		277.25,		321.90,		377.70,
290,		254.82,		317.62,		376.68,
291,		251.02,		325.54,		359.05,
292,		244.13,		318.95,		369.06,
293,		246.17,		315.37,		371.22,
294,		249.05,		321.03,		395.82,
295,		247.59,		321.40,		369.39,
296,		251.08,		324.86,		385.88,
297,		256.04,		325.76,		375.35,
298,		242.90,		317.48,		363.60,
299,		262.79,		327.94,		382.81,
300,		269.94,		317.75,		396.67,
301,		266.50,		314.83,		372.96,
302,		251.85,		310.02,		352.79,
303,		238.88,		303.44,		352.91,
304,		251.03,		307.21,		353.53,
305,		256.56,		308.06,		380.77,
306,		233.39,		301.34,		366.21,
307,		240.01,		303.39,		335.39,
308,		254.43,		305.09,		333.88,
309,		263.56,		301.03,		351.27,
310,		256.15,		303.58,		343.86,
311,		261.50,		304.91,		363.92,
312,		239.38,		305.37,		364.50,
313,		249.85,		299.43,		340.36,
314,		249.12,		302.53,		339.40,
315,		246.50,		305.23,		368.97,
316,		249.66,		301.59,		361.20,
317,		243.76,		302.34,		361.84,
318,		247.17,		304.76,		344.59,
319,		249.61,		307.94,		356.88,
320,		251.92,		304.13,		349.04,
321,		230.18,		300.71,		353.82,
322,		248.82,		299.29,		351.95,
323,		225.23,		295.62,		349.62,
324,		220.79,		293.83,		335.28,
325,		223.92,		314.99,		345.74,
326,		220.78,		320.26,		384.52,
327,		221.37,		327.15,		364.66,
328,		231.30,		292.89,		372.94,
329,		239.51,		275.38,		355.74,
330,		210.18,		267.21,		343.99,
331,		202.82,		262.69,		345.12,
332,		205.73,		267.34,		348.27,
333,		188.68,		262.16,		353.42,
334,		182.48,		253.91,		340.08,
335,		171.49,		247.50,		321.91,
336,		185.49,		251.10,		290.79,
337,		209.96,		254.18,		307.77,
338,		207.91,		252.49,		309.38,
339,		209.41,		254.45,		314.30,
340,		210.82,		252.06,		280.11,
341,		214.23,		254.18,		323.64,
342,		211.22,		252.72,		330.29,
343,		207.41,		251.28,		328.60,
344,		186.80,		250.14,		308.34,
345,		193.13,		250.42,		314.57,
346,		187.88,		249.36,		283.76,
347,		184.22,		248.97,		266.79,
348,		170.58,		240.63,		281.22,
349,		170.90,		245.68,		306.65,
350,		184.72,		248.65,		306.94,
351,		198.49,		245.82,		308.48,
352,		198.83,		248.31,		303.53,
353,		170.04,		248.59,		291.23,
354,		169.89,		249.53,		295.49,
355,		199.21,		244.02,		295.10,
356,		193.92,		246.47,		312.23,
357,		187.41,		242.74,		295.63,
358,		187.76,		248.80,		301.46,
359,		187.95,		249.88,		288.36,
360,		187.27,		244.01,		292.74,
361,		187.20,		242.27,		311.97,
362,		191.59,		246.81,		288.83,
363,		190.37,		241.41,		303.09,
364,		172.58,		235.72,		288.54,
365,		182.48,		242.58,		306.22,
366,		177.07,		235.70,		308.62,
367,		188.98,		243.92,		279.03,
368,		185.00,		235.65,		304.62,
369,		188.41,		240.71,		297.77,
370,		199.45,		246.69,		327.56,
371,		168.49,		248.82,		328.09,
372,		188.07,		241.47,		305.60,
373,		201.72,		246.02,		286.79,
374,		203.87,		248.51,		309.92,
375,		202.36,		248.66,		305.32,
376,		152.86,		226.74,		302.67,
377,		144.44,		215.89,		305.66,
378,		144.02,		209.33,		304.81,
379,		167.83,		206.90,		301.69,
380,		141.23,		204.89,		305.37,
381,		139.48,		204.62,		264.54,
382,		145.62,		204.39,		257.83,
383,		138.31,		203.32,		253.93,
384,		160.40,		203.21,		251.93,
385,		154.36,		203.08,		263.52,
386,		145.95,		202.54,		265.04,
387,		145.65,		202.71,		265.23,
388,		145.95,		208.25,		259.04,
389,		150.97,		205.02,		250.07,
390,		157.48,		207.93,		260.59,
391,		142.55,		207.14,		255.87,
392,		162.90,		204.81,		248.99,
393,		171.65,		210.20,		250.84,
394,		155.45,		205.49,		237.84,
395,		136.06,		206.68,		248.49,
396,		140.01,		211.15,		264.98,
397,		136.84,		206.58,		247.67,
398,		137.29,		208.58,		249.67,
399,		155.69,		208.64,		263.48,
400,		157.83,		205.38,		264.62,
401,		166.26,		217.09,		264.20,
402,		172.89,		213.46,		262.20,
403,		158.22,		214.64,		272.22,
404,		149.27,		208.41,		267.40,
405,		174.95,		212.76,		272.52,
406,		172.33,		206.53,		256.21,
407,		152.89,		204.07,		253.37,
408,		153.67,		202.02,		245.19,
409,		139.86,		208.95,		260.29,
410,		139.17,		204.50,		256.83,
411,		139.54,		203.85,		254.19,
412,		138.45,		201.52,		231.16,
413,		142.87,		201.51,		255.33,
414,		132.21,		201.32,		252.37,
415,		152.26,		201.75,		243.10,
416,		157.66,		201.24,		250.49,
417,		184.07,		201.78,		243.85,
418,		152.87,		201.69,		238.64,
419,		145.70,		195.30,		245.32,
420,		154.82,		198.98,		257.67,
421,		138.17,		200.23,		247.91,
422,		140.65,		200.97,		226.67,
423,		141.98,		201.16,		227.10,
424,		139.36,		201.90,		249.85,
425,		153.63,		201.85,		238.62,
426,		155.97,		202.32,		250.03,
427,		159.85,		201.93,		241.26,
428,		153.04,		202.12,		245.68,
429,		158.25,		201.41,		255.50,
430,		154.54,		201.98,		252.12,
431,		153.51,		200.85,		254.69,
432,		155.95,		201.39,		256.61,
433,		153.58,		201.11,		250.26,
434,		149.84,		201.43,		267.31,
435,		137.89,		201.22,		253.26,
436,		137.41,		200.74,		251.54,
437,		135.43,		200.54,		242.82,
438,		152.26,		200.33,		244.35,
439,		152.85,		199.83,		230.47,
440,		150.41,		200.46,		240.33,
441,		153.65,		200.10,		249.58,
442,		137.76,		211.44,		269.07,
443,		136.20,		209.43,		262.08,
444,		170.10,		217.23,		266.69,
445,		165.21,		224.01,		268.91,
446,		150.97,		228.94,		269.82,
447,		140.31,		226.63,		285.16,
448,		157.16,		217.05,		272.61,
449,		157.65,		222.41,		277.64,
450,		161.23,		223.14,		275.59,
451,		160.63,		228.41,		284.36,
452,		170.78,		226.20,		264.09,
453,		173.14,		229.91,		301.51,
454,		179.93,		228.09,		272.85,
455,		164.42,		228.36,		276.57,
456,		148.44,		229.34,		281.82,
457,		175.19,		227.22,		279.68,
458,		166.15,		229.49,		274.29,
459,		160.27,		231.02,		268.66,
460,		173.73,		232.93,		265.09,
461,		187.80,		233.25,		274.28,
462,		171.08,		235.26,		282.70,
463,		170.01,		235.48,		274.53,
464,		172.05,		231.42,		271.18,
465,		158.06,		232.70,		270.53,
466,		173.34,		227.16,		263.07,
467,		172.60,		231.21,		265.94,
468,		193.98,		228.97,		271.92,
469,		174.18,		228.88,		266.55,
470,		182.78,		231.85,		271.72,
471,		196.07,		235.12,		265.40,
472,		176.44,		235.97,		277.27,
473,		166.16,		235.72,		272.68,
474,		172.69,		236.09,		273.37,
475,		196.34,		239.40,		282.00,
476,		175.85,		222.12,		278.53,
477,		144.77,		212.45,		278.12,
478,		136.16,		208.66,		271.37,
479,		141.70,		223.00,		272.79,
480,		136.33,		213.38,		275.68,
481,		146.43,		207.52,		290.56,
482,		144.63,		205.92,		278.40,
483,		141.63,		191.75,		254.64,
484,		136.75,		198.31,		252.73,
485,		130.57,		201.23,		249.29,
486,		123.54,		202.65,		244.79,
487,		119.62,		196.59,		239.97,
488,		112.52,		159.75,		243.39,
489,		112.24,		142.59,		236.90,
490,		110.75,		135.87,		222.72,
491,		106.52,		133.37,		225.51,
492,		107.84,		130.48,		196.76,
493,		108.91,		125.72,		209.64,
494,		96.60,		124.24,		200.02,
495,		104.49,		136.32,		194.47,
496,		100.80,		132.92,		200.06,
497,		84.53,		132.08,		196.55,
498,		91.48,		140.73,		195.10,
499,		112.41,		166.39,		221.53,
500,		113.28,		159.12,		223.55,
501,		117.09,		170.97,		227.64,
502,		119.85,		181.96,		226.99,
503,		123.35,		187.29,		227.40,
504,		143.68,		190.69,		255.97,
505,		143.72,		191.59,		253.63,
506,		146.92,		191.76,		257.15,
507,		146.29,		193.42,		256.23,
508,		145.76,		187.57,		254.15,
509,		132.69,		187.99,		246.40,
510,		140.29,		188.88,		226.16,
511,		151.03,		190.54,		232.18,
512,		130.73,		184.63,		232.57,
513,		122.66,		188.36,		234.38,
514,		138.27,		191.85,		246.19,
515,		124.02,		191.19,		240.75,
516,		146.72,		192.96,		231.04,
517,		149.17,		191.45,		253.44,
518,		143.70,		191.96,		233.43,
519,		138.15,		192.42,		228.85,
520,		145.15,		193.39,		250.25,
521,		145.72,		193.98,		255.90,
522,		147.34,		193.79,		260.02,
523,		151.06,		193.85,		257.51,
524,		157.17,		193.96,		261.00,
525,		157.07,		203.90,		281.85,
526,		161.21,		200.17,		276.03,
527,		161.67,		196.59,		254.25,
528,		160.48,		195.81,		259.17,
529,		149.72,		194.22,		248.15,
530,		163.21,		194.14,		238.58,
531,		153.81,		193.90,		234.36,
532,		146.98,		193.86,		236.53,
533,		152.81,		194.16,		232.10,
534,		147.38,		194.19,		283.98,
535,		149.47,		193.62,		255.17,
536,		147.17,		193.78,		256.86,
537,		150.34,		190.06,		256.07,
538,		151.55,		189.36,		251.85,
539,		123.12,		185.69,		249.98,
540,		129.00,		184.09,		224.40,
541,		141.39,		182.66,		260.02,
542,		141.26,		185.49,		242.86,
543,		133.78,		183.36,		247.93,
544,		133.54,		182.11,		246.62,
545,		161.69,		181.80,		247.51,
546,		148.50,		180.75,		213.05,
547,		136.77,		182.33,		245.70,
548,		138.30,		181.05,		246.34,
549,		170.18,		189.27,		220.58,
550,		137.54,		192.35,		228.48,
551,		137.23,		186.16,		229.31,
552,		144.69,		191.58,		235.30,
553,		143.67,		193.43,		251.97,
554,		129.37,		187.99,		260.61,
555,		136.15,		192.45,		254.95,
556,		148.72,		194.78,		251.73,
557,		135.03,		199.30,		265.63,
558,		147.29,		197.76,		241.70,
559,		149.61,		196.67,		235.70,
560,		139.52,		193.21,		230.61,
561,		155.99,		194.46,		239.77,
562,		154.59,		188.07,		258.11,
563,		138.28,		192.00,		241.24,
564,		136.87,		193.80,		227.46,
565,		160.14,		194.68,		257.05,
566,		157.37,		195.51,		255.85,
567,		138.63,		194.60,		259.85,
568,		154.93,		195.79,		255.32,
569,		133.70,		196.37,		231.80,
570,		134.83,		195.76,		228.44,
571,		140.73,		195.88,		260.20,
572,		136.28,		196.38,		261.09,
573,		137.32,		196.99,		248.53,
574,		137.73,		196.37,		259.07,
575,		141.56,		197.13,		254.77,
576,		163.07,		196.85,		262.61,
577,		159.93,		196.60,		259.25,
578,		165.47,		197.28,		259.15,
579,		138.69,		197.14,		266.01,
580,		170.34,		197.36,		262.63,
581,		131.96,		197.60,		257.76,
582,		157.73,		198.42,		264.63,
583,		152.96,		197.83,		264.51,
584,		160.30,		197.63,		258.66,
585,		133.41,		197.68,		237.55,
586,		154.50,		210.39,		256.05,
587,		142.78,		205.40,		284.27,
588,		158.09,		214.77,		288.85,
589,		137.90,		219.70,		261.29,
590,		143.85,		221.70,		300.20,
591,		132.28,		222.31,		270.67,
592,		168.86,		222.88,		264.40,
593,		159.92,		222.90,		260.71,
594,		168.61,		222.29,		262.72,
595,		165.26,		224.68,		288.94,
596,		185.70,		225.30,		287.81,
597,		166.75,		226.45,		286.59,
598,		171.78,		226.66,		263.17,
599,		171.27,		225.33,		292.87,
600,		163.73,		227.03,		291.80,
601,		170.66,		230.01,		292.65,
602,		163.16,		228.71,		286.38,
603,		194.01,		229.82,		276.43,
604,		165.11,		228.18,		286.46,
605,		189.03,		228.38,		289.11,
606,		169.34,		227.99,		287.92,
607,		193.60,		227.25,		271.13,
608,		198.17,		226.83,		275.18,
609,		164.09,		225.86,		266.08,
610,		172.01,		226.11,		273.36,
611,		182.19,		226.47,		283.30,
612,		171.93,		226.68,		273.28,
613,		169.38,		225.44,		251.33,
614,		162.59,		224.87,		259.29,
615,		164.20,		225.05,		275.60,
616,		176.28,		225.31,		278.77,
617,		176.41,		225.41,		284.82,
618,		162.58,		223.09,		274.38,
619,		185.18,		224.16,		276.95,
620,		168.94,		225.05,		281.47,
621,		156.34,		224.86,		287.98,
622,		158.71,		224.41,		284.32,
623,		153.75,		225.51,		283.98,
624,		162.57,		225.56,		282.66,
625,		160.54,		225.58,		274.84,
626,		166.37,		226.77,		278.18,
627,		165.00,		226.34,		281.63,
628,		134.38,		197.60,		284.92,
629,		133.88,		182.76,		266.03,
630,		130.65,		174.53,		252.60,
631,		137.20,		171.66,		245.96,
632,		134.12,		170.80,		243.29,
633,		135.59,		170.42,		241.88,
634,		131.68,		169.26,		230.19,
635,		133.92,		169.44,		233.48,
636,		135.07,		169.78,		224.74,
637,		136.71,		169.26,		226.17,
638,		145.46,		169.89,		231.22,
639,		137.08,		169.69,		228.70,
640,		136.44,		169.56,		232.62,
641,		134.75,		169.18,		230.01,
642,		135.87,		169.87,		229.07,
643,		135.45,		169.79,		231.54,
644,		139.99,		169.91,		228.23,
645,		141.73,		169.69,		228.13,
646,		137.04,		169.77,		206.57,
647,		137.36,		169.80,		227.73,
648,		135.45,		168.86,		220.82,
649,		140.44,		170.26,		228.71,
650,		140.57,		169.30,		203.96,
651,		125.01,		169.53,		222.32,
652,		132.43,		171.86,		222.64,
653,		134.89,		170.07,		234.03,
654,		141.55,		169.52,		242.71,
655,		134.08,		169.28,		207.19,
656,		137.39,		168.97,		209.79,
657,		135.83,		169.14,		206.02,
658,		136.24,		172.89,		213.39,
659,		130.57,		184.38,		245.74,
660,		133.16,		177.10,		256.83,
661,		128.38,		172.93,		240.05,
662,		134.06,		178.37,		253.91,
663,		131.67,		178.73,		251.64,
664,		133.48,		176.12,		243.37,
665,		132.20,		168.74,		227.75,
666,		124.84,		164.17,		223.71,
667,		126.87,		166.49,		228.80,
668,		118.42,		160.32,		218.69,
669,		100.80,		157.80,		216.63,
670,		123.89,		155.96,		215.68,
671,		128.08,		155.12,		209.86,
672,		124.02,		154.50,		210.76,
673,		122.71,		161.39,		226.42,
674,		126.30,		162.67,		210.57,
675,		126.47,		164.86,		225.15,
676,		131.93,		165.80,		193.19,
677,		135.18,		166.71,		210.58,
678,		139.29,		167.05,		223.53,
679,		137.11,		171.96,		234.46,
680,		131.62,		161.86,		226.31,
681,		125.56,		163.42,		211.21,
682,		137.25,		165.30,		219.26,
683,		138.96,		165.68,		205.69,
684,		137.81,		165.56,		224.24,
685,		131.09,		165.18,		216.81,
686,		132.09,		164.69,		225.68,
687,		125.97,		165.12,		224.82,
688,		133.05,		164.61,		195.10,
689,		132.46,		164.73,		197.63,
690,		131.16,		164.76,		199.05,
691,		131.68,		164.69,		214.97,
692,		134.49,		164.93,		215.81,
693,		129.18,		165.06,		224.35,
694,		127.39,		165.20,		202.80,
695,		132.80,		165.16,		235.41,
696,		137.35,		164.98,		199.14,
697,		131.50,		165.21,		219.09,
698,		131.15,		165.23,		215.42,
699,		135.48,		165.04,		221.29,
700,		134.58,		164.69,		217.44,
701,		128.08,		164.69,		222.84,
702,		132.63,		171.87,		230.25,
703,		135.72,		175.45,		236.14,
704,		135.57,		176.39,		224.07,
705,		128.34,		177.49,		220.37,
706,		127.44,		177.96,		234.97,
707,		128.49,		177.89,		228.82,
708,		135.85,		178.39,		232.63,
709,		132.52,		178.20,		233.39,
710,		135.87,		178.64,		235.67,
711,		129.26,		178.60,		246.10,
712,		132.21,		178.18,		233.39,
713,		153.00,		189.19,		240.98,
714,		154.47,		196.61,		277.65,
715,		148.53,		198.63,		282.15,
716,		150.61,		199.13,		255.06,
717,		145.86,		198.83,		258.84,
718,		153.30,		201.13,		247.29,
719,		140.41,		200.14,		277.38,
720,		141.70,		200.69,		275.77,
721,		142.28,		199.72,		253.81,
722,		142.27,		199.50,		239.96,
723,		148.47,		201.97,		244.18,
724,		179.08,		202.17,		257.63,
725,		150.02,		202.51,		248.76,
726,		146.38,		202.25,		240.43,
727,		146.44,		202.27,		244.39,
728,		145.09,		202.46,		261.06,
729,		149.25,		201.86,		261.73,
730,		144.00,		202.63,		260.38,
731,		148.56,		203.26,		256.72,
732,		156.60,		202.96,		255.14,
733,		148.93,		203.62,		258.13,
734,		148.69,		203.55,		264.21,
735,		146.15,		203.33,		260.21,
736,		156.71,		203.28,		266.85,
737,		153.99,		202.82,		264.52,
738,		158.42,		200.06,		232.87,
739,		164.06,		201.85,		255.29,
740,		154.16,		199.87,		247.85,
741,		161.73,		199.10,		232.06,
742,		159.23,		194.26,		237.94,
743,		150.42,		192.65,		237.30,
744,		155.48,		191.78,		233.71,
745,		157.71,		190.75,		246.91,
746,		157.04,		206.10,		271.22,
747,		135.52,		197.94,		264.58,
748,		137.12,		193.46,		263.26,
749,		166.26,		192.89,		260.46,
750,		152.28,		193.51,		271.54,
751,		149.06,		191.36,		268.70,
752,		151.56,		193.69,		258.72,
753,		159.32,		193.81,		259.84,
754,		154.42,		192.57,		252.46,
755,		163.52,		191.76,		247.52,
756,		154.64,		190.86,		239.47,
757,		147.50,		190.83,		245.91,
758,		137.86,		188.38,		224.89,
759,		149.36,		187.49,		227.10,
760,		132.15,		185.89,		234.98,
761,		129.87,		184.92,		238.14,
762,		134.61,		184.75,		229.03,
763,		128.16,		185.09,		231.42,
764,		128.24,		185.18,		228.44,
765,		129.44,		185.72,		245.17,
766,		127.49,		185.77,		244.62,
767,		131.15,		201.76,		273.87,
768,		135.58,		194.04,		251.97,
769,		143.99,		189.35,		226.10,
770,		157.77,		192.80,		249.11,
771,		147.84,		189.40,		241.74,
772,		152.77,		193.05,		262.12,
773,		147.07,		190.40,		247.01,
774,		136.37,		189.32,		239.29,
775,		139.71,		187.27,		234.77,
776,		129.27,		186.26,		238.39,
777,		130.72,		184.62,		239.09,
778,		129.49,		184.49,		237.13,
779,		128.48,		184.92,		243.02,
780,		149.60,		184.87,		247.12,
781,		152.41,		184.37,		243.09,
782,		128.13,		184.00,		216.92,
783,		130.84,		184.82,		227.04,
784,		129.37,		184.39,		212.34,
785,		126.11,		184.48,		231.92,
786,		126.32,		184.86,		227.08,
787,		145.17,		183.80,		246.86,
788,		143.88,		184.47,		248.43,
789,		130.83,		183.70,		233.39,
790,		126.73,		182.87,		241.96,
791,		125.05,		184.32,		236.85,
792,		129.58,		184.69,		229.53,
793,		128.36,		184.58,		234.82,
794,		144.60,		184.61,		224.22,
795,		145.11,		185.03,		259.42,
796,		121.56,		178.34,		245.48,
797,		109.14,		185.49,		223.85,
798,		115.62,		183.69,		228.97,
799,		92.69,		151.23,		214.29,
800,		94.34,		139.93,		237.40,
801,		104.85,		163.45,		228.13,
802,		105.38,		169.37,		230.00,
803,		109.32,		169.71,		224.95,
804,		104.71,		173.90,		240.80,
805,		112.54,		179.00,		243.71,
806,		124.09,		182.73,		241.42,
807,		118.22,		184.01,		245.28,
808,		118.48,		184.01,		232.09,
809,		112.75,		183.94,		211.77,
810,		129.54,		184.50,		241.91,
811,		123.27,		184.61,		239.17,
812,		153.23,		185.92,		258.80,
813,		114.50,		185.41,		242.49,
814,		111.51,		181.68,		246.70,
815,		117.68,		181.27,		241.06,
816,		118.59,		183.72,		245.13,
817,		120.23,		184.48,		242.53,
818,		128.71,		187.42,		241.70,
819,		130.05,		186.00,		233.91,
820,		124.60,		185.99,		247.71,
821,		132.05,		190.63,		253.73,
822,		156.49,		188.28,		238.73,
823,		137.40,		191.49,		246.39,
824,		141.75,		197.76,		234.79,
825,		110.69,		184.88,		251.62,
826,		112.33,		189.77,		235.71,
827,		119.42,		192.65,		250.65,
828,		110.29,		178.49,		223.84,
829,		92.86,		180.31,		238.61,
830,		111.33,		189.58,		245.86,
831,		126.79,		188.60,		245.93,
832,		150.72,		191.85,		252.89,
833,		115.34,		183.52,		252.13,
834,		113.12,		175.54,		229.09,
835,		107.58,		172.06,		230.39,
836,		109.41,		167.81,		275.41,
837,		110.41,		171.85,		244.72,
838,		86.23,		168.59,		247.46,
839,		115.47,		166.85,		243.97,
840,		118.99,		164.03,		235.69,
841,		119.38,		163.58,		222.14,
842,		109.75,		163.57,		223.91,
843,		129.63,		163.93,		220.61,
844,		127.28,		163.47,		222.83,
845,		124.36,		163.41,		262.62,
846,		134.96,		164.52,		222.80,
847,		115.73,		159.31,		223.65,
848,		107.81,		158.03,		216.09,
849,		122.03,		156.17,		215.70,
850,		108.63,		161.54,		219.36,
851,		107.75,		156.27,		215.66,
852,		117.81,		161.18,		220.66,
853,		113.77,		164.35,		228.24,
854,		112.27,		165.07,		219.37,
855,		146.41,		171.34,		231.12,
856,		126.34,		169.35,		252.94,
857,		117.58,		181.95,		249.52,
858,		134.35,		174.49,		243.19,
859,		130.96,		170.68,		225.75,
860,		126.45,		168.59,		228.41,
861,		120.18,		180.04,		239.20,
862,		151.68,		180.43,		251.06,
863,		138.02,		173.84,		248.48,
864,		134.26,		173.47,		256.09,
865,		137.39,		178.54,		255.89,
866,		140.29,		172.35,		239.98,
867,		136.81,		170.14,		238.99,
868,		129.79,		185.49,		237.37,
869,		88.98,		162.65,		249.28,
870,		126.52,		164.68,		242.40,
871,		127.55,		165.09,		248.95,
872,		122.08,		168.43,		246.37,
873,		129.43,		166.85,		210.93,
874,		128.49,		166.15,		220.63,
875,		132.79,		167.55,		229.70,
876,		128.94,		166.54,		224.67,
877,		127.46,		166.00,		223.59,
878,		128.32,		165.69,		222.77,
879,		128.77,		165.49,		221.89,
880,		128.79,		165.42,		214.23,
881,		120.15,		164.84,		224.05,
882,		128.86,		165.59,		218.28,
883,		119.29,		165.42,		221.87,
884,		119.53,		165.27,		247.15,
885,		121.65,		166.38,		256.68,
886,		112.80,		162.26,		250.97,
887,		114.60,		164.21,		224.96,
888,		122.74,		161.87,		218.59,
889,		125.46,		159.20,		225.72,
890,		120.92,		162.47,		216.94,
891,		118.02,		163.95,		218.03,
892,		116.76,		165.28,		218.71,
893,		121.10,		165.29,		224.36,
894,		121.00,		165.58,		225.89,
895,		120.55,		165.75,		227.94,
896,		119.45,		166.01,		219.10,
897,		109.23,		166.13,		207.97,
898,		105.26,		165.69,		205.16,
899,		121.41,		172.68,		238.25,
900,		139.41,		193.39,		239.63,
901,		141.94,		202.62,		264.58,
902,		137.83,		194.42,		245.98,
903,		149.60,		203.76,		247.76,
904,		143.59,		191.69,		249.57,
905,		130.99,		185.52,		266.85,
906,		139.12,		180.28,		256.40,
907,		133.82,		173.32,		243.96,
908,		138.85,		176.80,		234.77,
909,		131.68,		178.11,		234.13,
910,		141.51,		174.52,		235.23,
911,		135.71,		173.55,		224.94,
912,		142.60,		172.37,		220.50,
913,		137.36,		172.05,		224.79,
914,		141.63,		172.35,		222.44,
915,		141.34,		172.06,		225.45,
916,		139.87,		172.40,		231.15,
917,		140.49,		174.45,		237.08,
918,		137.80,		173.57,		237.86,
919,		135.57,		172.82,		216.92,
920,		136.03,		172.68,		223.39,
921,		139.90,		172.97,		225.19,
922,		142.04,		172.74,		232.81,
923,		133.87,		183.40,		245.86,
924,		131.64,		189.57,		255.03,
925,		141.50,		197.97,		257.71,
926,		138.48,		225.65,		305.68,
927,		139.47,		215.90,		320.94,
928,		136.73,		210.33,		307.48,
929,		133.53,		208.62,		270.50,
930,		140.61,		207.27,		278.17,
931,		168.47,		208.06,		277.61,
932,		170.73,		206.56,		259.84,
933,		142.21,		205.37,		258.41,
934,		151.66,		205.09,		274.29,
935,		176.03,		205.77,		263.90,
936,		173.75,		205.80,		284.85,
937,		165.99,		204.18,		285.24,
938,		166.29,		204.61,		289.34,
939,		171.92,		205.31,		284.53,
940,		164.91,		205.17,		263.03,
941,		173.22,		205.52,		263.55,
942,		172.59,		205.44,		259.03,
943,		171.37,		205.43,		264.90,
944,		166.13,		205.63,		263.32,
945,		144.71,		205.58,		263.23,
946,		167.99,		205.17,		280.42,
947,		168.64,		204.43,		259.92,
948,		168.97,		204.68,		242.22,
949,		169.63,		203.84,		266.43,
950,		171.89,		204.46,		263.42,
951,		167.40,		205.06,		278.30,
952,		168.00,		204.25,		284.94,
953,		169.62,		207.08,		281.25,
954,		164.62,		199.48,		282.64,
955,		160.89,		196.14,		285.98,
956,		163.41,		195.34,		251.17,
957,		162.87,		193.99,		244.43,
958,		154.30,		193.56,		261.14,
959,		159.63,		193.66,		247.58,
960,		156.20,		201.37,		248.14,
961,		172.64,		197.45,		251.12,
962,		156.77,		198.12,		260.52,
963,		162.52,		198.16,		252.16,
964,		149.02,		195.29,		249.88,
965,		153.07,		196.02,		246.57,
966,		170.68,		196.17,		251.11,
967,		156.50,		202.03,		245.78,
968,		176.81,		198.09,		242.90,
969,		162.05,		196.47,		251.58,
970,		141.79,		185.36,		247.13,
971,		143.24,		183.61,		231.45,
972,		140.31,		178.96,		231.14,
973,		140.55,		187.04,		239.40,
974,		136.76,		177.92,		225.76,
975,		136.89,		185.07,		240.35,
976,		133.45,		187.57,		232.67,
977,		136.41,		188.26,		239.12,
978,		151.16,		177.41,		241.32,
979,		131.02,		173.83,		218.38,
980,		148.35,		175.80,		242.52,
981,		144.75,		174.07,		249.34,
982,		152.89,		182.68,		246.25,
983,		136.27,		184.81,		247.94,
984,		155.96,		179.76,		235.85,
985,		137.63,		185.39,		242.04,
986,		141.61,		183.16,		253.87,
987,		136.96,		186.37,		233.42,
988,		151.30,		176.86,		231.29,
989,		140.86,		183.35,		233.38,
990,		158.47,		192.55,		260.70,
991,		134.67,		192.11,		254.12,
992,		138.70,		191.23,		248.69,
993,		160.52,		191.02,		246.61,
994,		152.41,		190.11,		236.13,
995,		158.06,		190.30,		262.57,
996,		158.05,		192.11,		271.99,
997,		159.88,		192.97,		265.00,
998,		154.78,		194.71,		250.28,
999,		126.66,		185.41,		252.55,
