RANDOM_SEED, 1698990691
GEN,		MIN,				AVE,				MAX,			CONV,					CONV_ACT,
  0,		782.62926,		1043.46148,		1239.41089,				1.18779,				0.95339
  1,		840.30223,		1021.17673,		1207.61814,				1.18258,				0.92894
  2,		842.12373,		1099.40084,		1229.71811,				1.11853,				0.94594
  3,		913.22639,		1052.57213,		1200.01136,				1.14008,				0.92309
  4,		952.27236,		1073.46825,		1218.28898,				1.13491,				0.93715
  5,		937.01166,		1079.59542,		1214.44226,				1.12490,				0.93419
  6,		942.10068,		1088.42510,		1214.00409,				1.11538,				0.93385
  7,		936.26098,		1051.06020,		1178.42719,				1.12118,				0.90648
  8,		933.58987,		1026.78456,		1178.05930,				1.14733,				0.90620
  9,		949.28272,		1017.95414,		1161.71279,				1.14122,				0.89363
 10,		941.17382,		1044.92796,		1169.45813,				1.11918,				0.89958
 11,		953.24636,		1034.78629,		1134.52492,				1.09639,				0.87271
 12,		962.76260,		1044.51719,		1148.39488,				1.09945,				0.88338
 13,		957.73050,		1037.20783,		1099.22316,				1.05979,				0.84556
 14,		956.36816,		1021.39415,		1117.44005,				1.09403,				0.85957
 15,		954.94570,		1027.16841,		1114.54493,				1.08507,				0.85734
 16,		956.72272,		1021.57510,		1113.47158,				1.08996,				0.85652
 17,		955.37401,		1022.95659,		1106.30204,				1.08148,				0.85100
 18,		958.57920,		1017.84593,		1094.89707,				1.07570,				0.84223
 19,		952.09350,		1013.77679,		1080.03452,				1.06536,				0.83080
 20,		970.73472,		1015.00470,		1071.98258,				1.05614,				0.82460
 21,		976.88016,		1015.03429,		1077.31012,				1.06135,				0.82870
 22,		971.66298,		1014.89105,		1053.11128,				1.03766,				0.81009
 23,		956.38605,		1010.35874,		1051.67444,				1.04089,				0.80898
 24,		962.34495,		1007.13332,		1058.11336,				1.05062,				0.81393
 25,		968.15958,		1006.46337,		1054.50613,				1.04773,				0.81116
 26,		957.06859,		1007.25640,		1052.51147,				1.04493,				0.80962
 27,		951.59552,		1010.23498,		1048.66171,				1.03804,				0.80666
 28,		957.85098,		1012.65120,		1048.88444,				1.03578,				0.80683
 29,		962.36107,		1012.88280,		1051.45345,				1.03808,				0.80881
 30,		942.82251,		1014.51414,		1056.36821,				1.04126,				0.81259
 31,		970.25816,		1014.15893,		1053.43142,				1.03872,				0.81033
 32,		928.11188,		1008.61093,		1049.95336,				1.04099,				0.80766
 33,		966.50738,		1011.68578,		1054.53004,				1.04235,				0.81118
 34,		961.70665,		1012.71367,		1056.37682,				1.04312,				0.81260
 35,		962.63057,		1013.56183,		1054.03976,				1.03994,				0.81080
 36,		969.88177,		1012.64247,		1048.69288,				1.03560,				0.80669
 37,		960.63253,		1012.53902,		1036.66709,				1.02383,				0.79744
 38,		976.78066,		1013.55379,		1049.56264,				1.03553,				0.80736
 39,		976.05831,		1013.36116,		1054.84576,				1.04094,				0.81142
 40,		952.40660,		1014.32450,		1051.88701,				1.03703,				0.80914
 41,		957.13332,		1013.22401,		1046.32746,				1.03267,				0.80487
 42,		965.71032,		1013.47562,		1065.96217,				1.05179,				0.81997
 43,		963.52385,		1013.56748,		1045.83494,				1.03184,				0.80449
 44,		970.54087,		1013.17828,		1046.82237,				1.03321,				0.80525
 45,		961.78556,		1013.63327,		1053.88567,				1.03971,				0.81068
 46,		965.49245,		1014.20150,		1057.64395,				1.04283,				0.81357
 47,		967.64114,		1013.50896,		1055.17139,				1.04111,				0.81167
 48,		974.98881,		1027.23253,		1069.23365,				1.04089,				0.82249
 49,		978.59571,		1030.93674,		1063.56990,				1.03165,				0.81813
 50,		940.39432,		1018.22256,		1065.57493,				1.04650,				0.81967
 51,		954.15591,		1023.61637,		1071.90912,				1.04718,				0.82455
 52,		966.20951,		1024.01268,		1080.80166,				1.05546,				0.83139
 53,		968.27466,		1015.45274,		1065.04596,				1.04884,				0.81927
 54,		962.57798,		1029.13355,		1070.73779,				1.04043,				0.82364
 55,		974.37882,		1029.85587,		1071.35625,				1.04030,				0.82412
 56,		949.79573,		1018.85684,		1079.02994,				1.05906,				0.83002
 57,		960.05811,		1017.30675,		1067.31395,				1.04916,				0.82101
 58,		973.91328,		1029.81651,		1079.38383,				1.04813,				0.83030
 59,		966.89927,		1022.74464,		1079.87739,				1.05586,				0.83067
 60,		973.56219,		1032.56309,		1078.33023,				1.04432,				0.82948
 61,		984.69340,		1035.16832,		1070.62777,				1.03425,				0.82356
 62,		982.16888,		1039.64487,		1069.33887,				1.02856,				0.82257
 63,		995.02754,		1037.73604,		1064.00018,				1.02531,				0.81846
 64,		995.57227,		1039.98517,		1067.24524,				1.02621,				0.82096
 65,		974.15995,		1036.99852,		1069.72602,				1.03156,				0.82287
 66,		990.46863,		1033.81764,		1072.39585,				1.03732,				0.82492
 67,		980.25265,		1039.38632,		1075.60563,				1.03485,				0.82739
 68,		982.32533,		1040.63503,		1076.10314,				1.03408,				0.82777
 69,		957.58985,		1040.91148,		1082.93439,				1.04037,				0.83303
 70,		997.02271,		1041.53179,		1069.40072,				1.02676,				0.82262
 71,		1001.28922,		1042.60723,		1083.60328,				1.03932,				0.83354
 72,		1007.70102,		1043.27609,		1082.36436,				1.03747,				0.83259
 73,		998.29520,		1043.02971,		1072.38014,				1.02814,				0.82491
 74,		996.68549,		1042.99677,		1070.29068,				1.02617,				0.82330
 75,		976.79864,		1028.64440,		1069.41238,				1.03963,				0.82262
 76,		969.91358,		1033.87939,		1073.11925,				1.03795,				0.82548
 77,		982.47868,		1037.18549,		1078.52134,				1.03985,				0.82963
 78,		994.58219,		1040.62832,		1084.50421,				1.04216,				0.83423
 79,		978.25195,		1035.85787,		1083.01672,				1.04553,				0.83309
 80,		989.86095,		1039.65676,		1089.10345,				1.04756,				0.83777
 81,		995.30415,		1041.57596,		1088.11630,				1.04468,				0.83701
 82,		1008.63944,		1042.38940,		1083.71580,				1.03965,				0.83363
 83,		975.63720,		1043.11981,		1089.19304,				1.04417,				0.83784
 84,		1002.34947,		1042.73846,		1069.90853,				1.02606,				0.82301
 85,		997.78489,		1042.52928,		1089.41343,				1.04497,				0.83801
 86,		993.19912,		1043.14458,		1069.73836,				1.02549,				0.82288
 87,		992.90713,		1042.67862,		1074.15929,				1.03019,				0.82628
 88,		1001.06824,		1042.73237,		1084.89363,				1.04043,				0.83453
 89,		1001.25044,		1045.45711,		1081.43538,				1.03441,				0.83187
 90,		991.23531,		1041.27333,		1087.02133,				1.04393,				0.83617
 91,		965.91641,		1041.66774,		1083.55661,				1.04021,				0.83351
 92,		992.20583,		1045.12888,		1080.21488,				1.03357,				0.83093
 93,		978.59798,		1032.16515,		1073.84076,				1.04038,				0.82603
 94,		980.04693,		1040.68612,		1088.50181,				1.04595,				0.83731
 95,		961.86555,		1039.99124,		1076.61723,				1.03522,				0.82817
 96,		966.39230,		1046.64397,		1105.25018,				1.05599,				0.85019
 97,		973.02889,		1047.48059,		1125.29491,				1.07429,				0.86561
 98,		990.55212,		1042.77199,		1096.16423,				1.05120,				0.84320
 99,		988.05952,		1045.95294,		1085.35768,				1.03767,				0.83489
100,		986.36795,		1046.86703,		1092.68084,				1.04376,				0.84052
101,		998.48287,		1048.11776,		1092.86232,				1.04269,				0.84066
102,		989.48112,		1043.85169,		1089.08205,				1.04333,				0.83776
103,		991.51715,		1042.49934,		1080.00894,				1.03598,				0.83078
104,		988.54416,		1037.21294,		1096.11732,				1.05679,				0.84317
105,		987.37830,		1043.77563,		1099.08444,				1.05299,				0.84545
106,		987.16386,		1045.73463,		1090.68348,				1.04298,				0.83899
107,		1005.85689,		1048.44914,		1087.59363,				1.03734,				0.83661
108,		1001.11034,		1049.01212,		1098.27744,				1.04696,				0.84483
109,		1002.63705,		1049.16800,		1094.92728,				1.04361,				0.84225
110,		1003.30713,		1048.59270,		1076.07640,				1.02621,				0.82775
111,		1000.26656,		1048.74959,		1084.51669,				1.03410,				0.83424
112,		1005.21167,		1049.40645,		1087.61644,				1.03641,				0.83663
113,		997.83338,		1048.61998,		1090.87412,				1.04030,				0.83913
114,		996.29815,		1048.60229,		1076.98375,				1.02707,				0.82845
115,		1002.54589,		1049.49494,		1083.03283,				1.03196,				0.83310
116,		985.19038,		1048.71130,		1076.15575,				1.02617,				0.82781
117,		998.70193,		1049.24799,		1086.45119,				1.03546,				0.83573
118,		1001.52682,		1050.72018,		1090.00240,				1.03739,				0.83846
119,		993.71834,		1050.14435,		1090.04633,				1.03800,				0.83850
120,		986.43024,		1049.81373,		1081.62734,				1.03030,				0.83202
121,		1014.63894,		1050.34020,		1086.61195,				1.03453,				0.83586
122,		1017.04114,		1050.74844,		1085.79327,				1.03335,				0.83523
123,		1015.09200,		1053.64209,		1106.71029,				1.05037,				0.85132
124,		997.67046,		1052.95921,		1091.39788,				1.03651,				0.83954
125,		1007.51534,		1053.94051,		1089.01563,				1.03328,				0.83770
126,		1000.52644,		1056.62130,		1093.73865,				1.03513,				0.84134
127,		1013.38906,		1054.04309,		1097.56355,				1.04129,				0.84428
128,		1011.60143,		1054.68065,		1082.36232,				1.02625,				0.83259
129,		1019.81419,		1062.76484,		1092.50195,				1.02798,				0.84039
130,		1023.67152,		1063.46900,		1100.27450,				1.03461,				0.84637
131,		1015.48715,		1057.95678,		1099.71638,				1.03947,				0.84594
132,		987.55519,		1063.90422,		1099.52209,				1.03348,				0.84579
133,		1013.58744,		1059.01625,		1099.40325,				1.03814,				0.84569
134,		1019.20834,		1054.70124,		1107.95643,				1.05049,				0.85227
135,		1007.34335,		1061.55571,		1103.00459,				1.03905,				0.84847
136,		1012.70494,		1056.32516,		1115.65984,				1.05617,				0.85820
137,		1012.04825,		1055.24056,		1104.94648,				1.04710,				0.84996
138,		1005.49566,		1055.96582,		1092.00496,				1.03413,				0.84000
139,		1003.38666,		1054.40856,		1087.98138,				1.03184,				0.83691
140,		1015.01506,		1063.45061,		1113.99595,				1.04753,				0.85692
141,		1018.24729,		1062.04308,		1112.89330,				1.04788,				0.85607
142,		1012.22221,		1056.17861,		1104.89991,				1.04613,				0.84992
143,		1005.42026,		1059.98718,		1113.62457,				1.05060,				0.85663
144,		1013.31399,		1056.85376,		1107.56384,				1.04798,				0.85197
145,		1005.13681,		1065.31096,		1111.24008,				1.04311,				0.85480
146,		1001.94447,		1065.03467,		1107.12764,				1.03952,				0.85164
147,		1002.69110,		1060.28656,		1106.90430,				1.04397,				0.85146
148,		997.58929,		1058.22706,		1119.27719,				1.05769,				0.86098
149,		1003.70867,		1056.69238,		1119.71416,				1.05964,				0.86132
150,		1009.41446,		1047.66429,		1095.99910,				1.04614,				0.84308
151,		984.81886,		1048.00606,		1099.25718,				1.04890,				0.84558
152,		1001.30471,		1046.80181,		1097.90664,				1.04882,				0.84454
153,		1001.07127,		1050.62746,		1100.41941,				1.04739,				0.84648
154,		1004.24826,		1052.60017,		1097.19321,				1.04236,				0.84399
155,		1007.53549,		1053.70990,		1096.30618,				1.04043,				0.84331
156,		1012.88044,		1056.36338,		1083.68481,				1.02586,				0.83360
157,		1015.03312,		1059.84845,		1100.89388,				1.03873,				0.84684
158,		1010.65616,		1066.72746,		1099.18448,				1.03043,				0.84553
159,		1003.12993,		1044.83057,		1102.69775,				1.05538,				0.84823
160,		995.30338,		1059.80473,		1102.40911,				1.04020,				0.84801
161,		1003.22328,		1060.34713,		1105.36031,				1.04245,				0.85028
162,		987.25037,		1045.15772,		1099.09071,				1.05160,				0.84545
163,		988.01129,		1035.61926,		1099.69155,				1.06187,				0.84592
164,		985.08217,		1045.35021,		1102.37372,				1.05455,				0.84798
165,		996.41696,		1052.27551,		1106.60730,				1.05163,				0.85124
166,		997.03047,		1053.96836,		1103.13860,				1.04665,				0.84857
167,		982.56905,		1037.45047,		1088.25102,				1.04897,				0.83712
168,		980.33153,		1048.96431,		1090.36096,				1.03946,				0.83874
169,		988.19739,		1049.42947,		1090.00590,				1.03867,				0.83847
170,		993.46178,		1050.00172,		1090.21460,				1.03830,				0.83863
171,		1004.26547,		1050.97392,		1098.32211,				1.04505,				0.84486
172,		1013.18524,		1051.16894,		1090.92538,				1.03782,				0.83917
173,		1009.74807,		1050.92196,		1095.09312,				1.04203,				0.84238
174,		1008.43865,		1049.23748,		1102.27369,				1.05055,				0.84790
175,		1004.91651,		1049.97741,		1094.31948,				1.04223,				0.84178
176,		991.26908,		1050.19609,		1092.41501,				1.04020,				0.84032
177,		994.69802,		1049.27803,		1093.52834,				1.04217,				0.84118
178,		996.87826,		1049.86999,		1092.84716,				1.04094,				0.84065
179,		1013.24656,		1051.56623,		1097.86636,				1.04403,				0.84451
180,		983.51667,		1050.95643,		1096.72024,				1.04354,				0.84363
181,		982.68971,		1065.14139,		1122.53845,				1.05389,				0.86349
182,		1006.18543,		1072.30565,		1105.56290,				1.03101,				0.85043
183,		1008.92960,		1066.30676,		1101.49882,				1.03300,				0.84731
184,		1023.81953,		1073.17688,		1099.25779,				1.02430,				0.84558
185,		1015.46034,		1071.37390,		1110.16968,				1.03621,				0.85398
186,		1038.53428,		1078.08055,		1124.14801,				1.04273,				0.86473
187,		1023.27108,		1079.82754,		1126.44559,				1.04317,				0.86650
188,		1024.77552,		1076.59126,		1131.32515,				1.05084,				0.87025
189,		1027.43046,		1068.01782,		1124.33072,				1.05273,				0.86487
190,		1022.40749,		1067.52406,		1125.86455,				1.05465,				0.86605
191,		1015.53265,		1064.49234,		1126.08864,				1.05786,				0.86622
192,		1014.87669,		1061.20906,		1110.80260,				1.04673,				0.85446
193,		1014.73316,		1061.31706,		1098.47239,				1.03501,				0.84498
194,		1018.50931,		1059.77267,		1112.78051,				1.05002,				0.85599
195,		1022.80711,		1061.43283,		1099.94515,				1.03628,				0.84611
196,		1025.22719,		1061.07906,		1094.35461,				1.03136,				0.84181
197,		1011.58619,		1059.92789,		1100.00594,				1.03781,				0.84616
198,		1014.37012,		1060.56136,		1093.40559,				1.03097,				0.84108
199,		1016.12001,		1060.91781,		1092.31405,				1.02959,				0.84024
200,		1009.06506,		1059.46365,		1097.58744,				1.03598,				0.84430
201,		1012.76174,		1059.66470,		1096.16396,				1.03444,				0.84320
202,		1010.29955,		1067.71766,		1115.42808,				1.04468,				0.85802
203,		1006.46833,		1054.96947,		1090.65231,				1.03382,				0.83896
204,		1004.89834,		1056.39761,		1093.31385,				1.03495,				0.84101
205,		1003.14160,		1049.39509,		1102.86321,				1.05095,				0.84836
206,		983.63931,		1051.85817,		1097.95517,				1.04382,				0.84458
207,		983.43219,		1055.99305,		1096.13504,				1.03801,				0.84318
208,		978.51747,		1054.13102,		1098.10170,				1.04171,				0.84469
209,		1008.84741,		1051.60024,		1083.33757,				1.03018,				0.83334
210,		1005.15238,		1053.62985,		1117.10646,				1.06025,				0.85931
211,		1011.35254,		1052.65891,		1121.16908,				1.06508,				0.86244
212,		1016.59149,		1055.85196,		1094.24625,				1.03636,				0.84173
213,		1012.60307,		1057.83076,		1101.41598,				1.04120,				0.84724
214,		1026.95406,		1055.39055,		1087.47035,				1.03040,				0.83652
215,		1017.94408,		1053.89171,		1092.66329,				1.03679,				0.84051
216,		1001.21353,		1047.93755,		1086.52331,				1.03682,				0.83579
217,		1003.45618,		1044.69942,		1078.81785,				1.03266,				0.82986
218,		988.89152,		1043.00451,		1084.80500,				1.04008,				0.83447
219,		1002.57421,		1042.54088,		1087.88164,				1.04349,				0.83683
220,		1004.08103,		1045.34363,		1099.47214,				1.05178,				0.84575
221,		1000.60601,		1046.18375,		1099.36912,				1.05084,				0.84567
222,		990.68753,		1044.68474,		1099.35092,				1.05233,				0.84565
223,		996.43972,		1045.02810,		1097.53004,				1.05024,				0.84425
224,		996.25891,		1046.46511,		1099.98128,				1.05114,				0.84614
225,		968.84547,		1023.46598,		1098.14786,				1.07297,				0.84473
226,		963.01988,		1011.00306,		1093.96014,				1.08205,				0.84151
227,		952.99535,		1004.55491,		1072.88363,				1.06802,				0.82530
228,		947.59661,		1001.11624,		1055.07192,				1.05390,				0.81159
229,		965.18493,		1001.54892,		1054.55916,				1.05293,				0.81120
230,		965.16454,		1004.19424,		1051.44461,				1.04705,				0.80880
231,		951.11561,		1000.31190,		1045.89831,				1.04557,				0.80454
232,		947.71504,		999.06923,		1055.14295,				1.05613,				0.81165
233,		951.84523,		999.37983,		1044.83775,				1.04549,				0.80372
234,		923.25424,		1001.03516,		1042.41361,				1.04134,				0.80186
235,		953.52193,		1003.00387,		1037.64815,				1.03454,				0.79819
236,		934.07503,		1006.45395,		1037.69148,				1.03104,				0.79822
237,		936.63477,		1006.40509,		1035.71684,				1.02913,				0.79671
238,		935.88841,		1006.25621,		1042.01871,				1.03554,				0.80155
239,		960.65685,		1006.82134,		1045.04128,				1.03796,				0.80388
240,		959.18188,		1007.23937,		1060.43468,				1.05281,				0.81572
241,		963.97345,		1007.27876,		1060.84329,				1.05318,				0.81603
242,		972.19006,		1007.87520,		1052.77845,				1.04455,				0.80983
243,		967.37515,		1008.07416,		1039.31516,				1.03099,				0.79947
244,		962.46205,		1006.25817,		1037.03699,				1.03059,				0.79772
245,		975.52413,		1009.64427,		1047.83852,				1.03783,				0.80603
246,		967.96280,		1008.44001,		1053.78086,				1.04496,				0.81060
247,		966.87496,		1008.99161,		1040.96317,				1.03169,				0.80074
248,		967.32628,		1012.11560,		1042.39659,				1.02992,				0.80184
249,		969.33168,		1019.18575,		1062.30981,				1.04231,				0.81716
250,		979.78830,		1029.87819,		1071.32748,				1.04025,				0.82410
251,		959.50479,		1020.77695,		1056.67793,				1.03517,				0.81283
252,		965.46790,		1025.48785,		1069.03347,				1.04246,				0.82233
253,		963.07489,		1028.37018,		1078.45094,				1.04870,				0.82958
254,		958.89264,		1028.98676,		1097.42623,				1.06651,				0.84417
255,		962.76819,		1028.87433,		1103.50626,				1.07254,				0.84885
256,		975.86891,		1029.76081,		1096.50427,				1.06481,				0.84346
257,		978.09453,		1020.21155,		1075.35536,				1.05405,				0.82720
258,		961.49890,		1024.27882,		1070.84794,				1.04547,				0.82373
259,		965.33843,		1027.47099,		1069.68235,				1.04108,				0.82283
260,		964.42794,		1018.72235,		1053.71358,				1.03435,				0.81055
261,		971.99971,		1015.34706,		1060.00975,				1.04399,				0.81539
262,		988.63906,		1018.17678,		1046.09699,				1.02742,				0.80469
263,		964.85215,		1012.76881,		1072.13293,				1.05862,				0.82472
264,		966.61967,		1021.60897,		1070.99014,				1.04834,				0.82384
265,		968.46892,		1014.91701,		1051.88955,				1.03643,				0.80915
266,		965.10479,		1014.75327,		1061.21988,				1.04579,				0.81632
267,		961.48677,		1022.23631,		1051.81400,				1.02893,				0.80909
268,		956.67371,		1016.49009,		1069.27508,				1.05193,				0.82252
269,		979.20330,		1013.89838,		1060.58331,				1.04604,				0.81583
270,		963.78865,		1010.92572,		1064.06790,				1.05257,				0.81851
271,		959.49558,		1009.61204,		1048.81339,				1.03883,				0.80678
272,		963.35359,		1009.78637,		1074.12041,				1.06371,				0.82625
273,		939.86473,		1006.98947,		1066.47701,				1.05907,				0.82037
274,		957.20713,		1013.69064,		1072.83032,				1.05834,				0.82525
275,		964.32426,		1023.10189,		1073.21712,				1.04898,				0.82555
276,		961.50884,		1018.06789,		1080.56226,				1.06139,				0.83120
277,		953.44556,		1011.43865,		1077.75025,				1.06556,				0.82904
278,		964.86230,		1019.77598,		1075.18070,				1.05433,				0.82706
279,		975.44782,		1018.26153,		1056.85681,				1.03790,				0.81297
280,		981.81849,		1023.10731,		1055.60895,				1.03177,				0.81201
281,		975.45659,		1026.00122,		1068.65154,				1.04157,				0.82204
282,		977.73769,		1026.76268,		1063.39613,				1.03568,				0.81800
283,		983.70630,		1027.65854,		1069.32749,				1.04055,				0.82256
284,		981.52412,		1027.80788,		1073.31646,				1.04428,				0.82563
285,		988.49700,		1027.52152,		1069.66664,				1.04102,				0.82282
286,		975.56480,		1026.84605,		1073.39796,				1.04533,				0.82569
287,		977.30528,		1023.76013,		1071.60186,				1.04673,				0.82431
288,		974.27879,		1018.96743,		1071.22087,				1.05128,				0.82402
289,		970.17050,		1014.00963,		1076.42913,				1.06156,				0.82802
290,		972.75539,		1020.30718,		1055.44838,				1.03444,				0.81188
291,		977.84485,		1026.30689,		1078.83493,				1.05118,				0.82987
292,		983.77220,		1028.69481,		1076.24669,				1.04623,				0.82788
293,		975.82297,		1021.09750,		1072.20994,				1.05006,				0.82478
294,		973.12144,		1020.21989,		1057.94640,				1.03698,				0.81380
295,		971.85196,		1017.34107,		1064.27434,				1.04613,				0.81867
296,		979.88921,		1016.06185,		1069.88509,				1.05297,				0.82299
297,		987.89352,		1023.66179,		1078.57348,				1.05364,				0.82967
298,		985.91426,		1026.26144,		1073.14597,				1.04568,				0.82550
299,		984.39708,		1027.14243,		1066.53746,				1.03835,				0.82041
300,		984.28487,		1029.20733,		1061.83806,				1.03170,				0.81680
301,		985.07586,		1028.02468,		1075.34154,				1.04603,				0.82719
302,		982.88288,		1027.83315,		1061.33425,				1.03259,				0.81641
303,		981.11831,		1027.17061,		1063.18708,				1.03506,				0.81784
304,		981.85668,		1027.84441,		1066.53392,				1.03764,				0.82041
305,		986.90223,		1028.13853,		1078.69654,				1.04917,				0.82977
306,		980.23218,		1027.96127,		1071.74091,				1.04259,				0.82442
307,		983.78145,		1028.06629,		1069.49343,				1.04030,				0.82269
308,		982.49128,		1028.35406,		1067.77736,				1.03834,				0.82137
309,		968.20787,		1028.11171,		1072.98050,				1.04364,				0.82537
310,		984.69189,		1028.52556,		1073.66313,				1.04389,				0.82589
311,		985.32297,		1028.91707,		1063.90065,				1.03400,				0.81839
312,		982.96789,		1030.85892,		1075.88023,				1.04367,				0.82760
313,		985.05777,		1031.05547,		1074.51929,				1.04215,				0.82655
314,		968.56302,		1030.67349,		1075.49009,				1.04348,				0.82730
315,		980.96582,		1031.05884,		1076.36718,				1.04394,				0.82797
316,		982.87708,		1039.01043,		1083.95633,				1.04326,				0.83381
317,		978.89516,		1035.11334,		1076.55666,				1.04004,				0.82812
318,		981.92035,		1033.76653,		1071.63220,				1.03663,				0.82433
319,		984.40684,		1032.69877,		1072.18255,				1.03823,				0.82476
320,		984.12940,		1031.66871,		1069.74475,				1.03691,				0.82288
321,		984.18003,		1031.09522,		1074.66827,				1.04226,				0.82667
322,		970.80780,		1031.11657,		1075.21309,				1.04277,				0.82709
323,		985.30780,		1030.98177,		1069.05085,				1.03693,				0.82235
324,		984.90859,		1030.96483,		1076.19364,				1.04387,				0.82784
325,		995.57715,		1031.57748,		1073.33312,				1.04048,				0.82564
326,		986.09162,		1031.47958,		1073.67472,				1.04091,				0.82590
327,		980.12219,		1031.29755,		1072.63494,				1.04008,				0.82510
328,		979.68398,		1031.19273,		1067.60422,				1.03531,				0.82123
329,		945.99911,		1031.43725,		1070.55156,				1.03792,				0.82350
330,		985.13497,		1032.49462,		1068.95493,				1.03531,				0.82227
331,		978.13047,		1032.12643,		1073.46181,				1.04005,				0.82574
332,		983.94752,		1040.23210,		1073.72169,				1.03219,				0.82594
333,		983.56032,		1039.28196,		1075.14509,				1.03451,				0.82703
334,		976.14140,		1033.43416,		1078.16121,				1.04328,				0.82935
335,		976.65782,		1027.30257,		1065.87872,				1.03755,				0.81991
336,		991.88681,		1027.76787,		1068.74735,				1.03987,				0.82211
337,		975.83473,		1030.86991,		1073.98465,				1.04182,				0.82614
338,		971.79832,		1032.34631,		1066.97954,				1.03355,				0.82075
339,		990.51411,		1033.98873,		1088.41177,				1.05263,				0.83724
340,		992.67803,		1030.17436,		1074.48131,				1.04301,				0.82652
341,		989.31424,		1032.48787,		1073.70138,				1.03992,				0.82592
342,		1002.45124,		1033.36161,		1071.66724,				1.03707,				0.82436
343,		1002.23644,		1033.68754,		1066.06081,				1.03132,				0.82005
344,		986.48706,		1030.61115,		1074.78222,				1.04286,				0.82676
345,		992.64759,		1029.37155,		1069.88674,				1.03936,				0.82299
346,		995.14901,		1028.60188,		1064.04034,				1.03445,				0.81849
347,		989.98986,		1031.34898,		1066.70081,				1.03428,				0.82054
348,		988.58122,		1032.83290,		1074.79421,				1.04063,				0.82676
349,		970.31573,		1032.54176,		1076.61992,				1.04269,				0.82817
350,		995.53248,		1032.30925,		1075.64867,				1.04198,				0.82742
351,		990.04693,		1023.73317,		1077.66914,				1.05269,				0.82898
352,		981.64306,		1030.21683,		1071.97102,				1.04053,				0.82459
353,		989.23123,		1033.68669,		1082.48447,				1.04721,				0.83268
354,		994.94899,		1044.31587,		1076.18919,				1.03052,				0.82784
355,		984.89667,		1031.39482,		1066.11391,				1.03366,				0.82009
356,		988.37743,		1043.20101,		1090.44991,				1.04529,				0.83881
357,		976.79350,		1030.82697,		1075.18903,				1.04304,				0.82707
358,		971.61631,		1025.30613,		1068.14963,				1.04179,				0.82165
359,		974.11307,		1030.12530,		1077.72918,				1.04621,				0.82902
360,		978.53636,		1024.91257,		1075.16866,				1.04903,				0.82705
361,		991.50682,		1022.04169,		1077.22181,				1.05399,				0.82863
362,		977.61956,		1022.47498,		1066.16519,				1.04273,				0.82013
363,		962.93690,		1020.69137,		1061.63488,				1.04011,				0.81664
364,		958.61555,		1020.54984,		1069.51196,				1.04798,				0.82270
365,		949.51323,		1015.40481,		1057.21893,				1.04118,				0.81325
366,		967.15244,		1023.24865,		1056.10790,				1.03211,				0.81239
367,		985.13272,		1030.54990,		1105.41624,				1.07265,				0.85032
368,		982.22809,		1024.89111,		1068.98260,				1.04302,				0.82229
369,		982.98330,		1029.31650,		1083.07393,				1.05223,				0.83313
370,		966.52164,		1024.53503,		1104.13625,				1.07769,				0.84934
371,		964.79334,		1021.91879,		1097.80549,				1.07426,				0.84447
372,		978.53443,		1020.72512,		1064.10724,				1.04250,				0.81854
373,		970.51647,		1034.34070,		1073.14480,				1.03752,				0.82550
374,		976.14276,		1027.45364,		1085.15576,				1.05616,				0.83474
375,		972.43044,		1025.52179,		1072.04059,				1.04536,				0.82465
376,		970.57835,		1029.36256,		1081.88133,				1.05102,				0.83222
377,		950.14010,		1024.16513,		1083.96870,				1.05839,				0.83382
378,		973.30995,		1023.73899,		1085.08492,				1.05992,				0.83468
379,		984.99226,		1024.23726,		1083.49976,				1.05786,				0.83346
380,		972.23925,		1022.12741,		1068.77453,				1.04564,				0.82213
381,		978.92087,		1023.44763,		1072.43199,				1.04786,				0.82495
382,		979.05858,		1017.64165,		1066.89549,				1.04840,				0.82069
383,		965.87555,		1019.08571,		1065.87547,				1.04591,				0.81990
384,		951.92463,		1021.85970,		1057.11917,				1.03451,				0.81317
385,		952.87797,		1024.12863,		1075.89501,				1.05055,				0.82761
386,		971.33245,		1025.52398,		1069.73574,				1.04311,				0.82287
387,		974.99570,		1025.98109,		1066.34965,				1.03935,				0.82027
388,		981.54917,		1026.39199,		1073.58121,				1.04598,				0.82583
389,		972.30583,		1023.43599,		1066.94492,				1.04251,				0.82073
390,		970.25598,		1022.56818,		1061.04614,				1.03763,				0.81619
391,		982.08756,		1021.78087,		1061.04567,				1.03843,				0.81619
392,		975.16759,		1021.34202,		1062.02359,				1.03983,				0.81694
393,		984.95808,		1023.12822,		1058.66262,				1.03473,				0.81436
394,		985.55754,		1022.10131,		1061.36712,				1.03842,				0.81644
395,		974.41695,		1023.53793,		1062.99261,				1.03855,				0.81769
396,		946.76733,		1028.46106,		1087.87834,				1.05777,				0.83683
397,		988.42492,		1027.31207,		1073.59697,				1.04505,				0.82584
398,		985.39588,		1030.35426,		1068.75276,				1.03727,				0.82212
399,		987.90190,		1028.96408,		1071.08791,				1.04094,				0.82391
400,		981.96688,		1027.27680,		1062.92442,				1.03470,				0.81763
401,		978.02706,		1026.46958,		1068.53837,				1.04098,				0.82195
402,		983.08176,		1025.77282,		1064.61553,				1.03787,				0.81894
403,		988.00406,		1025.14890,		1070.94799,				1.04468,				0.82381
404,		989.04212,		1029.83664,		1074.65032,				1.04352,				0.82665
405,		993.61760,		1032.15338,		1071.15347,				1.03779,				0.82396
406,		976.71756,		1026.37204,		1070.99055,				1.04347,				0.82384
407,		975.30422,		1029.67618,		1078.77757,				1.04769,				0.82983
408,		989.07027,		1025.75390,		1074.65255,				1.04767,				0.82666
409,		989.78798,		1022.75438,		1078.36323,				1.05437,				0.82951
410,		962.03865,		1021.44723,		1073.42759,				1.05089,				0.82571
411,		984.25539,		1020.83404,		1077.09829,				1.05512,				0.82854
412,		984.79002,		1020.98427,		1077.90692,				1.05575,				0.82916
413,		980.54065,		1035.17676,		1078.66722,				1.04201,				0.82974
414,		971.66595,		1026.62597,		1082.83422,				1.05475,				0.83295
415,		974.09727,		1023.11391,		1076.44590,				1.05213,				0.82804
416,		974.70835,		1021.38535,		1078.30262,				1.05573,				0.82946
417,		967.88681,		1029.16948,		1080.92225,				1.05029,				0.83148
418,		968.68925,		1022.85856,		1078.06867,				1.05398,				0.82928
419,		968.59101,		1022.20294,		1079.13015,				1.05569,				0.83010
420,		985.28980,		1024.97871,		1074.06572,				1.04789,				0.82620
421,		983.20898,		1024.07518,		1075.56220,				1.05028,				0.82736
422,		980.02498,		1032.89023,		1079.04652,				1.04469,				0.83004
423,		980.42784,		1028.13219,		1079.29278,				1.04976,				0.83023
424,		974.31724,		1034.56800,		1105.78418,				1.06884,				0.85060
425,		975.24332,		1036.78964,		1082.15497,				1.04376,				0.83243
426,		966.97594,		1036.34112,		1076.03537,				1.03830,				0.82772
427,		1007.91295,		1038.76235,		1090.06426,				1.04939,				0.83851
428,		1010.43892,		1039.83105,		1077.06685,				1.03581,				0.82851
429,		1008.43443,		1040.62568,		1077.56113,				1.03549,				0.82889
430,		1005.40167,		1040.83460,		1081.15999,				1.03874,				0.83166
431,		994.74854,		1040.51557,		1079.07241,				1.03706,				0.83006
432,		1000.96986,		1038.10349,		1069.77778,				1.03051,				0.82291
433,		987.06595,		1036.96167,		1077.05431,				1.03866,				0.82850
434,		1000.28185,		1036.34564,		1071.17785,				1.03361,				0.82398
435,		997.69396,		1038.27763,		1080.63239,				1.04079,				0.83126
436,		988.83694,		1036.36422,		1081.97522,				1.04401,				0.83229
437,		995.55490,		1037.73911,		1076.70734,				1.03755,				0.82824
438,		992.13059,		1038.28632,		1075.12965,				1.03548,				0.82702
439,		997.79476,		1039.10070,		1076.34825,				1.03585,				0.82796
440,		994.40524,		1038.31898,		1083.75613,				1.04376,				0.83366
441,		998.72432,		1037.95144,		1076.51270,				1.03715,				0.82809
442,		989.18212,		1039.26139,		1075.49366,				1.03486,				0.82730
443,		988.96466,		1048.63116,		1098.65874,				1.04771,				0.84512
444,		994.42429,		1038.49646,		1099.80385,				1.05903,				0.84600
445,		997.53831,		1038.42695,		1103.80334,				1.06296,				0.84908
446,		995.32648,		1038.61141,		1103.65452,				1.06263,				0.84897
447,		1007.17083,		1039.93913,		1099.04058,				1.05683,				0.84542
448,		1001.92662,		1048.98897,		1099.86436,				1.04850,				0.84605
449,		1005.01891,		1044.15754,		1100.29755,				1.05377,				0.84638
450,		1000.58475,		1046.14236,		1095.84026,				1.04751,				0.84295
451,		1011.80068,		1051.10915,		1092.52423,				1.03940,				0.84040
452,		1003.37422,		1053.34897,		1092.89170,				1.03754,				0.84069
453,		1009.79347,		1055.03073,		1094.43030,				1.03734,				0.84187
454,		1017.56862,		1056.02321,		1098.04141,				1.03979,				0.84465
455,		1012.11705,		1056.76979,		1107.77237,				1.04826,				0.85213
456,		1008.04167,		1054.56629,		1092.52389,				1.03599,				0.84040
457,		995.33140,		1046.33049,		1091.40878,				1.04308,				0.83955
458,		989.84299,		1045.17293,		1081.46816,				1.03473,				0.83190
459,		976.49966,		1046.11263,		1079.96379,				1.03236,				0.83074
460,		972.00143,		1039.46385,		1073.96025,				1.03319,				0.82612
461,		985.52084,		1033.73813,		1070.55466,				1.03561,				0.82350
462,		973.65281,		1039.14092,		1080.73939,				1.04003,				0.83134
463,		972.49484,		1038.87106,		1088.22774,				1.04751,				0.83710
464,		986.37573,		1038.91940,		1085.15034,				1.04450,				0.83473
465,		951.59530,		1018.95855,		1084.22885,				1.06406,				0.83402
466,		954.70107,		1030.90290,		1090.28505,				1.05760,				0.83868
467,		957.22241,		1035.68369,		1082.37641,				1.04508,				0.83260
468,		955.80247,		1039.84663,		1083.54233,				1.04202,				0.83349
469,		981.40403,		1041.43697,		1076.87263,				1.03403,				0.82836
470,		978.16443,		1043.62308,		1089.23135,				1.04370,				0.83787
471,		993.65794,		1043.97688,		1084.89013,				1.03919,				0.83453
472,		999.42373,		1043.71850,		1077.50451,				1.03237,				0.82885
473,		995.58701,		1043.06040,		1086.55130,				1.04170,				0.83581
474,		996.35859,		1043.97847,		1083.55140,				1.03791,				0.83350
475,		989.42605,		1043.65951,		1100.51748,				1.05448,				0.84655
476,		999.03826,		1044.34653,		1103.26828,				1.05642,				0.84867
477,		1007.39017,		1044.53983,		1083.70286,				1.03749,				0.83362
478,		1021.20751,		1044.96907,		1100.13382,				1.05279,				0.84626
479,		1006.53373,		1044.89025,		1085.33156,				1.03870,				0.83487
480,		1002.15070,		1051.94272,		1103.78672,				1.04928,				0.84907
481,		994.07045,		1055.72906,		1102.37143,				1.04418,				0.84798
482,		1000.53675,		1054.48144,		1114.32967,				1.05676,				0.85718
483,		998.51620,		1051.58927,		1091.53950,				1.03799,				0.83965
484,		994.71130,		1053.41772,		1105.05466,				1.04902,				0.85004
485,		1010.83893,		1060.52232,		1101.02407,				1.03819,				0.84694
486,		997.50964,		1054.50405,		1101.78044,				1.04483,				0.84752
487,		990.10242,		1052.46649,		1097.77264,				1.04305,				0.84444
488,		1011.44700,		1047.17968,		1090.60972,				1.04147,				0.83893
489,		1002.35090,		1045.64267,		1080.32823,				1.03317,				0.83102
490,		1014.36946,		1045.69476,		1083.26112,				1.03592,				0.83328
491,		1000.41888,		1045.52687,		1085.32296,				1.03806,				0.83486
492,		1001.05726,		1045.97600,		1083.35530,				1.03574,				0.83335
493,		1008.77686,		1045.47432,		1078.14007,				1.03124,				0.82934
494,		1005.66293,		1046.63232,		1082.56407,				1.03433,				0.83274
495,		1006.15510,		1047.45092,		1084.04068,				1.03493,				0.83388
496,		1004.50110,		1047.50767,		1076.73217,				1.02790,				0.82826
497,		1001.26576,		1047.47140,		1100.71959,				1.05083,				0.84671
498,		996.34023,		1046.84211,		1083.32971,				1.03485,				0.83333
499,		999.41544,		1047.25601,		1079.71293,				1.03099,				0.83055
500,		1002.09566,		1046.82498,		1085.75765,				1.03719,				0.83520
501,		1003.87964,		1047.13552,		1085.64789,				1.03678,				0.83511
502,		1009.65390,		1046.18000,		1088.36484,				1.04032,				0.83720
503,		1008.72449,		1046.63965,		1091.96400,				1.04330,				0.83997
504,		996.48131,		1046.46404,		1084.75331,				1.03659,				0.83443
505,		1003.26360,		1046.94616,		1090.59925,				1.04170,				0.83892
506,		990.95482,		1042.75420,		1085.64106,				1.04113,				0.83511
507,		989.46678,		1044.27337,		1080.86412,				1.03504,				0.83143
508,		994.08781,		1045.04766,		1068.69938,				1.02263,				0.82208
509,		1014.42375,		1046.22008,		1084.30794,				1.03641,				0.83408
510,		1005.22564,		1045.83075,		1088.73937,				1.04103,				0.83749
511,		998.40002,		1046.48886,		1084.87206,				1.03668,				0.83452
512,		997.11282,		1050.88742,		1084.41645,				1.03191,				0.83417
513,		1006.86785,		1048.81756,		1104.21383,				1.05282,				0.84940
514,		996.76122,		1049.86758,		1083.82693,				1.03235,				0.83371
515,		1001.61821,		1048.46758,		1083.00741,				1.03294,				0.83308
516,		1001.10051,		1052.73191,		1112.01557,				1.05631,				0.85540
517,		1003.97623,		1049.23774,		1088.82690,				1.03773,				0.83756
518,		990.10280,		1048.53811,		1097.54939,				1.04674,				0.84427
519,		993.42043,		1044.91112,		1084.14844,				1.03755,				0.83396
520,		989.06510,		1039.70761,		1082.47251,				1.04113,				0.83267
521,		989.88406,		1039.02561,		1088.00821,				1.04714,				0.83693
522,		976.83230,		1040.74920,		1077.44122,				1.03526,				0.82880
523,		984.42437,		1041.59876,		1081.84601,				1.03864,				0.83219
524,		994.16788,		1053.58784,		1091.17580,				1.03568,				0.83937
525,		999.55823,		1060.20860,		1093.34696,				1.03126,				0.84104
526,		998.04577,		1056.28645,		1099.03745,				1.04047,				0.84541
527,		997.18613,		1053.94061,		1091.76029,				1.03588,				0.83982
528,		998.73407,		1059.98067,		1104.75109,				1.04224,				0.84981
529,		999.29291,		1062.20485,		1110.90692,				1.04585,				0.85454
530,		1021.03203,		1063.02558,		1108.23110,				1.04253,				0.85249
531,		1028.50216,		1063.11791,		1102.59362,				1.03713,				0.84815
532,		1024.25676,		1067.98725,		1108.44869,				1.03789,				0.85265
533,		1019.09735,		1064.72632,		1095.82952,				1.02921,				0.84295
534,		1015.38343,		1068.56775,		1113.44069,				1.04199,				0.85649
535,		1012.85434,		1068.01861,		1095.14747,				1.02540,				0.84242
536,		1013.87422,		1065.83385,		1099.81999,				1.03189,				0.84602
537,		995.71760,		1068.27990,		1107.62268,				1.03683,				0.85202
538,		1024.69509,		1073.82845,		1117.36377,				1.04054,				0.85951
539,		1031.90119,		1074.29275,		1109.73709,				1.03299,				0.85364
540,		986.90121,		1054.97258,		1114.41254,				1.05634,				0.85724
541,		994.21798,		1063.01089,		1114.94507,				1.04886,				0.85765
542,		996.54919,		1050.03979,		1120.01716,				1.06664,				0.86155
543,		993.67149,		1060.37094,		1115.93858,				1.05240,				0.85841
544,		991.51360,		1048.17471,		1110.95835,				1.05990,				0.85458
545,		1012.86383,		1050.10614,		1108.51821,				1.05562,				0.85271
546,		994.79703,		1041.70293,		1112.12732,				1.06761,				0.85548
547,		1000.06203,		1039.51879,		1085.54080,				1.04427,				0.83503
548,		1000.09753,		1036.80601,		1087.33966,				1.04874,				0.83642
549,		1004.24377,		1036.42091,		1080.37513,				1.04241,				0.83106
550,		990.86079,		1035.96508,		1074.20939,				1.03692,				0.82631
551,		988.63779,		1035.53463,		1075.40540,				1.03850,				0.82723
552,		985.06739,		1036.28519,		1090.07754,				1.05191,				0.83852
553,		984.39079,		1035.37956,		1090.63749,				1.05337,				0.83895
554,		982.28357,		1030.56108,		1078.58261,				1.04660,				0.82968
555,		976.79027,		1028.27406,		1082.30769,				1.05255,				0.83254
556,		988.90664,		1031.94457,		1068.72725,				1.03564,				0.82210
557,		980.20490,		1028.74641,		1066.71146,				1.03690,				0.82055
558,		989.68025,		1033.81878,		1077.47974,				1.04223,				0.82883
559,		975.37742,		1029.69825,		1067.49746,				1.03671,				0.82115
560,		970.71566,		1033.79981,		1077.39618,				1.04217,				0.82877
561,		980.44176,		1033.25462,		1076.68842,				1.04204,				0.82822
562,		990.56769,		1033.58758,		1069.20741,				1.03446,				0.82247
563,		993.81218,		1035.22409,		1093.39042,				1.05619,				0.84107
564,		1007.52980,		1037.19426,		1097.12211,				1.05778,				0.84394
565,		991.78914,		1037.57411,		1080.17460,				1.04106,				0.83090
566,		982.19281,		1036.09705,		1090.94689,				1.05294,				0.83919
567,		986.57572,		1033.97185,		1084.48675,				1.04886,				0.83422
568,		975.13790,		1020.87103,		1074.96744,				1.05299,				0.82690
569,		986.29842,		1028.97423,		1080.75340,				1.05032,				0.83135
570,		982.06147,		1024.10722,		1114.26004,				1.08803,				0.85712
571,		994.60024,		1027.48139,		1106.53419,				1.07694,				0.85118
572,		977.74004,		1020.28972,		1086.64517,				1.06504,				0.83588
573,		975.77299,		1016.18938,		1073.18772,				1.05609,				0.82553
574,		978.56670,		1016.61911,		1072.42705,				1.05490,				0.82494
575,		989.74659,		1022.88326,		1067.42167,				1.04354,				0.82109
576,		988.54388,		1035.35200,		1089.90139,				1.05269,				0.83839
577,		986.48426,		1037.17639,		1108.10920,				1.06839,				0.85239
578,		977.44552,		1039.82635,		1111.57899,				1.06900,				0.85506
579,		977.48340,		1033.04203,		1116.76886,				1.08105,				0.85905
580,		974.21958,		1027.78241,		1107.96739,				1.07802,				0.85228
581,		973.79520,		1024.81460,		1106.65116,				1.07985,				0.85127
582,		986.03745,		1024.01763,		1113.83290,				1.08771,				0.85679
583,		980.95304,		1022.06925,		1086.88182,				1.06341,				0.83606
584,		971.05258,		1021.57456,		1072.56226,				1.04991,				0.82505
585,		974.60439,		1021.20078,		1069.28475,				1.04709,				0.82253
586,		972.76912,		1020.82617,		1075.33348,				1.05340,				0.82718
587,		979.62188,		1021.01085,		1067.83467,				1.04586,				0.82141
588,		973.72974,		1020.44852,		1072.18575,				1.05070,				0.82476
589,		989.40633,		1021.06468,		1070.73489,				1.04865,				0.82364
590,		984.81085,		1020.88398,		1073.56680,				1.05161,				0.82582
591,		987.26850,		1021.36896,		1075.06297,				1.05257,				0.82697
592,		970.84689,		1015.67017,		1076.67839,				1.06007,				0.82821
593,		976.10024,		1018.09525,		1065.16148,				1.04623,				0.81935
594,		968.12507,		1010.89528,		1068.11640,				1.05660,				0.82163
595,		954.11349,		1001.74079,		1069.70181,				1.06784,				0.82285
596,		951.88699,		1002.44977,		1062.98946,				1.06039,				0.81768
597,		964.49112,		1012.62928,		1062.76870,				1.04951,				0.81751
598,		955.67376,		1009.78038,		1063.44447,				1.05314,				0.81803
599,		948.18448,		1009.76970,		1054.94231,				1.04474,				0.81149
600,		968.99711,		1018.43620,		1063.52653,				1.04427,				0.81810
601,		975.90378,		1022.79642,		1079.60786,				1.05555,				0.83047
602,		979.44727,		1043.22828,		1102.12024,				1.05645,				0.84778
603,		962.31820,		1053.85949,		1112.87619,				1.05600,				0.85606
604,		998.80311,		1058.55031,		1117.91486,				1.05608,				0.85993
605,		994.02023,		1058.17423,		1108.76472,				1.04781,				0.85290
606,		1000.07526,		1060.24884,		1116.92786,				1.05346,				0.85918
607,		997.98197,		1061.62906,		1145.27748,				1.07879,				0.88098
608,		1005.15080,		1054.30397,		1148.42065,				1.08927,				0.88340
609,		1009.28222,		1054.71176,		1117.84099,				1.05985,				0.85988
610,		1004.58818,		1050.32057,		1122.69487,				1.06891,				0.86361
611,		987.82332,		1048.32042,		1112.48467,				1.06121,				0.85576
612,		1006.18461,		1045.19687,		1116.64806,				1.06836,				0.85896
613,		1007.74660,		1046.13271,		1112.58035,				1.06352,				0.85583
614,		1007.56581,		1046.15553,		1108.31210,				1.05941,				0.85255
615,		1006.75290,		1046.15747,		1101.01610,				1.05244,				0.84694
616,		1008.06343,		1057.59368,		1100.39925,				1.04047,				0.84646
617,		994.31650,		1050.86470,		1108.55671,				1.05490,				0.85274
618,		1003.12278,		1048.44159,		1103.87007,				1.05287,				0.84913
619,		1006.61696,		1056.88350,		1101.63354,				1.04234,				0.84741
620,		1009.67044,		1060.22693,		1100.85484,				1.03832,				0.84681
621,		1004.21075,		1053.53523,		1098.18758,				1.04238,				0.84476
622,		997.90110,		1059.97531,		1108.51831,				1.04580,				0.85271
623,		1022.26662,		1054.23246,		1107.91743,				1.05092,				0.85224
624,		1026.33964,		1051.03168,		1095.87642,				1.04267,				0.84298
625,		1007.71994,		1048.79531,		1104.43940,				1.05306,				0.84957
626,		1016.38065,		1047.74483,		1100.83683,				1.05067,				0.84680
627,		1012.53582,		1052.15239,		1086.69636,				1.03283,				0.83592
628,		994.50577,		1048.96245,		1101.59663,				1.05018,				0.84738
629,		1000.50592,		1057.34310,		1105.79457,				1.04582,				0.85061
630,		1022.29786,		1061.64737,		1101.67391,				1.03770,				0.84744
631,		1010.62160,		1063.64915,		1116.94324,				1.05010,				0.85919
632,		1005.57334,		1058.42886,		1119.69709,				1.05789,				0.86131
633,		1011.58012,		1056.28184,		1093.25570,				1.03500,				0.84097
634,		1017.26047,		1064.09292,		1100.94031,				1.03463,				0.84688
635,		1013.44238,		1056.88754,		1107.34611,				1.04774,				0.85180
636,		1003.27072,		1054.76469,		1105.03785,				1.04766,				0.85003
637,		1015.22526,		1063.56244,		1108.81170,				1.04254,				0.85293
638,		1007.69231,		1066.95311,		1121.85880,				1.05146,				0.86297
639,		1007.60203,		1062.66832,		1121.02123,				1.05491,				0.86232
640,		1007.52484,		1058.08314,		1120.29309,				1.05879,				0.86176
641,		1003.31832,		1069.60324,		1135.46111,				1.06157,				0.87343
642,		1010.70052,		1071.80684,		1123.61114,				1.04833,				0.86432
643,		1028.55307,		1073.13342,		1124.68618,				1.04804,				0.86514
644,		1029.15183,		1076.68211,		1121.48822,				1.04161,				0.86268
645,		1028.39815,		1075.74997,		1123.08041,				1.04400,				0.86391
646,		1026.28759,		1078.35984,		1121.75335,				1.04024,				0.86289
647,		1026.48498,		1076.10089,		1128.15515,				1.04837,				0.86781
648,		1028.89074,		1075.23794,		1107.52398,				1.03003,				0.85194
649,		1026.88783,		1074.72651,		1124.86565,				1.04665,				0.86528
650,		1030.38406,		1074.82930,		1120.68430,				1.04266,				0.86206
651,		1027.51342,		1074.25618,		1117.19547,				1.03997,				0.85938
652,		1027.66951,		1074.45992,		1125.13643,				1.04716,				0.86549
653,		1027.92039,		1075.05867,		1125.71511,				1.04712,				0.86593
654,		1029.63865,		1075.38042,		1133.09597,				1.05367,				0.87161
655,		1027.52085,		1072.40782,		1123.52977,				1.04767,				0.86425
656,		1010.90538,		1068.78702,		1122.25218,				1.05002,				0.86327
657,		1015.13140,		1071.02407,		1116.81814,				1.04276,				0.85909
658,		1018.13440,		1070.71951,		1117.40481,				1.04360,				0.85954
659,		1020.35410,		1072.71719,		1115.88763,				1.04024,				0.85838
660,		1020.31162,		1070.81433,		1110.65582,				1.03721,				0.85435
661,		1016.34897,		1072.49072,		1125.35686,				1.04929,				0.86566
662,		1030.22518,		1068.39137,		1127.68217,				1.05550,				0.86745
663,		1026.89352,		1069.71160,		1156.65897,				1.08128,				0.88974
664,		1018.18337,		1068.95580,		1163.62809,				1.08857,				0.89510
665,		1041.75726,		1069.70120,		1113.23526,				1.04070,				0.85633
666,		1032.51021,		1070.19430,		1114.40331,				1.04131,				0.85723
667,		1021.81212,		1070.39073,		1121.20507,				1.04747,				0.86247
668,		1025.24813,		1070.34220,		1107.95209,				1.03514,				0.85227
669,		1020.01435,		1078.36733,		1125.20438,				1.04343,				0.86554
670,		1018.64978,		1077.56986,		1115.91602,				1.03559,				0.85840
671,		1026.12202,		1074.23295,		1114.49471,				1.03748,				0.85730
672,		1026.69313,		1073.45353,		1118.94720,				1.04238,				0.86073
673,		1021.46583,		1071.17552,		1122.74969,				1.04815,				0.86365
674,		1020.69199,		1071.09026,		1110.47273,				1.03677,				0.85421
675,		1018.71114,		1070.64236,		1105.17530,				1.03225,				0.85013
676,		1025.90835,		1072.12873,		1116.19126,				1.04110,				0.85861
677,		1016.26771,		1070.42787,		1105.02731,				1.03232,				0.85002
678,		1016.76362,		1061.24054,		1119.58687,				1.05498,				0.86122
679,		1019.32177,		1056.20026,		1106.77473,				1.04788,				0.85137
680,		1003.45981,		1054.18220,		1103.30234,				1.04660,				0.84869
681,		1002.36408,		1063.55890,		1112.89094,				1.04638,				0.85607
682,		1023.65264,		1068.24560,		1114.52938,				1.04333,				0.85733
683,		1018.93665,		1066.85603,		1115.43535,				1.04554,				0.85803
684,		1025.16475,		1069.81949,		1115.10855,				1.04233,				0.85778
685,		1029.16549,		1068.01259,		1118.33274,				1.04712,				0.86026
686,		1000.82385,		1059.41974,		1113.60670,				1.05115,				0.85662
687,		975.60999,		1065.82794,		1129.91249,				1.06013,				0.86916
688,		978.19805,		1068.96226,		1143.53165,				1.06976,				0.87964
689,		981.74304,		1070.99559,		1126.49134,				1.05182,				0.86653
690,		1028.97410,		1072.80274,		1128.40186,				1.05183,				0.86800
691,		1027.15077,		1073.19237,		1126.62391,				1.04979,				0.86663
692,		1025.39022,		1069.68712,		1130.82773,				1.05716,				0.86987
693,		1028.03377,		1068.00475,		1129.31871,				1.05741,				0.86871
694,		1022.63766,		1067.59463,		1129.37152,				1.05787,				0.86875
695,		1026.49050,		1068.25903,		1121.30673,				1.04966,				0.86254
696,		1022.21154,		1075.04170,		1160.11336,				1.07913,				0.89239
697,		1010.05121,		1069.52910,		1119.65307,				1.04687,				0.86127
698,		1018.31149,		1067.59057,		1111.49286,				1.04112,				0.85499
699,		1021.97285,		1074.23956,		1138.73023,				1.06003,				0.87595
700,		1019.75962,		1066.50960,		1152.92523,				1.08103,				0.88687
701,		1018.11171,		1067.04053,		1116.02237,				1.04590,				0.85848
702,		1034.07273,		1074.32827,		1126.91610,				1.04895,				0.86686
703,		1032.48074,		1071.68602,		1136.02605,				1.06004,				0.87387
704,		1021.91861,		1070.70143,		1117.17659,				1.04341,				0.85937
705,		1028.76972,		1070.19289,		1109.17472,				1.03643,				0.85321
706,		1024.90005,		1070.79215,		1112.04054,				1.03852,				0.85542
707,		1021.71300,		1061.65935,		1125.91511,				1.06052,				0.86609
708,		1016.35511,		1054.95854,		1111.60675,				1.05370,				0.85508
709,		985.36693,		1062.08743,		1120.50658,				1.05500,				0.86193
710,		995.62447,		1056.21412,		1140.79175,				1.08008,				0.87753
711,		1001.58644,		1052.25870,		1117.87104,				1.06235,				0.85990
712,		977.02799,		1040.98757,		1094.06059,				1.05098,				0.84159
713,		986.76563,		1044.37096,		1098.64946,				1.05197,				0.84511
714,		1011.42748,		1045.82464,		1081.28786,				1.03391,				0.83176
715,		1020.37025,		1047.67594,		1096.24328,				1.04636,				0.84326
716,		1013.13354,		1047.82502,		1098.58941,				1.04845,				0.84507
717,		972.61070,		1038.64291,		1088.98759,				1.04847,				0.83768
718,		973.29082,		1034.20896,		1086.58765,				1.05065,				0.83584
719,		978.29082,		1037.24833,		1098.50835,				1.05906,				0.84501
720,		992.77268,		1043.31434,		1098.02100,				1.05244,				0.84463
721,		987.31082,		1039.79018,		1099.36633,				1.05730,				0.84567
722,		987.28683,		1033.76728,		1098.84030,				1.06295,				0.84526
723,		981.38161,		1042.56061,		1106.61096,				1.06144,				0.85124
724,		987.07736,		1034.84838,		1103.38864,				1.06623,				0.84876
725,		982.50408,		1030.71241,		1087.76942,				1.05536,				0.83675
726,		989.37721,		1028.65085,		1082.05209,				1.05191,				0.83235
727,		979.54603,		1027.28742,		1072.79988,				1.04430,				0.82523
728,		975.12925,		1025.87838,		1078.85140,				1.05164,				0.82989
729,		977.61622,		1026.07755,		1069.34126,				1.04216,				0.82257
730,		960.27607,		1024.58483,		1065.59579,				1.04003,				0.81969
731,		972.14909,		1025.07394,		1072.67342,				1.04644,				0.82513
732,		972.45780,		1024.86193,		1075.03672,				1.04896,				0.82695
733,		970.96923,		1025.70830,		1076.11208,				1.04914,				0.82778
734,		973.25111,		1025.49157,		1062.85072,				1.03643,				0.81758
735,		971.87086,		1024.99631,		1084.08968,				1.05765,				0.83392
736,		969.74469,		1025.08893,		1068.25038,				1.04211,				0.82173
737,		968.88041,		1019.93490,		1067.52205,				1.04666,				0.82117
738,		975.10220,		1022.95802,		1064.55157,				1.04066,				0.81889
739,		969.31750,		1024.15765,		1069.71712,				1.04448,				0.82286
740,		976.72254,		1025.73771,		1078.02743,				1.05098,				0.82925
741,		988.73723,		1026.35994,		1079.66026,				1.05193,				0.83051
742,		956.81856,		1025.92987,		1067.60933,				1.04063,				0.82124
743,		967.85042,		1026.31302,		1072.13288,				1.04465,				0.82472
744,		953.97969,		1026.34648,		1072.88541,				1.04534,				0.82530
745,		960.24500,		1019.10294,		1061.79407,				1.04189,				0.81676
746,		981.09836,		1022.88531,		1063.83059,				1.04003,				0.81833
747,		975.38326,		1024.70972,		1071.43747,				1.04560,				0.82418
748,		968.87551,		1023.07921,		1064.45939,				1.04045,				0.81881
749,		997.84849,		1024.89664,		1065.99237,				1.04010,				0.81999
750,		991.66879,		1025.47607,		1071.34785,				1.04473,				0.82411
751,		956.99511,		1025.46554,		1065.84380,				1.03938,				0.81988
752,		984.85834,		1026.40139,		1066.30521,				1.03888,				0.82023
753,		977.62546,		1026.59400,		1073.66931,				1.04586,				0.82590
754,		975.03154,		1026.74015,		1076.35784,				1.04833,				0.82797
755,		980.12725,		1026.50347,		1081.59627,				1.05367,				0.83200
756,		973.99763,		1025.90754,		1068.31593,				1.04134,				0.82178
757,		980.98159,		1025.96225,		1070.20598,				1.04312,				0.82324
758,		974.09626,		1026.10016,		1075.25009,				1.04790,				0.82712
759,		992.49141,		1026.20455,		1068.97615,				1.04168,				0.82229
760,		989.49653,		1026.23952,		1069.58512,				1.04224,				0.82276
761,		969.59461,		1024.42896,		1074.38555,				1.04877,				0.82645
762,		970.56174,		1024.65942,		1077.73607,				1.05180,				0.82903
763,		972.33247,		1025.44028,		1077.33187,				1.05060,				0.82872
764,		972.27873,		1025.33540,		1073.66505,				1.04714,				0.82590
765,		991.78231,		1026.05227,		1077.76329,				1.05040,				0.82905
766,		982.28816,		1025.75995,		1068.10260,				1.04128,				0.82162
767,		978.03481,		1025.33779,		1069.27405,				1.04285,				0.82252
768,		971.29707,		1023.85142,		1064.12984,				1.03934,				0.81856
769,		982.27067,		1025.51367,		1064.27197,				1.03779,				0.81867
770,		992.13920,		1024.23254,		1064.09017,				1.03891,				0.81853
771,		965.32306,		1019.08165,		1077.02760,				1.05686,				0.82848
772,		964.04969,		1016.66847,		1106.14072,				1.08801,				0.85088
773,		960.54494,		1018.26587,		1070.66970,				1.05146,				0.82359
774,		958.04769,		1022.11638,		1070.17061,				1.04701,				0.82321
775,		970.31680,		1023.79713,		1067.27709,				1.04247,				0.82098
776,		965.74821,		1018.49158,		1069.87931,				1.05045,				0.82298
777,		961.60501,		1015.53271,		1062.95041,				1.04669,				0.81765
778,		964.29806,		1020.51867,		1066.35250,				1.04491,				0.82027
779,		964.58978,		1022.65735,		1063.91040,				1.04034,				0.81839
780,		961.10665,		1024.00435,		1079.59886,				1.05429,				0.83046
781,		965.53419,		1018.34280,		1054.57150,				1.03558,				0.81121
782,		972.63468,		1015.08249,		1068.61380,				1.05274,				0.82201
783,		957.07740,		1013.78436,		1068.15570,				1.05363,				0.82166
784,		956.16925,		1003.69605,		1078.16603,				1.07420,				0.82936
785,		926.28560,		1001.83780,		1067.57893,				1.06562,				0.82121
786,		940.26602,		997.88962,		1065.60838,				1.06786,				0.81970
787,		951.53802,		994.68603,		1064.29142,				1.06998,				0.81869
788,		962.31330,		993.23977,		1067.60419,				1.07487,				0.82123
789,		952.78286,		990.93546,		1045.66020,				1.05523,				0.80435
790,		921.10261,		993.32937,		1067.59000,				1.07476,				0.82122
791,		927.44263,		983.90193,		1073.58572,				1.09115,				0.82584
792,		943.05373,		994.38554,		1032.72970,				1.03856,				0.79441
793,		939.70864,		995.57608,		1058.97244,				1.06368,				0.81459
794,		939.72639,		1008.06916,		1061.09069,				1.05260,				0.81622
795,		942.38893,		1014.96943,		1060.17203,				1.04454,				0.81552
796,		903.65782,		993.46736,		1061.14695,				1.06812,				0.81627
797,		911.78422,		997.64760,		1058.08625,				1.06058,				0.81391
798,		929.68799,		1001.47817,		1060.50008,				1.05893,				0.81577
799,		883.37861,		1003.76914,		1054.25299,				1.05029,				0.81096
800,		936.76268,		1011.65646,		1070.63700,				1.05830,				0.82357
801,		954.48140,		1016.33950,		1069.34542,				1.05215,				0.82257
802,		971.70988,		1018.80003,		1080.73502,				1.06079,				0.83133
803,		966.59598,		1019.09984,		1070.60881,				1.05054,				0.82355
804,		943.12287,		1019.47857,		1070.72780,				1.05027,				0.82364
805,		967.32412,		1019.93608,		1076.42674,				1.05539,				0.82802
806,		969.51545,		1017.78136,		1071.98220,				1.05325,				0.82460
807,		985.24788,		1019.80350,		1070.52066,				1.04973,				0.82348
808,		959.06498,		1012.51472,		1068.98570,				1.05577,				0.82230
809,		959.46654,		1008.94378,		1057.80286,				1.04843,				0.81369
810,		957.91307,		1006.32948,		1046.38917,				1.03981,				0.80491
811,		953.97281,		1005.41134,		1055.08059,				1.04940,				0.81160
812,		956.00515,		1011.78219,		1055.34433,				1.04305,				0.81180
813,		949.69047,		1012.95055,		1062.06464,				1.04849,				0.81697
814,		952.46018,		1016.08231,		1054.70646,				1.03801,				0.81131
815,		951.08832,		1017.25789,		1042.60672,				1.02492,				0.80201
816,		952.25011,		1017.70229,		1048.66314,				1.03042,				0.80666
817,		956.39416,		1019.66760,		1081.28538,				1.06043,				0.83176
818,		963.04589,		1019.11630,		1075.28859,				1.05512,				0.82715
819,		967.46906,		1020.16848,		1079.42319,				1.05808,				0.83033
820,		962.18416,		1020.29715,		1069.79875,				1.04852,				0.82292
821,		967.86929,		1019.15281,		1068.39009,				1.04831,				0.82184
822,		966.84338,		1018.43963,		1074.16319,				1.05471,				0.82628
823,		935.24711,		1010.00433,		1052.19325,				1.04177,				0.80938
824,		935.29819,		1000.06284,		1053.50310,				1.05344,				0.81039
825,		944.15244,		996.18842,		1053.07455,				1.05710,				0.81006
826,		944.24187,		992.82526,		1041.88736,				1.04942,				0.80145
827,		942.04738,		1000.60935,		1048.82457,				1.04819,				0.80679
828,		938.55340,		995.37910,		1052.52800,				1.05741,				0.80964
829,		937.68689,		991.63087,		1041.55519,				1.05035,				0.80120
830,		939.70386,		991.91360,		1050.19461,				1.05876,				0.80784
831,		947.29639,		991.28524,		1050.33488,				1.05957,				0.80795
832,		944.93353,		991.02368,		1055.18304,				1.06474,				0.81168
833,		940.70909,		990.54589,		1054.17050,				1.06423,				0.81090
834,		941.94366,		990.36150,		1051.60166,				1.06184,				0.80892
835,		942.05688,		989.20238,		1052.49631,				1.06398,				0.80961
836,		905.50888,		990.44636,		1070.90294,				1.08123,				0.82377
837,		907.43499,		996.08419,		1075.24476,				1.07947,				0.82711
838,		939.29198,		992.82833,		1056.13773,				1.06377,				0.81241
839,		942.67128,		992.42208,		1063.67179,				1.07179,				0.81821
840,		937.22547,		991.31216,		1060.23793,				1.06953,				0.81557
841,		944.19266,		991.78736,		1051.82894,				1.06054,				0.80910
842,		940.09631,		991.52856,		1049.77405,				1.05874,				0.80752
843,		944.89300,		991.54052,		1046.63772,				1.05557,				0.80511
844,		944.48216,		992.70667,		1052.04556,				1.05977,				0.80927
845,		942.67064,		991.65027,		1047.83515,				1.05666,				0.80603
846,		938.55120,		991.58779,		1044.31835,				1.05318,				0.80332
847,		941.70231,		991.37736,		1042.13045,				1.05119,				0.80164
848,		935.84798,		999.46938,		1049.08616,				1.04964,				0.80699
849,		938.66432,		995.99509,		1062.18601,				1.06646,				0.81707
850,		943.85477,		994.16717,		1042.24899,				1.04836,				0.80173
851,		934.43303,		991.70409,		1056.20788,				1.06504,				0.81247
852,		939.75670,		992.10548,		1058.86015,				1.06729,				0.81451
853,		936.04695,		991.40716,		1061.90490,				1.07111,				0.81685
854,		944.44495,		992.50605,		1062.64177,				1.07067,				0.81742
855,		944.09496,		993.38134,		1055.31123,				1.06234,				0.81178
856,		942.91581,		990.58524,		1037.17797,				1.04704,				0.79783
857,		940.74449,		990.64260,		1051.10081,				1.06103,				0.80854
858,		941.36828,		990.69413,		1058.89871,				1.06885,				0.81454
859,		944.25062,		996.38369,		1055.51710,				1.05935,				0.81194
860,		936.82332,		993.38252,		1043.39896,				1.05035,				0.80261
861,		939.11775,		991.84006,		1049.48695,				1.05812,				0.80730
862,		941.29230,		991.72236,		1053.24761,				1.06204,				0.81019
863,		937.04904,		992.05725,		1048.50863,				1.05690,				0.80655
864,		939.65452,		990.36608,		1049.76126,				1.05997,				0.80751
865,		937.89175,		990.80485,		1048.50756,				1.05824,				0.80654
866,		941.45579,		990.45501,		1056.76329,				1.06695,				0.81289
867,		950.82099,		991.48338,		1055.10766,				1.06417,				0.81162
868,		951.18609,		991.31233,		1056.83925,				1.06610,				0.81295
869,		948.81874,		990.69549,		1053.13861,				1.06303,				0.81011
870,		940.08942,		993.50582,		1053.73657,				1.06062,				0.81057
871,		936.72526,		992.34100,		1057.90082,				1.06607,				0.81377
872,		942.44044,		992.99662,		1045.99095,				1.05337,				0.80461
873,		929.15654,		992.81065,		1057.18395,				1.06484,				0.81322
874,		944.04160,		991.92581,		1057.28051,				1.06589,				0.81329
875,		944.11673,		991.91198,		1053.25934,				1.06185,				0.81020
876,		932.94516,		991.80329,		1057.14843,				1.06589,				0.81319
877,		942.80725,		992.20646,		1034.99310,				1.04312,				0.79615
878,		938.39999,		994.87188,		1045.77221,				1.05116,				0.80444
879,		942.13104,		993.16409,		1059.46367,				1.06676,				0.81497
880,		938.61597,		991.92255,		1065.00258,				1.07368,				0.81923
881,		943.01180,		993.32693,		1052.64510,				1.05972,				0.80973
882,		946.99079,		999.01045,		1052.37009,				1.05341,				0.80952
883,		953.88404,		1004.00785,		1059.09110,				1.05486,				0.81469
884,		957.27610,		998.03420,		1047.52168,				1.04958,				0.80579
885,		957.74588,		1003.15324,		1051.26523,				1.04796,				0.80867
886,		940.57580,		1005.08853,		1050.70631,				1.04539,				0.80824
887,		952.61722,		1002.70896,		1042.24083,				1.03943,				0.80172
888,		956.61790,		998.28225,		1047.48900,				1.04929,				0.80576
889,		959.74532,		1002.87322,		1066.25728,				1.06320,				0.82020
890,		959.01873,		1004.04992,		1064.60369,				1.06031,				0.81893
891,		958.21256,		1005.58797,		1068.55558,				1.06262,				0.82197
892,		920.08913,		1005.70488,		1068.00488,				1.06195,				0.82154
893,		952.19797,		1007.04755,		1074.00399,				1.06649,				0.82616
894,		955.89932,		1006.58534,		1069.23374,				1.06224,				0.82249
895,		958.69141,		1007.18524,		1069.02501,				1.06140,				0.82233
896,		967.17165,		1007.75255,		1068.80122,				1.06058,				0.82215
897,		971.87120,		1011.40573,		1079.58355,				1.06741,				0.83045
898,		973.81792,		1010.90728,		1070.71535,				1.05916,				0.82363
899,		967.64851,		1019.44307,		1078.84988,				1.05827,				0.82988
900,		970.62530,		1019.18378,		1078.02921,				1.05774,				0.82925
901,		955.82675,		1023.31249,		1082.47789,				1.05782,				0.83268
902,		949.85919,		1025.34164,		1102.30948,				1.07507,				0.84793
903,		958.49744,		1017.07056,		1087.42583,				1.06917,				0.83648
904,		982.46194,		1023.41502,		1084.26210,				1.05945,				0.83405
905,		981.08504,		1024.05225,		1067.57752,				1.04250,				0.82121
906,		975.55604,		1026.14719,		1081.10166,				1.05355,				0.83162
907,		968.49425,		1033.92710,		1097.02423,				1.06103,				0.84386
908,		963.14574,		1036.31828,		1093.27598,				1.05496,				0.84098
909,		980.84214,		1030.66274,		1090.80750,				1.05836,				0.83908
910,		986.29394,		1033.59649,		1083.20279,				1.04799,				0.83323
911,		975.95119,		1037.60162,		1088.56380,				1.04912,				0.83736
912,		985.88547,		1049.74696,		1122.26039,				1.06908,				0.86328
913,		991.68745,		1043.06354,		1113.05039,				1.06710,				0.85619
914,		970.59485,		1042.36445,		1110.65814,				1.06552,				0.85435
915,		969.13482,		1054.15632,		1104.76220,				1.04801,				0.84982
916,		1000.00510,		1052.87379,		1090.91792,				1.03613,				0.83917
917,		993.02830,		1047.76556,		1094.06972,				1.04419,				0.84159
918,		987.92375,		1043.80611,		1084.62869,				1.03911,				0.83433
919,		998.94587,		1043.13800,		1081.44185,				1.03672,				0.83188
920,		988.52056,		1041.84065,		1074.14085,				1.03100,				0.82626
921,		1006.65928,		1042.15327,		1084.91838,				1.04104,				0.83455
922,		991.31988,		1039.58855,		1083.95939,				1.04268,				0.83381
923,		985.71848,		1041.49708,		1100.39455,				1.05655,				0.84646
924,		987.37388,		1042.82304,		1096.08405,				1.05107,				0.84314
925,		999.52257,		1042.70967,		1093.84697,				1.04904,				0.84142
926,		992.40628,		1053.72461,		1097.45582,				1.04150,				0.84420
927,		1011.71411,		1060.37097,		1110.94608,				1.04770,				0.85457
928,		1013.33960,		1062.84086,		1111.42194,				1.04571,				0.85494
929,		1015.69112,		1064.20965,		1114.51073,				1.04727,				0.85732
930,		1019.44451,		1064.82571,		1111.11714,				1.04347,				0.85471
931,		1030.37492,		1065.41802,		1110.90294,				1.04269,				0.85454
932,		1011.83073,		1065.27859,		1104.34568,				1.03667,				0.84950
933,		1012.33798,		1065.44096,		1115.25009,				1.04675,				0.85788
934,		1012.91890,		1065.42284,		1107.33652,				1.03934,				0.85180
935,		1018.86201,		1065.32469,		1105.40082,				1.03762,				0.85031
936,		1014.46801,		1061.16098,		1110.96626,				1.04693,				0.85459
937,		1012.12513,		1057.22923,		1105.45850,				1.04562,				0.85035
938,		977.87747,		1055.28709,		1107.15010,				1.04915,				0.85165
939,		981.53171,		1060.15896,		1107.92241,				1.04505,				0.85225
940,		1008.76517,		1062.40801,		1113.14553,				1.04776,				0.85627
941,		1020.93341,		1069.19267,		1120.19687,				1.04770,				0.86169
942,		1009.61415,		1060.09608,		1118.53524,				1.05513,				0.86041
943,		1003.61022,		1058.19120,		1119.12315,				1.05758,				0.86086
944,		1016.58751,		1060.82390,		1097.13204,				1.03423,				0.84395
945,		1009.20044,		1064.86884,		1095.02882,				1.02832,				0.84233
946,		998.38636,		1063.38340,		1112.43870,				1.04613,				0.85572
947,		1001.17903,		1066.12613,		1104.23679,				1.03575,				0.84941
948,		992.31194,		1064.38354,		1119.86244,				1.05212,				0.86143
949,		1022.34061,		1067.83230,		1122.83699,				1.05151,				0.86372
950,		1014.28148,		1063.11106,		1115.89688,				1.04965,				0.85838
951,		1020.40023,		1067.06871,		1106.55516,				1.03700,				0.85120
952,		1002.92700,		1064.24490,		1103.83349,				1.03720,				0.84910
953,		999.48748,		1063.03190,		1100.39254,				1.03515,				0.84646
954,		1004.80722,		1061.83146,		1104.07005,				1.03978,				0.84928
955,		992.56580,		1050.88132,		1102.30515,				1.04893,				0.84793
956,		985.20742,		1044.91499,		1107.31428,				1.05972,				0.85178
957,		987.33710,		1042.49737,		1102.10603,				1.05718,				0.84777
958,		992.76416,		1053.83205,		1108.73715,				1.05210,				0.85287
959,		986.36935,		1046.61283,		1112.24711,				1.06271,				0.85557
960,		988.98160,		1042.44609,		1095.00332,				1.05042,				0.84231
961,		988.42745,		1041.43038,		1100.68552,				1.05690,				0.84668
962,		965.61615,		1032.56299,		1087.16807,				1.05288,				0.83628
963,		978.37542,		1035.63971,		1090.34014,				1.05282,				0.83872
964,		989.38583,		1037.43828,		1114.77611,				1.07455,				0.85752
965,		981.24434,		1037.90105,		1109.00810,				1.06851,				0.85308
966,		982.12281,		1039.54428,		1093.54051,				1.05194,				0.84119
967,		982.53576,		1036.52768,		1090.68683,				1.05225,				0.83899
968,		988.84651,		1033.70019,		1087.85162,				1.05239,				0.83681
969,		983.45920,		1032.21329,		1092.00689,				1.05793,				0.84001
970,		977.16881,		1028.74106,		1086.87256,				1.05651,				0.83606
971,		978.84939,		1030.28604,		1083.84276,				1.05198,				0.83373
972,		982.99612,		1030.25655,		1082.31259,				1.05053,				0.83255
973,		977.10331,		1030.64790,		1081.96545,				1.04979,				0.83228
974,		982.65479,		1036.98318,		1092.82351,				1.05385,				0.84063
975,		986.43898,		1039.40455,		1102.79699,				1.06099,				0.84831
976,		986.09303,		1034.86754,		1083.53734,				1.04703,				0.83349
977,		970.04407,		1027.71919,		1100.08079,				1.07041,				0.84622
978,		979.96786,		1028.97864,		1102.83269,				1.07177,				0.84833
979,		949.53674,		1026.78002,		1107.86426,				1.07897,				0.85220
980,		952.08368,		1027.06054,		1088.47261,				1.05979,				0.83729
981,		958.19634,		1028.75258,		1083.91582,				1.05362,				0.83378
982,		977.33806,		1029.24168,		1069.39944,				1.03902,				0.82261
983,		961.57342,		1029.40474,		1069.38261,				1.03884,				0.82260
984,		968.44281,		1028.99253,		1075.65668,				1.04535,				0.82743
985,		978.16472,		1029.14042,		1070.18115,				1.03988,				0.82322
986,		964.90535,		1022.42751,		1077.14990,				1.05352,				0.82858
987,		963.82951,		1018.83398,		1065.31850,				1.04563,				0.81948
988,		971.44590,		1022.44286,		1060.66767,				1.03739,				0.81590
989,		964.81056,		1019.16236,		1074.13189,				1.05394,				0.82626
990,		966.82663,		1021.23521,		1062.30001,				1.04021,				0.81715
991,		964.13947,		1018.76882,		1065.91942,				1.04628,				0.81994
992,		960.67682,		1021.78483,		1059.36497,				1.03678,				0.81490
993,		982.81963,		1024.35108,		1068.52092,				1.04312,				0.82194
994,		986.11822,		1027.09528,		1063.99760,				1.03593,				0.81846
995,		973.60918,		1027.05357,		1064.50736,				1.03647,				0.81885
996,		977.66296,		1027.13352,		1071.83889,				1.04352,				0.82449
997,		971.10439,		1027.34990,		1071.75932,				1.04323,				0.82443
998,		996.08619,		1027.39224,		1081.98074,				1.05313,				0.83229
999,		979.97788,		1027.44251,		1067.93376,				1.03941,				0.82149
