RANDOM_SEED, 1698986427
GEN,		MIN,				AVE,				MAX,			CONV,					CONV_ACT,
  0,		15.39,		53.54,		78.20,				1.46050,				0.99431
  1,		29.24,		56.59,		77.54,				1.37032,				0.98597
  2,		29.24,		54.40,		77.54,				1.42537,				0.98597
  3,		32.04,		54.35,		76.97,				1.41628,				0.97875
  4,		39.73,		57.50,		75.07,				1.30555,				0.95456
  5,		47.46,		56.36,		70.24,				1.24629,				0.89317
  6,		46.50,		56.64,		70.64,				1.24699,				0.89817
  7,		42.24,		55.01,		65.45,				1.18981,				0.83219
  8,		40.98,		57.23,		65.45,				1.14365,				0.83219
  9,		41.16,		58.02,		67.09,				1.15628,				0.85309
 10,		46.03,		57.28,		65.56,				1.14447,				0.83359
 11,		47.21,		57.91,		67.82,				1.17118,				0.86239
 12,		37.86,		55.86,		66.20,				1.18510,				0.84184
 13,		38.03,		55.99,		66.28,				1.18381,				0.84276
 14,		41.94,		56.69,		66.28,				1.16917,				0.84276
 15,		41.94,		53.80,		66.28,				1.23187,				0.84276
 16,		41.94,		55.39,		65.43,				1.18139,				0.83201
 17,		40.01,		53.14,		65.26,				1.22814,				0.82988
 18,		40.01,		54.07,		59.60,				1.10225,				0.75779
 19,		41.94,		53.39,		59.60,				1.11623,				0.75779
 20,		50.77,		55.56,		59.60,				1.07272,				0.75779
 21,		41.94,		54.75,		59.60,				1.08852,				0.75779
 22,		41.94,		55.83,		59.60,				1.06751,				0.75779
 23,		41.94,		56.58,		59.60,				1.05332,				0.75779
 24,		51.11,		56.83,		59.60,				1.04870,				0.75779
 25,		51.11,		56.91,		57.96,				1.01847,				0.73696
 26,		51.13,		56.93,		57.96,				1.01797,				0.73696
 27,		51.13,		56.92,		57.13,				1.00375,				0.72645
 28,		51.13,		56.92,		57.13,				1.00377,				0.72645
 29,		56.93,		57.09,		66.28,				1.16091,				0.84276
 30,		56.93,		57.22,		66.28,				1.15834,				0.84276
 31,		56.44,		57.05,		59.63,				1.04509,				0.75820
 32,		56.37,		57.11,		66.28,				1.16048,				0.84276
 33,		51.13,		56.99,		59.63,				1.04621,				0.75820
 34,		51.13,		56.91,		59.63,				1.04767,				0.75820
 35,		53.09,		57.06,		59.63,				1.04496,				0.75820
 36,		51.11,		57.03,		59.63,				1.04556,				0.75820
 37,		41.94,		56.70,		66.38,				1.17077,				0.84406
 38,		56.96,		57.30,		72.27,				1.26118,				0.91890
 39,		57.00,		57.15,		72.27,				1.26441,				0.91890
 40,		57.00,		57.15,		72.27,				1.26439,				0.91890
 41,		54.47,		56.97,		57.00,				1.00055,				0.72478
 42,		53.09,		56.97,		57.94,				1.01707,				0.73673
 43,		41.94,		56.80,		59.63,				1.04983,				0.75820
 44,		41.94,		56.81,		57.00,				1.00335,				0.72478
 45,		56.66,		57.00,		57.00,				1.00006,				0.72478
 46,		51.13,		57.07,		72.27,				1.26617,				0.91890
 47,		51.13,		57.03,		72.27,				1.26709,				0.91890
 48,		51.13,		56.81,		57.00,				1.00326,				0.72478
 49,		51.13,		56.96,		59.63,				1.04676,				0.75820
 50,		51.13,		56.92,		57.72,				1.01405,				0.73393
 51,		51.13,		56.95,		57.72,				1.01355,				0.73393
 52,		45.90,		56.72,		59.63,				1.05125,				0.75820
 53,		54.47,		56.98,		57.13,				1.00279,				0.72650
 54,		54.47,		56.89,		57.68,				1.01386,				0.73338
 55,		54.47,		56.96,		57.68,				1.01252,				0.73338
 56,		45.90,		56.87,		57.68,				1.01417,				0.73338
 57,		36.12,		56.82,		59.60,				1.04881,				0.75779
 58,		57.00,		57.03,		59.60,				1.04506,				0.75779
 59,		45.90,		56.91,		59.60,				1.04713,				0.75779
 60,		55.61,		57.04,		59.60,				1.04481,				0.75779
 61,		55.61,		57.01,		59.60,				1.04538,				0.75779
 62,		55.34,		56.66,		59.60,				1.05186,				0.75779
 63,		49.53,		56.19,		59.60,				1.06063,				0.75779
 64,		55.34,		55.92,		58.20,				1.04081,				0.74010
 65,		55.61,		55.77,		57.72,				1.03489,				0.73393
 66,		55.25,		55.68,		57.72,				1.03658,				0.73393
 67,		55.25,		55.69,		57.72,				1.03646,				0.73393
 68,		55.25,		55.67,		65.04,				1.16840,				0.82708
 69,		49.53,		55.55,		57.72,				1.03911,				0.73393
 70,		49.53,		55.48,		58.01,				1.04556,				0.73762
 71,		54.94,		55.58,		58.01,				1.04364,				0.73762
 72,		54.94,		55.63,		58.20,				1.04627,				0.74010
 73,		54.94,		55.58,		55.74,				1.00295,				0.70876
 74,		54.94,		55.76,		71.70,				1.28591,				0.91167
 75,		54.94,		55.79,		65.30,				1.17047,				0.83030
 76,		55.57,		55.81,		65.30,				1.17002,				0.83030
 77,		54.94,		55.64,		58.34,				1.04858,				0.74182
 78,		55.61,		55.66,		58.34,				1.04806,				0.74182
 79,		40.55,		55.49,		58.34,				1.05126,				0.74182
 80,		53.09,		56.27,		57.00,				1.01305,				0.72478
 81,		40.55,		55.73,		57.00,				1.02282,				0.72478
 82,		40.55,		55.57,		57.00,				1.02579,				0.72478
 83,		40.55,		55.63,		65.30,				1.17385,				0.83030
 84,		55.25,		55.83,		65.30,				1.16966,				0.83030
 85,		44.51,		55.60,		65.30,				1.17441,				0.83030
 86,		55.59,		56.14,		65.55,				1.16764,				0.83357
 87,		55.34,		55.78,		65.30,				1.17065,				0.83030
 88,		55.34,		55.74,		65.30,				1.17149,				0.83030
 89,		55.34,		55.71,		65.30,				1.17200,				0.83030
 90,		55.34,		55.71,		65.30,				1.17204,				0.83030
 91,		49.53,		55.63,		65.30,				1.17382,				0.83030
 92,		55.34,		55.65,		58.34,				1.04840,				0.74182
 93,		55.34,		55.64,		58.34,				1.04847,				0.74182
 94,		52.67,		55.63,		65.30,				1.17379,				0.83030
 95,		55.05,		55.61,		58.34,				1.04916,				0.74182
 96,		55.05,		55.46,		55.61,				1.00264,				0.70710
 97,		55.05,		55.62,		65.03,				1.16920,				0.82685
 98,		49.26,		55.50,		65.03,				1.17172,				0.82685
 99,		49.26,		55.47,		58.14,				1.04817,				0.73927
100,		40.55,		55.53,		71.43,				1.28631,				0.90822
101,		40.55,		55.43,		58.14,				1.04884,				0.73927
102,		55.05,		55.77,		71.70,				1.28558,				0.91167
103,		55.34,		55.65,		58.34,				1.04833,				0.74182
104,		55.05,		55.69,		65.30,				1.17250,				0.83030
105,		54.89,		55.58,		55.61,				1.00051,				0.70710
106,		44.37,		55.50,		58.30,				1.05046,				0.74136
107,		53.04,		55.73,		71.66,				1.28594,				0.91122
108,		40.51,		55.58,		71.66,				1.28923,				0.91122
109,		54.94,		55.60,		58.17,				1.04624,				0.73965
110,		44.37,		55.60,		71.70,				1.28957,				0.91167
111,		55.02,		55.83,		71.70,				1.28423,				0.91167
112,		53.04,		55.57,		58.17,				1.04678,				0.73965
113,		53.04,		55.57,		58.30,				1.04909,				0.74136
114,		44.37,		55.47,		56.96,				1.02684,				0.72433
115,		40.51,		55.35,		56.96,				1.02924,				0.72433
116,		53.01,		56.09,		56.96,				1.01557,				0.72433
117,		44.37,		55.83,		58.30,				1.04422,				0.74136
118,		54.43,		56.22,		65.26,				1.16090,				0.82984
119,		53.01,		56.61,		66.24,				1.17016,				0.84230
120,		53.01,		57.41,		66.24,				1.15383,				0.84230
121,		55.57,		57.50,		74.93,				1.30321,				0.95276
122,		55.02,		57.23,		66.24,				1.15736,				0.84230
123,		55.57,		56.41,		65.26,				1.15698,				0.82984
124,		54.43,		56.70,		65.26,				1.15096,				0.82984
125,		40.51,		55.99,		65.26,				1.16559,				0.82984
126,		40.51,		56.48,		65.26,				1.15548,				0.82984
127,		55.57,		56.21,		65.26,				1.16112,				0.82984
128,		55.57,		55.89,		56.96,				1.01926,				0.72433
129,		51.61,		55.70,		56.96,				1.02276,				0.72433
130,		55.02,		55.68,		56.96,				1.02304,				0.72433
131,		53.04,		55.74,		57.00,				1.02260,				0.72475
132,		53.04,		56.51,		71.66,				1.26818,				0.91122
133,		53.04,		56.80,		71.66,				1.26159,				0.91122
134,		53.04,		56.78,		57.00,				1.00384,				0.72478
135,		53.04,		56.15,		56.96,				1.01457,				0.72433
136,		40.51,		55.70,		57.05,				1.02416,				0.72541
137,		55.02,		55.72,		57.05,				1.02390,				0.72541
138,		55.02,		55.62,		57.05,				1.02572,				0.72541
139,		55.02,		55.58,		56.96,				1.02488,				0.72433
140,		49.49,		55.53,		56.96,				1.02587,				0.72433
141,		49.49,		55.51,		55.71,				1.00357,				0.70840
142,		55.57,		55.62,		58.30,				1.04831,				0.74136
143,		55.57,		55.59,		56.96,				1.02464,				0.72433
144,		55.50,		55.63,		58.17,				1.04557,				0.73965
145,		55.32,		55.59,		56.96,				1.02472,				0.72433
146,		55.30,		55.58,		56.96,				1.02486,				0.72433
147,		40.51,		55.45,		56.96,				1.02728,				0.72433
148,		40.51,		55.46,		58.30,				1.05121,				0.74136
149,		40.51,		55.41,		55.61,				1.00349,				0.70710
