RANDOM_SEED, 1698986431
GEN,		MIN,			AVE,			MAX,
0,		0.38239,		29.06489,		64.42522,
1,		0.38239,		42.53955,		67.53495,
2,		5.56552,		30.43089,		64.51928,
3,		1.65616,		25.56939,		61.94835,
4,		0.95071,		26.95065,		49.43793,
5,		0.95071,		15.62545,		42.90122,
6,		3.22870,		19.98690,		43.89831,
7,		6.04931,		15.43451,		43.84159,
8,		5.89511,		9.40582,		30.89145,
9,		5.89511,		16.65515,		27.18459,
10,		6.04931,		10.97317,		27.93311,
11,		6.04931,		8.30124,		27.18459,
12,		6.04931,		7.17666,		27.93311,
13,		6.04931,		6.63753,		25.01612,
14,		2.12680,		6.51906,		16.54466,
15,		2.12680,		6.49723,		16.67638,
16,		2.12680,		6.38985,		6.49906,
17,		2.12680,		6.49449,		16.67638,
18,		2.12680,		6.48163,		16.67638,
19,		5.13052,		6.80367,		24.84907,
20,		4.97391,		6.13069,		21.83571,
21,		1.71238,		5.92486,		21.83571,
22,		4.97391,		5.50484,		6.74964,
23,		1.71238,		5.40041,		6.59142,
24,		5.13052,		5.26620,		6.49906,
25,		4.97391,		5.37907,		6.49906,
26,		3.01025,		5.37953,		6.49906,
27,		4.43661,		5.24129,		5.59795,
28,		4.43661,		5.26327,		5.45338,
29,		4.43661,		5.25573,		5.78909,
30,		4.75947,		5.32824,		5.78909,
31,		4.59644,		5.31909,		5.46754,
32,		5.25009,		5.31930,		6.13765,
33,		5.03977,		5.29848,		5.45338,
34,		4.97391,		5.38981,		15.46766,
35,		5.03977,		5.39158,		15.46766,
36,		1.76940,		5.40369,		16.29007,
37,		1.76940,		5.29634,		8.73418,
38,		4.59644,		5.50312,		22.20114,
39,		4.59644,		5.31903,		8.73418,
40,		4.59644,		5.28996,		5.94570,
41,		5.29035,		5.29870,		5.94570,
42,		5.03977,		5.62595,		22.20114,
43,		5.03977,		5.28688,		5.29035,
44,		3.11867,		5.41474,		22.20114,
45,		3.11867,		5.54137,		22.20114,
46,		3.11867,		5.26497,		5.84290,
47,		4.97391,		5.28384,		5.43491,
48,		4.97391,		5.33328,		8.73418,
49,		5.25009,		5.29059,		5.43491,
50,		5.22288,		5.29126,		5.43491,
51,		3.11867,		5.26247,		5.43491,
52,		3.11867,		5.26837,		5.30450,
53,		3.11867,		5.37498,		15.46766,
54,		5.23573,		5.53291,		22.20114,
55,		5.29035,		5.40208,		8.73418,
56,		5.29035,		5.29179,		5.43491,
57,		5.29035,		5.29690,		5.94570,
58,		5.29035,		5.29448,		5.54092,
59,		5.23573,		5.29394,		5.54092,
60,		5.29035,		5.29035,		5.29035,
61,		5.29035,		5.39867,		15.46766,
62,		5.22288,		10.45199,		26.46739,
63,		5.23573,		7.63058,		15.46766,
64,		5.29035,		6.41538,		15.46766,
65,		1.76940,		5.87135,		16.29007,
66,		1.76940,		5.68057,		16.29007,
67,		1.76940,		5.53654,		22.20114,
68,		1.76940,		5.42921,		22.20114,
69,		4.97391,		5.45052,		22.20114,
70,		3.11867,		5.46985,		22.20114,
71,		3.11867,		5.26546,		5.29035,
72,		4.97391,		5.45752,		22.20114,
73,		3.11867,		5.26814,		5.45338,
74,		4.59644,		5.28654,		5.84290,
75,		5.23573,		5.30328,		5.96177,
76,		5.23573,		5.36362,		9.09078,
77,		5.23573,		5.30974,		8.73418,
78,		5.23573,		5.28109,		8.73418,
79,		5.23573,		5.36066,		15.20745,
80,		4.98515,		10.22265,		15.20745,
81,		4.80204,		7.74234,		16.23546,
82,		4.80204,		6.42986,		16.23546,
83,		4.80204,		6.06194,		15.20745,
84,		4.80204,		5.72613,		15.20745,
85,		4.80204,		5.36277,		15.20745,
86,		4.80204,		5.33756,		15.20745,
87,		4.79883,		5.37954,		15.20745,
88,		4.80204,		5.34618,		15.20745,
89,		5.20963,		5.34368,		15.20745,
90,		5.16827,		5.23735,		5.47346,
91,		3.06406,		5.25479,		9.09078,
92,		5.23573,		5.24055,		5.47346,
93,		5.23573,		5.24506,		5.90715,
94,		5.23573,		5.25096,		5.90715,
95,		5.23573,		5.29958,		9.09078,
96,		5.23573,		7.33520,		22.14653,
97,		5.19548,		6.26955,		16.76231,
98,		3.06406,		7.56290,		9.17189,
99,		3.06406,		6.24354,		9.09078,
100,		5.16827,		7.02783,		15.20745,
101,		4.91930,		6.54849,		16.23546,
102,		5.23573,		6.16197,		16.23546,
103,		5.23573,		7.61902,		16.23546,
104,		5.23573,		8.08037,		26.66978,
105,		5.23573,		8.92678,		16.23546,
106,		5.23573,		8.57523,		16.23546,
107,		5.23573,		9.49107,		10.52809,
108,		5.23573,		7.95055,		28.06402,
109,		5.23573,		8.95717,		10.48502,
110,		5.23573,		7.85717,		11.01187,
111,		5.23573,		7.17899,		10.53963,
112,		5.23573,		6.85127,		10.67375,
113,		6.58329,		6.89594,		25.18559,
114,		6.37940,		6.98911,		25.18559,
115,		6.37940,		6.82591,		16.60169,
116,		6.60387,		6.74160,		17.62970,
117,		4.04709,		6.59521,		7.15683,
118,		6.58329,		6.63623,		7.28533,
119,		6.37940,		6.74437,		17.62970,
120,		6.58329,		6.63123,		6.83206,
121,		6.56251,		6.81503,		25.18559,
122,		6.62997,		6.73997,		17.62970,
123,		6.62997,		6.72969,		16.60169,
124,		5.23573,		6.61178,		7.40419,
125,		5.93607,		6.63196,		7.40419,
126,		5.93607,		6.63039,		7.40419,
127,		6.19307,		6.72282,		16.60169,
128,		6.26214,		6.62515,		6.62997,
129,		6.60387,		6.74600,		17.62970,
130,		4.04709,		6.89494,		17.62970,
131,		6.62997,		11.14294,		17.62970,
132,		6.56251,		9.20207,		27.60141,
133,		6.56251,		10.52675,		27.60141,
134,		6.62997,		8.78674,		17.62970,
135,		6.19307,		7.42479,		17.62970,
136,		6.60387,		6.85208,		17.62970,
137,		6.37940,		6.83956,		17.62970,
138,		6.62997,		6.82085,		17.62970,
139,		6.62997,		6.63865,		7.40419,
140,		2.28662,		6.69239,		17.62970,
141,		2.28662,		6.66026,		17.62970,
142,		5.82523,		6.84158,		17.62970,
143,		6.62997,		6.73997,		17.62970,
144,		6.62997,		6.63538,		7.15683,
145,		4.04709,		6.60428,		6.64333,
146,		6.62997,		6.63631,		7.15683,
147,		6.62997,		6.73617,		16.60169,
148,		6.62997,		6.81692,		25.18559,
149,		5.23573,		6.61311,		7.15683,
