RANDOM_SEED, 1698986406
GEN,		MIN,			AVE,			MAX,
0,		1.42295,		24.72616,		55.09872,
1,		2.61350,		21.50459,		53.94502,
2,		5.03204,		22.51880,		43.79340,
3,		8.93135,		21.39867,		38.28591,
4,		10.61934,		21.23545,		28.96403,
5,		10.50530,		16.17254,		28.96403,
6,		10.58963,		13.69574,		28.96403,
7,		10.61934,		12.03545,		26.09092,
8,		10.46062,		11.77308,		32.01484,
9,		10.46062,		10.96044,		26.09092,
10,		10.61934,		10.83196,		26.09092,
11,		10.34788,		10.81853,		26.09092,
12,		10.48201,		10.83936,		26.09092,
13,		10.61934,		10.66286,		14.43583,
14,		10.34788,		10.65892,		14.43583,
15,		10.56623,		10.65431,		13.25362,
16,		10.06678,		10.61584,		11.49636,
17,		7.81801,		10.74307,		26.09092,
18,		10.06678,		18.36278,		26.26359,
19,		7.81801,		14.80594,		26.09092,
20,		7.81801,		11.90783,		26.09092,
21,		10.61934,		11.11675,		26.09092,
22,		10.50530,		11.02202,		34.54631,
23,		9.61060,		10.60925,		10.61934,
24,		10.34788,		10.72963,		21.05366,
25,		10.34788,		10.86749,		26.09092,
26,		10.06678,		10.76149,		26.09092,
27,		10.06678,		10.62461,		11.49636,
28,		3.57746,		10.55140,		10.68118,
29,		10.61934,		10.62811,		11.49636,
30,		10.58963,		10.62781,		11.49636,
31,		10.58963,		10.63333,		11.49636,
32,		10.58471,		10.61840,		10.61934,
33,		10.56623,		10.65354,		14.19168,
34,		10.61934,		12.56120,		29.66326,
35,		3.57746,		11.59051,		29.66326,
36,		7.11517,		12.32950,		14.43583,
37,		7.80907,		10.02006,		14.43583,
38,		7.63168,		8.72058,		14.19168,
39,		0.77613,		8.31997,		14.19168,
40,		0.66208,		7.85545,		10.60438,
41,		7.63168,		7.84009,		10.58471,
42,		7.63168,		7.82754,		8.40269,
43,		7.81801,		7.86862,		10.61934,
44,		7.81801,		8.05006,		16.27341,
45,		7.81801,		8.32533,		16.27341,
46,		7.78829,		8.07559,		16.27341,
47,		7.75215,		8.07708,		16.27341,
48,		2.65225,		11.99888,		16.29188,
49,		7.81801,		14.24225,		16.27341,
50,		7.81801,		10.94464,		16.27341,
51,		7.81801,		14.41322,		16.27341,
52,		7.26545,		15.08866,		21.73472,
53,		7.26545,		13.65879,		21.73472,
54,		7.26545,		10.44358,		16.27341,
55,		7.07913,		12.56315,		18.90126,
56,		7.07913,		10.10058,		16.27341,
57,		7.26144,		12.76538,		18.52218,
58,		7.26144,		9.96580,		16.70630,
59,		7.26144,		12.88619,		18.52218,
60,		0.77613,		12.15670,		16.27341,
61,		0.74641,		9.46218,		16.27341,
62,		0.74641,		12.99423,		16.27341,
63,		0.74641,		10.23046,		16.27341,
64,		0.74641,		10.50285,		16.27341,
65,		0.77613,		8.54279,		16.27341,
66,		7.76490,		7.98622,		16.27341,
67,		7.78347,		7.93187,		17.29499,
68,		7.76490,		7.93055,		17.29499,
69,		7.76490,		7.82683,		8.40269,
70,		7.63168,		7.85684,		11.63450,
71,		7.76490,		7.85723,		11.63450,
72,		7.76490,		7.82911,		8.80747,
73,		7.26545,		7.84412,		9.62345,
74,		0.77613,		7.86183,		16.71031,
75,		7.26545,		8.00271,		18.25233,
76,		7.26545,		7.92906,		18.25233,
77,		7.76490,		7.85511,		11.63450,
78,		0.77613,		7.95897,		18.25233,
79,		0.77613,		7.74906,		8.69503,
80,		0.77613,		7.67406,		8.03245,
81,		0.77613,		7.74924,		8.40269,
82,		0.77613,		7.85976,		18.25233,
83,		0.77613,		7.89937,		18.25233,
84,		7.81801,		7.81863,		7.87985,
85,		7.76490,		7.82687,		8.69503,
86,		7.80305,		7.92542,		18.25233,
87,		7.26545,		7.83871,		10.61934,
88,		7.26545,		7.87722,		11.63450,
89,		7.78829,		7.81933,		7.98827,
90,		7.78347,		7.81719,		7.81801,
91,		7.63168,		7.81463,		7.81801,
92,		0.77613,		7.74690,		7.81801,
93,		0.77613,		7.70454,		10.61934,
94,		0.77613,		4.26456,		7.81801,
95,		0.74159,		6.08407,		10.61934,
96,		0.74159,		6.08061,		10.61934,
97,		0.74159,		6.81988,		8.69503,
98,		0.74159,		7.30718,		8.72154,
99,		0.74159,		7.70825,		16.47017,
100,		0.74159,		6.11144,		18.25233,
101,		0.72664,		6.50527,		18.21779,
102,		0.74159,		7.11425,		18.21779,
103,		0.74159,		4.05197,		7.81801,
104,		0.74159,		6.09294,		11.35582,
105,		0.74159,		3.33996,		7.78347,
106,		0.74159,		5.33143,		9.58892,
107,		0.74159,		3.09031,		9.58892,
108,		0.74159,		5.24780,		7.78347,
109,		0.73356,		6.37388,		7.78347,
110,		0.62755,		3.35329,		8.36816,
111,		0.62755,		4.14450,		9.58892,
112,		0.74159,		5.53758,		8.66050,
113,		0.73346,		2.99400,		7.78347,
114,		0.74159,		4.12078,		7.81801,
115,		0.74159,		2.45863,		10.48201,
116,		0.74159,		1.34067,		7.78347,
117,		0.74159,		0.95347,		7.78347,
118,		0.74159,		1.02389,		7.78347,
119,		0.68216,		0.95226,		7.78347,
120,		0.74159,		1.02594,		7.78347,
121,		0.73346,		1.02637,		7.78347,
122,		0.74159,		0.88929,		7.78347,
123,		0.68216,		0.81302,		7.78347,
124,		0.58097,		0.73821,		0.79621,
125,		0.68216,		0.76790,		3.44012,
126,		0.62755,		0.74520,		1.32628,
127,		0.73989,		0.76066,		2.61772,
128,		0.58097,		0.74031,		0.75846,
129,		0.68216,		0.74167,		0.79621,
130,		0.74159,		0.74253,		0.79621,
131,		0.58498,		0.74254,		0.79621,
132,		0.73748,		0.75405,		0.80665,
133,		0.73748,		0.82245,		7.89029,
134,		0.19305,		0.76815,		2.67313,
135,		0.19305,		0.82256,		9.43231,
136,		0.74159,		0.78186,		3.44414,
137,		0.68618,		0.75335,		1.33029,
138,		0.68618,		0.89377,		4.31795,
139,		0.74561,		1.00657,		11.17993,
140,		0.74561,		0.95993,		8.15693,
141,		0.74561,		0.82184,		4.31795,
142,		0.74561,		0.78932,		3.44414,
143,		0.71589,		0.83560,		7.89029,
144,		0.74561,		0.84343,		7.89029,
145,		0.63156,		0.96816,		11.17993,
146,		0.58498,		1.30962,		11.17993,
147,		0.19305,		0.92676,		3.44414,
148,		0.19305,		0.92231,		7.89029,
149,		0.73437,		0.80332,		2.67313,
