RANDOM_SEED, 1698986447
GEN,		MIN,				AVE,				MAX,			CONV,					CONV_ACT,
  0,		15.12,		53.76,		77.75,				1.44625,				0.98863
  1,		22.44,		52.97,		77.75,				1.46775,				0.98863
  2,		34.06,		52.90,		77.75,				1.46975,				0.98863
  3,		43.54,		62.10,		75.08,				1.20892,				0.95467
  4,		38.59,		56.35,		75.08,				1.33236,				0.95467
  5,		38.59,		53.45,		74.03,				1.38493,				0.94135
  6,		46.79,		57.78,		73.50,				1.27197,				0.93458
  7,		46.79,		53.50,		72.11,				1.34778,				0.91688
  8,		46.79,		52.45,		71.37,				1.36065,				0.90755
  9,		46.79,		51.05,		71.37,				1.39816,				0.90755
 10,		38.41,		49.61,		71.37,				1.43857,				0.90755
 11,		31.86,		49.53,		71.37,				1.44104,				0.90755
 12,		46.92,		53.42,		68.75,				1.28696,				0.87426
 13,		47.65,		52.01,		69.25,				1.33161,				0.88059
 14,		44.38,		54.53,		69.25,				1.26988,				0.88059
 15,		48.28,		56.24,		69.25,				1.23134,				0.88059
 16,		41.30,		56.30,		59.01,				1.04812,				0.75036
 17,		41.30,		56.70,		65.95,				1.16311,				0.83860
 18,		39.18,		56.60,		65.95,				1.16511,				0.83860
 19,		43.82,		57.03,		71.37,				1.25151,				0.90755
 20,		43.82,		55.91,		64.08,				1.14608,				0.81482
 21,		51.65,		55.29,		60.38,				1.09196,				0.76771
 22,		51.65,		56.31,		60.38,				1.07217,				0.76771
 23,		51.65,		56.65,		57.80,				1.02033,				0.73492
 24,		51.65,		55.47,		57.42,				1.03506,				0.73007
 25,		41.30,		56.35,		70.33,				1.24799,				0.89423
 26,		48.54,		55.47,		58.51,				1.05468,				0.74395
 27,		43.82,		53.76,		57.24,				1.06470,				0.72781
 28,		41.07,		49.72,		57.24,				1.15109,				0.72781
 29,		38.69,		52.08,		57.24,				1.09904,				0.72781
 30,		38.38,		53.03,		57.24,				1.07926,				0.72781
 31,		38.38,		53.60,		57.24,				1.06787,				0.72781
 32,		38.38,		52.83,		57.24,				1.08350,				0.72781
 33,		38.38,		53.49,		54.65,				1.02165,				0.69490
 34,		38.38,		53.85,		54.68,				1.01543,				0.69534
 35,		50.84,		54.45,		59.16,				1.08656,				0.75232
 36,		54.09,		54.51,		57.24,				1.04998,				0.72781
 37,		54.09,		54.52,		57.24,				1.04977,				0.72781
 38,		53.83,		54.60,		63.20,				1.15760,				0.80363
 39,		48.90,		54.73,		65.95,				1.20511,				0.83860
 40,		53.83,		54.61,		57.24,				1.04819,				0.72781
 41,		41.07,		54.37,		57.24,				1.05270,				0.72781
 42,		53.83,		55.91,		59.16,				1.05828,				0.75232
 43,		52.37,		55.24,		59.16,				1.07096,				0.75232
 44,		43.82,		56.24,		69.39,				1.23376,				0.88230
 45,		52.37,		55.58,		68.62,				1.23471,				0.87258
 46,		52.37,		55.16,		68.62,				1.24406,				0.87258
 47,		41.07,		55.79,		57.34,				1.02784,				0.72915
 48,		48.90,		55.22,		57.24,				1.03660,				0.72781
 49,		52.37,		54.88,		59.01,				1.07521,				0.75036
 50,		53.83,		54.88,		63.20,				1.15162,				0.80363
 51,		53.53,		55.41,		63.20,				1.14048,				0.80363
 52,		54.49,		55.10,		63.20,				1.14693,				0.80363
 53,		54.49,		54.88,		63.20,				1.15152,				0.80363
 54,		51.80,		54.99,		63.40,				1.15278,				0.80612
 55,		51.80,		57.82,		68.62,				1.18687,				0.87258
 56,		51.80,		55.45,		68.62,				1.23755,				0.87258
 57,		51.80,		59.47,		67.58,				1.13639,				0.85927
 58,		51.80,		61.74,		70.76,				1.14595,				0.89971
 59,		35.26,		61.31,		67.68,				1.10395,				0.86060
 60,		51.80,		61.41,		67.68,				1.10213,				0.86060
 61,		51.80,		64.06,		70.53,				1.10100,				0.89685
 62,		51.80,		62.92,		70.53,				1.12100,				0.89685
 63,		61.33,		62.19,		70.53,				1.13413,				0.89685
 64,		56.97,		61.80,		70.53,				1.14126,				0.89685
 65,		56.97,		61.49,		67.58,				1.09901,				0.85927
 66,		60.93,		61.54,		67.58,				1.09802,				0.85927
 67,		56.97,		61.47,		67.58,				1.09936,				0.85927
 68,		42.11,		61.23,		64.08,				1.04658,				0.81482
 69,		42.11,		61.15,		64.08,				1.04791,				0.81482
 70,		51.80,		61.33,		64.08,				1.04490,				0.81482
 71,		61.28,		61.38,		64.08,				1.04406,				0.81482
 72,		61.28,		61.36,		64.08,				1.04435,				0.81482
 73,		47.91,		61.11,		64.08,				1.04867,				0.81482
 74,		42.11,		61.15,		64.08,				1.04786,				0.81482
 75,		60.37,		61.34,		64.08,				1.04459,				0.81482
 76,		60.37,		61.31,		61.33,				1.00033,				0.77985
 77,		51.80,		61.23,		62.81,				1.02573,				0.79865
 78,		56.97,		61.30,		62.29,				1.01619,				0.79207
 79,		61.28,		61.48,		70.53,				1.14725,				0.89685
 80,		42.11,		61.18,		64.08,				1.04748,				0.81482
 81,		61.33,		61.38,		64.08,				1.04405,				0.81482
 82,		61.08,		61.37,		64.08,				1.04409,				0.81482
 83,		61.08,		61.35,		63.20,				1.03019,				0.80363
 84,		61.08,		61.33,		61.33,				1.00005,				0.77985
 85,		42.11,		61.00,		61.33,				1.00535,				0.77985
 86,		61.28,		61.33,		61.43,				1.00160,				0.78111
 87,		47.91,		61.20,		61.33,				1.00220,				0.77985
 88,		51.80,		61.23,		61.43,				1.00324,				0.78111
 89,		61.28,		61.35,		63.10,				1.02859,				0.80240
 90,		60.37,		61.40,		66.01,				1.07498,				0.83933
 91,		47.91,		61.24,		61.53,				1.00459,				0.78235
 92,		48.04,		61.32,		63.31,				1.03250,				0.80503
 93,		61.33,		61.41,		63.23,				1.02951,				0.80397
 94,		61.08,		61.37,		63.23,				1.03022,				0.80397
 95,		51.97,		61.25,		61.45,				1.00335,				0.78142
 96,		61.33,		61.40,		63.10,				1.02782,				0.80240
 97,		59.21,		61.36,		63.20,				1.02995,				0.80363
 98,		59.21,		61.36,		63.20,				1.02994,				0.80363
 99,		61.28,		61.44,		70.53,				1.14790,				0.89685
100,		61.28,		61.50,		70.53,				1.14689,				0.89685
101,		60.93,		61.44,		70.53,				1.14791,				0.89685
102,		61.33,		61.44,		61.63,				1.00319,				0.78368
103,		61.11,		61.40,		63.30,				1.03094,				0.80490
104,		60.93,		61.46,		61.62,				1.00261,				0.78358
105,		60.93,		61.49,		70.53,				1.14707,				0.89685
106,		60.83,		61.37,		61.68,				1.00508,				0.78436
107,		56.97,		61.31,		61.68,				1.00613,				0.78436
108,		60.83,		61.27,		61.53,				1.00420,				0.78235
109,		47.91,		61.18,		63.40,				1.03624,				0.80612
110,		41.61,		60.74,		62.29,				1.02551,				0.79207
111,		56.57,		61.20,		62.49,				1.02104,				0.79456
112,		57.17,		61.41,		63.20,				1.02917,				0.80363
113,		48.11,		61.31,		63.20,				1.03089,				0.80363
114,		57.17,		61.45,		61.53,				1.00120,				0.78235
115,		57.17,		61.48,		61.53,				1.00080,				0.78235
116,		48.11,		61.39,		61.53,				1.00222,				0.78235
117,		61.07,		61.55,		64.22,				1.04349,				0.81666
118,		59.41,		61.49,		61.65,				1.00256,				0.78391
119,		59.41,		61.51,		63.30,				1.02916,				0.80490
120,		61.53,		61.56,		63.30,				1.02833,				0.80490
121,		57.17,		61.49,		62.28,				1.01279,				0.79190
122,		61.53,		61.55,		63.30,				1.02851,				0.80490
123,		61.53,		61.55,		63.30,				1.02847,				0.80490
124,		61.03,		61.52,		61.59,				1.00107,				0.78313
125,		57.17,		61.48,		61.65,				1.00275,				0.78391
126,		57.17,		61.49,		63.30,				1.02936,				0.80490
127,		61.53,		61.64,		70.73,				1.14749,				0.89934
128,		61.53,		61.62,		70.73,				1.14781,				0.89934
129,		61.28,		61.62,		66.10,				1.07278,				0.84052
130,		60.57,		61.61,		70.73,				1.14802,				0.89934
131,		60.57,		61.51,		61.53,				1.00024,				0.78235
132,		42.51,		61.36,		62.98,				1.02641,				0.80081
133,		42.51,		61.35,		63.30,				1.03176,				0.80490
134,		42.51,		61.44,		70.73,				1.15109,				0.89934
135,		61.07,		61.64,		70.73,				1.14733,				0.89934
136,		61.07,		61.75,		70.73,				1.14541,				0.89934
137,		61.53,		61.54,		61.62,				1.00134,				0.78358
138,		48.19,		61.28,		61.55,				1.00446,				0.78268
139,		51.99,		61.37,		63.30,				1.03150,				0.80491
140,		59.41,		61.52,		61.55,				1.00056,				0.78268
141,		61.16,		61.54,		61.55,				1.00021,				0.78268
142,		60.83,		61.58,		66.13,				1.07382,				0.84085
143,		61.16,		61.55,		61.55,				1.00007,				0.78268
144,		61.13,		61.50,		70.75,				1.15041,				0.89968
145,		52.02,		61.51,		70.75,				1.15020,				0.89968
146,		52.02,		61.50,		66.13,				1.07531,				0.84085
147,		52.02,		61.33,		70.75,				1.15372,				0.89968
148,		59.05,		61.33,		70.75,				1.15367,				0.89968
149,		59.05,		61.53,		70.75,				1.14985,				0.89968
