RANDOM_SEED, 1698986420
GEN,		MIN,				AVE,				MAX,			CONV,					CONV_ACT,
  0,		18.07,		51.56,		75.71,				1.46832,				0.96265
  1,		24.42,		50.69,		75.71,				1.49352,				0.96265
  2,		29.33,		50.20,		75.60,				1.50594,				0.96126
  3,		25.83,		50.61,		72.12,				1.42508,				0.91702
  4,		31.17,		44.43,		69.98,				1.57524,				0.88990
  5,		33.57,		49.67,		59.87,				1.20533,				0.76129
  6,		33.90,		44.14,		59.87,				1.35650,				0.76129
  7,		34.76,		47.38,		58.11,				1.22633,				0.73884
  8,		34.76,		49.36,		58.11,				1.17717,				0.73884
  9,		34.76,		51.19,		58.11,				1.13507,				0.73884
 10,		34.76,		45.70,		63.12,				1.38133,				0.80266
 11,		35.14,		50.72,		64.23,				1.26625,				0.81671
 12,		36.63,		52.13,		64.23,				1.23198,				0.81671
 13,		27.43,		45.72,		58.32,				1.27550,				0.74155
 14,		27.43,		49.01,		58.42,				1.19194,				0.74287
 15,		27.43,		50.96,		54.15,				1.06276,				0.68860
 16,		27.43,		51.47,		54.09,				1.05093,				0.68780
 17,		36.63,		52.73,		63.05,				1.19575,				0.80169
 18,		39.56,		52.98,		63.05,				1.18998,				0.80169
 19,		36.63,		52.91,		63.05,				1.19155,				0.80169
 20,		52.60,		52.98,		53.27,				1.00557,				0.67739
 21,		52.88,		53.08,		63.05,				1.18772,				0.80169
 22,		52.93,		53.11,		63.05,				1.18722,				0.80169
 23,		52.93,		52.97,		52.97,				1.00002,				0.67359
 24,		36.63,		52.69,		53.56,				1.01642,				0.68102
 25,		36.63,		52.52,		53.06,				1.01024,				0.67467
 26,		36.63,		52.73,		56.21,				1.06612,				0.71476
 27,		40.84,		52.84,		56.21,				1.06390,				0.71476
 28,		50.12,		52.92,		53.14,				1.00419,				0.67571
 29,		50.12,		52.96,		54.09,				1.02143,				0.68780
 30,		36.63,		52.80,		54.09,				1.02450,				0.68780
 31,		40.84,		52.85,		54.09,				1.02347,				0.68780
 32,		51.48,		53.17,		69.83,				1.31349,				0.88797
 33,		52.60,		53.38,		69.83,				1.30811,				0.88797
 34,		36.61,		52.83,		56.21,				1.06409,				0.71476
 35,		36.61,		52.75,		63.05,				1.19518,				0.80169
 36,		48.51,		52.93,		58.40,				1.10327,				0.74259
 37,		48.60,		53.09,		63.10,				1.18863,				0.80238
 38,		48.60,		53.22,		69.91,				1.31352,				0.88893
 39,		52.95,		53.17,		69.91,				1.31487,				0.88893
 40,		36.81,		53.06,		69.91,				1.31751,				0.88893
 41,		52.61,		52.99,		53.05,				1.00105,				0.67455
 42,		40.92,		52.90,		54.09,				1.02254,				0.68780
 43,		51.48,		52.97,		53.05,				1.00152,				0.67455
 44,		51.48,		52.97,		53.05,				1.00148,				0.67455
 45,		48.55,		52.91,		53.05,				1.00267,				0.67455
 46,		36.63,		52.70,		54.09,				1.02635,				0.68780
 47,		36.63,		52.57,		53.14,				1.01086,				0.67571
 48,		40.84,		52.80,		53.27,				1.00896,				0.67739
 49,		50.12,		52.98,		56.21,				1.06104,				0.71476
 50,		52.97,		53.01,		56.21,				1.06047,				0.71476
 51,		36.63,		52.85,		56.21,				1.06367,				0.71476
 52,		50.12,		53.18,		69.83,				1.31319,				0.88797
 53,		51.48,		52.96,		53.14,				1.00341,				0.67571
 54,		51.48,		53.06,		58.42,				1.10095,				0.74287
 55,		52.61,		53.19,		69.83,				1.31280,				0.88797
 56,		52.93,		53.08,		58.42,				1.10059,				0.74287
 57,		48.46,		53.02,		63.13,				1.19067,				0.80277
 58,		48.55,		53.20,		69.79,				1.31174,				0.88741
 59,		52.79,		53.31,		69.83,				1.30996,				0.88797
 60,		52.79,		53.47,		69.83,				1.30592,				0.88797
 61,		36.63,		53.40,		69.83,				1.30771,				0.88797
 62,		52.79,		58.96,		69.83,				1.18433,				0.88797
 63,		40.84,		56.48,		69.79,				1.23557,				0.88741
 64,		51.48,		58.78,		69.83,				1.18808,				0.88797
 65,		46.70,		56.30,		69.83,				1.24032,				0.88797
 66,		46.70,		59.11,		69.83,				1.18139,				0.88797
 67,		40.84,		57.42,		69.83,				1.21607,				0.88797
 68,		40.84,		58.28,		69.98,				1.20083,				0.88989
 69,		40.84,		64.51,		70.00,				1.08502,				0.89009
 70,		52.97,		64.34,		69.98,				1.08771,				0.88989
 71,		51.48,		67.51,		70.95,				1.05092,				0.90218
 72,		52.97,		69.18,		70.42,				1.01794,				0.89540
 73,		52.97,		69.33,		69.98,				1.00938,				0.88989
 74,		69.16,		69.83,		70.42,				1.00844,				0.89548
 75,		69.46,		69.85,		70.95,				1.01576,				0.90218
 76,		53.49,		69.74,		73.33,				1.05148,				0.93241
 77,		52.97,		69.69,		71.99,				1.03295,				0.91542
 78,		69.46,		69.84,		70.42,				1.00824,				0.89540
 79,		69.46,		69.93,		73.33,				1.04857,				0.93241
 80,		56.98,		71.43,		74.45,				1.04229,				0.94663
 81,		63.05,		71.47,		73.33,				1.02606,				0.93241
 82,		60.84,		71.56,		73.33,				1.02466,				0.93241
 83,		68.44,		72.47,		73.91,				1.01995,				0.93984
 84,		68.44,		71.91,		73.33,				1.01964,				0.93241
 85,		69.83,		72.41,		73.91,				1.02070,				0.93984
 86,		66.98,		72.30,		73.44,				1.01572,				0.93380
 87,		69.81,		71.11,		74.30,				1.04489,				0.94483
 88,		69.81,		72.34,		76.57,				1.05841,				0.97359
 89,		64.44,		72.91,		76.86,				1.05415,				0.97734
 90,		66.98,		71.65,		76.57,				1.06860,				0.97359
 91,		66.98,		70.66,		76.57,				1.08361,				0.97359
 92,		52.97,		70.13,		73.44,				1.04710,				0.93380
 93,		52.97,		69.91,		73.44,				1.05049,				0.93380
 94,		57.70,		69.92,		73.44,				1.05027,				0.93380
 95,		52.97,		69.82,		73.33,				1.05024,				0.93241
 96,		69.79,		71.64,		74.30,				1.03726,				0.94483
 97,		65.41,		70.79,		74.30,				1.04967,				0.94483
 98,		65.41,		70.36,		77.54,				1.10204,				0.98600
 99,		69.79,		70.15,		74.30,				1.05926,				0.94483
100,		69.79,		70.10,		73.33,				1.04602,				0.93241
101,		52.97,		69.74,		73.33,				1.05151,				0.93241
102,		52.97,		69.66,		73.33,				1.05267,				0.93241
103,		52.97,		69.74,		73.33,				1.05148,				0.93241
104,		52.97,		69.67,		73.33,				1.05255,				0.93241
105,		66.98,		69.81,		70.00,				1.00278,				0.89009
106,		66.98,		69.80,		69.83,				1.00041,				0.88797
107,		57.70,		69.73,		71.99,				1.03237,				0.91542
108,		65.41,		69.81,		71.99,				1.03125,				0.91542
109,		68.44,		69.82,		69.83,				1.00020,				0.88797
110,		52.97,		69.51,		70.15,				1.00917,				0.89197
111,		69.16,		69.83,		70.15,				1.00457,				0.89197
112,		69.79,		69.88,		73.07,				1.04570,				0.92914
113,		52.97,		69.68,		70.81,				1.01615,				0.90038
114,		69.83,		69.90,		73.33,				1.04904,				0.93241
115,		69.83,		69.87,		73.33,				1.04952,				0.93241
116,		69.79,		69.83,		69.83,				1.00001,				0.88797
117,		52.97,		69.63,		69.83,				1.00295,				0.88797
118,		66.98,		69.81,		70.81,				1.01438,				0.90038
119,		65.25,		69.73,		70.81,				1.01544,				0.90038
120,		69.81,		69.83,		69.83,				1.00000,				0.88797
121,		57.70,		69.71,		69.91,				1.00282,				0.88893
122,		53.49,		69.50,		69.91,				1.00582,				0.88893
123,		65.41,		69.79,		69.91,				1.00171,				0.88893
124,		69.83,		69.88,		73.07,				1.04563,				0.92914
125,		69.79,		69.84,		70.42,				1.00837,				0.89548
126,		69.79,		69.91,		73.07,				1.04522,				0.92914
127,		69.79,		69.85,		70.95,				1.01582,				0.90218
128,		53.49,		69.69,		70.95,				1.01814,				0.90218
129,		66.00,		69.80,		70.95,				1.01647,				0.90218
130,		66.53,		69.84,		71.99,				1.03086,				0.91542
131,		57.70,		69.72,		70.42,				1.01012,				0.89548
132,		53.49,		69.58,		73.33,				1.05385,				0.93241
133,		53.49,		69.66,		69.98,				1.00459,				0.88989
134,		69.46,		69.85,		71.99,				1.03066,				0.91542
135,		53.49,		69.68,		70.81,				1.01625,				0.90038
136,		57.70,		69.74,		70.81,				1.01539,				0.90038
137,		53.49,		69.47,		70.81,				1.01923,				0.90038
138,		47.34,		69.63,		70.81,				1.01694,				0.90038
139,		47.34,		69.38,		70.79,				1.02034,				0.90015
140,		47.34,		69.63,		70.79,				1.01673,				0.90015
141,		47.34,		69.41,		69.83,				1.00605,				0.88797
142,		47.34,		69.37,		69.83,				1.00663,				0.88797
143,		69.16,		69.84,		70.95,				1.01595,				0.90218
144,		69.16,		69.86,		71.99,				1.03057,				0.91542
145,		69.16,		69.84,		70.81,				1.01386,				0.90038
146,		69.16,		69.83,		70.42,				1.00848,				0.89548
147,		69.83,		69.89,		73.33,				1.04925,				0.93241
148,		69.83,		69.84,		70.42,				1.00837,				0.89548
149,		57.70,		69.77,		70.42,				1.00943,				0.89548
