RANDOM_SEED, 1698986442
GEN,		MIN,				AVE,				MAX,			CONV,					CONV_ACT,
  0,		9.32,		51.16,		76.87,				1.50232,				0.97740
  1,		19.51,		49.00,		76.87,				1.56875,				0.97740
  2,		32.68,		49.38,		76.08,				1.54076,				0.96739
  3,		20.60,		50.23,		75.77,				1.50838,				0.96341
  4,		28.96,		48.43,		71.76,				1.48175,				0.91245
  5,		28.96,		45.60,		69.64,				1.52731,				0.88554
  6,		30.07,		46.91,		69.64,				1.48467,				0.88554
  7,		33.30,		48.80,		68.37,				1.40123,				0.86941
  8,		30.53,		42.77,		68.37,				1.59873,				0.86941
  9,		28.97,		46.69,		68.37,				1.46431,				0.86941
 10,		30.25,		43.43,		59.41,				1.36793,				0.75546
 11,		33.30,		48.11,		56.31,				1.17053,				0.71605
 12,		33.30,		45.27,		56.24,				1.24222,				0.71511
 13,		30.25,		46.91,		56.24,				1.19886,				0.71511
 14,		37.77,		49.66,		59.12,				1.19055,				0.75181
 15,		30.25,		49.01,		54.72,				1.11636,				0.69575
 16,		44.60,		49.96,		54.75,				1.09589,				0.69623
 17,		31.20,		49.22,		54.75,				1.11247,				0.69623
 18,		31.20,		50.24,		54.75,				1.08977,				0.69623
 19,		44.60,		49.53,		53.92,				1.08853,				0.68557
 20,		44.60,		49.15,		53.92,				1.09702,				0.68557
 21,		45.40,		49.83,		65.40,				1.31266,				0.83165
 22,		45.40,		49.14,		65.40,				1.33085,				0.83165
 23,		47.69,		49.28,		65.40,				1.32725,				0.83165
 24,		31.40,		50.84,		65.40,				1.28633,				0.83165
 25,		48.26,		50.12,		65.40,				1.30506,				0.83165
 26,		48.18,		50.02,		65.40,				1.30748,				0.83165
 27,		48.26,		49.40,		65.40,				1.32399,				0.83165
 28,		31.40,		48.65,		65.40,				1.34429,				0.83165
 29,		48.17,		48.95,		65.40,				1.33623,				0.83165
 30,		30.59,		48.55,		65.40,				1.34723,				0.83165
 31,		29.86,		48.43,		65.40,				1.35057,				0.83165
 32,		29.86,		48.45,		65.22,				1.34609,				0.82932
 33,		29.86,		39.17,		65.22,				1.66506,				0.82932
 34,		27.59,		44.41,		65.22,				1.46865,				0.82932
 35,		26.81,		38.80,		65.22,				1.68078,				0.82932
 36,		27.59,		44.94,		65.22,				1.45130,				0.82932
 37,		27.59,		37.69,		64.19,				1.70287,				0.81621
 38,		27.59,		40.38,		64.19,				1.58982,				0.81621
 39,		26.92,		34.91,		64.19,				1.83851,				0.81621
 40,		26.92,		32.50,		51.96,				1.59893,				0.66069
 41,		26.81,		39.14,		51.96,				1.32752,				0.66069
 42,		26.20,		42.57,		51.78,				1.21614,				0.65837
 43,		26.80,		35.92,		51.78,				1.44134,				0.65837
 44,		26.80,		42.50,		51.78,				1.21837,				0.65837
 45,		26.80,		45.78,		53.75,				1.17427,				0.68353
 46,		26.80,		45.86,		50.26,				1.09599,				0.63908
 47,		27.59,		45.74,		50.26,				1.09882,				0.63908
 48,		27.59,		46.12,		50.26,				1.08980,				0.63908
 49,		27.59,		46.17,		64.19,				1.39019,				0.81621
 50,		45.99,		48.04,		64.19,				1.33629,				0.81621
 51,		45.99,		49.07,		64.19,				1.30822,				0.81621
 52,		44.61,		48.46,		60.23,				1.24289,				0.76588
 53,		45.99,		49.00,		53.75,				1.09706,				0.68353
 54,		31.09,		47.23,		49.49,				1.04791,				0.62928
 55,		45.99,		47.78,		64.19,				1.34356,				0.81621
 56,		45.99,		48.13,		60.23,				1.25148,				0.76588
 57,		45.99,		48.72,		60.23,				1.23617,				0.76588
 58,		45.99,		48.95,		49.49,				1.01097,				0.62928
 59,		45.99,		49.40,		67.68,				1.37005,				0.86065
 60,		45.99,		49.34,		49.60,				1.00518,				0.63067
 61,		45.99,		49.44,		49.49,				1.00094,				0.62928
 62,		45.99,		49.45,		49.60,				1.00294,				0.63067
 63,		48.92,		49.48,		49.49,				1.00016,				0.62928
 64,		48.71,		49.53,		52.03,				1.05050,				0.66163
 65,		47.91,		49.75,		67.68,				1.36051,				0.86065
 66,		47.91,		49.66,		60.23,				1.21280,				0.76588
 67,		47.91,		49.85,		67.68,				1.35771,				0.86065
 68,		39.21,		49.52,		60.23,				1.21642,				0.76588
 69,		39.21,		49.47,		60.23,				1.21751,				0.76588
 70,		39.21,		49.38,		60.23,				1.21987,				0.76588
 71,		39.21,		49.36,		49.49,				1.00253,				0.62928
 72,		47.91,		49.53,		55.27,				1.11602,				0.70281
 73,		47.91,		49.79,		60.23,				1.20973,				0.76588
 74,		48.71,		49.76,		67.77,				1.36199,				0.86180
 75,		39.21,		49.49,		53.75,				1.08608,				0.68353
 76,		39.21,		49.35,		53.75,				1.08921,				0.68353
 77,		39.21,		49.43,		55.27,				1.11813,				0.70281
 78,		48.72,		49.78,		67.68,				1.35975,				0.86065
 79,		48.72,		50.02,		67.68,				1.35321,				0.86065
 80,		48.72,		49.66,		67.68,				1.36290,				0.86065
 81,		48.80,		49.76,		67.68,				1.36022,				0.86065
 82,		49.49,		51.64,		53.80,				1.04183,				0.68404
 83,		31.09,		50.50,		53.80,				1.06516,				0.68404
 84,		49.49,		50.47,		53.80,				1.06585,				0.68404
 85,		49.11,		52.13,		53.75,				1.03114,				0.68353
 86,		49.11,		50.72,		56.75,				1.11878,				0.72160
 87,		49.47,		52.36,		56.75,				1.08384,				0.72160
 88,		45.99,		52.63,		59.54,				1.13131,				0.75706
 89,		49.49,		53.20,		53.75,				1.01036,				0.68353
 90,		49.49,		53.52,		54.31,				1.01472,				0.69055
 91,		49.49,		53.77,		64.50,				1.19941,				0.82013
 92,		49.49,		53.81,		64.50,				1.19862,				0.82013
 93,		53.37,		53.75,		53.80,				1.00083,				0.68404
 94,		53.70,		53.81,		59.54,				1.10639,				0.75706
 95,		53.75,		53.88,		59.54,				1.10508,				0.75706
 96,		53.37,		53.80,		56.75,				1.05486,				0.72160
 97,		41.93,		53.65,		56.75,				1.05769,				0.72160
 98,		41.93,		53.59,		64.24,				1.19871,				0.81686
 99,		41.68,		53.97,		64.24,				1.19022,				0.81686
100,		41.68,		53.95,		64.24,				1.19069,				0.81686
101,		37.77,		53.69,		64.24,				1.19651,				0.81686
102,		37.77,		51.57,		64.22,				1.24520,				0.81660
103,		37.77,		52.76,		64.22,				1.21712,				0.81660
104,		41.68,		56.29,		74.19,				1.31782,				0.94333
105,		41.68,		55.07,		64.22,				1.16617,				0.81660
106,		41.68,		54.78,		59.28,				1.08209,				0.75379
107,		42.40,		54.12,		59.28,				1.09542,				0.75379
108,		42.40,		53.93,		59.28,				1.09928,				0.75379
109,		42.40,		53.67,		59.28,				1.10459,				0.75379
110,		42.40,		53.76,		59.28,				1.10278,				0.75379
111,		42.40,		53.54,		59.28,				1.10714,				0.75379
112,		52.72,		53.58,		59.28,				1.10630,				0.75379
113,		51.92,		53.49,		54.40,				1.01695,				0.69170
114,		51.92,		53.47,		54.22,				1.01389,				0.68941
115,		51.92,		53.47,		53.75,				1.00533,				0.68353
116,		52.72,		53.49,		53.75,				1.00495,				0.68353
117,		52.72,		53.55,		59.28,				1.10692,				0.75379
118,		53.50,		53.52,		54.40,				1.01644,				0.69170
119,		53.50,		53.52,		54.40,				1.01642,				0.69170
120,		53.14,		53.62,		64.24,				1.19818,				0.81686
121,		52.72,		53.53,		54.40,				1.01627,				0.69170
122,		41.87,		53.36,		53.75,				1.00749,				0.68353
123,		49.59,		53.42,		53.75,				1.00633,				0.68353
124,		49.59,		53.39,		53.75,				1.00687,				0.68353
125,		42.40,		53.39,		53.75,				1.00686,				0.68353
126,		51.92,		53.50,		54.05,				1.01024,				0.68729
127,		53.50,		53.52,		54.40,				1.01637,				0.69170
128,		51.92,		53.48,		53.69,				1.00401,				0.68272
129,		51.92,		53.49,		53.69,				1.00385,				0.68272
130,		41.68,		53.68,		71.69,				1.33566,				0.91163
131,		53.33,		53.60,		54.22,				1.01155,				0.68941
132,		53.40,		53.63,		53.69,				1.00121,				0.68272
133,		53.40,		53.60,		53.95,				1.00647,				0.68598
134,		49.42,		53.61,		53.95,				1.00625,				0.68598
135,		42.59,		53.55,		53.77,				1.00418,				0.68374
136,		42.59,		53.44,		54.24,				1.01503,				0.68974
137,		42.20,		53.57,		54.24,				1.01259,				0.68974
138,		52.91,		53.68,		59.28,				1.10438,				0.75379
139,		53.02,		53.68,		56.67,				1.05571,				0.72063
140,		52.12,		53.98,		71.78,				1.32993,				0.91278
141,		41.87,		54.02,		71.78,				1.32873,				0.91278
142,		52.12,		53.83,		71.78,				1.33341,				0.91278
143,		53.02,		53.86,		71.78,				1.33268,				0.91278
144,		49.78,		53.65,		53.83,				1.00326,				0.68443
145,		53.52,		53.75,		59.45,				1.10606,				0.75592
146,		53.13,		53.76,		59.45,				1.10584,				0.75592
147,		49.78,		53.66,		54.24,				1.01092,				0.68974
148,		49.78,		53.62,		56.67,				1.05695,				0.72063
149,		49.43,		52.97,		71.78,				1.35510,				0.91278
