RANDOM_SEED, 1698986442
GEN,		MIN,			AVE,			MAX,
0,		1.77754,		27.47848,		69.32795,
1,		1.77754,		29.64509,		59.13206,
2,		2.56451,		29.26568,		45.95915,
3,		2.87773,		28.41339,		58.03939,
4,		6.88537,		30.21532,		49.68399,
5,		9.00153,		33.04551,		49.68399,
6,		9.00153,		31.73589,		48.56984,
7,		10.26978,		29.84783,		45.34225,
8,		10.26978,		35.87595,		48.10824,
9,		10.26978,		31.95006,		49.67274,
10,		19.23155,		35.21150,		48.39767,
11,		22.33084,		30.53496,		45.34225,
12,		22.40473,		33.37075,		45.34225,
13,		22.40473,		31.73316,		48.39767,
14,		19.51827,		28.98122,		40.87712,
15,		23.92748,		29.63052,		48.39767,
16,		23.88923,		28.68011,		34.04084,
17,		23.88923,		29.42495,		47.43843,
18,		23.88923,		28.39962,		47.43843,
19,		24.72770,		29.11265,		34.04084,
20,		24.72770,		29.49594,		34.04084,
21,		13.23967,		28.81805,		33.24735,
22,		13.23967,		29.49894,		33.24735,
23,		13.23967,		29.36586,		30.95359,
24,		13.23967,		27.79821,		47.24437,
25,		13.23967,		28.52774,		30.38498,
26,		13.23967,		28.62043,		30.46569,
27,		13.23967,		29.24433,		30.38498,
28,		13.23967,		29.99051,		47.24437,
29,		13.23967,		29.69689,		30.47703,
30,		13.23967,		30.09653,		48.05714,
31,		13.23967,		30.21673,		48.78639,
32,		13.42278,		30.19143,		48.78639,
33,		13.42278,		39.47317,		48.78639,
34,		13.42278,		34.23480,		51.05122,
35,		13.42278,		39.83950,		51.83187,
36,		13.42278,		33.70394,		51.05122,
37,		14.45401,		40.94853,		51.05122,
38,		14.45401,		38.26815,		51.05122,
39,		14.45401,		43.72955,		51.71943,
40,		26.68413,		46.14697,		51.71943,
41,		26.68413,		39.50336,		51.83187,
42,		26.86725,		36.06914,		52.43904,
43,		26.86725,		42.72110,		51.83830,
44,		26.86725,		36.14698,		51.83830,
45,		24.88833,		32.86587,		51.83830,
46,		28.38357,		32.78561,		51.83830,
47,		28.38357,		32.90354,		51.05122,
48,		28.38357,		32.52491,		51.05122,
49,		14.45401,		32.47014,		51.05122,
50,		14.45401,		30.60767,		32.64981,
51,		14.45401,		29.57720,		32.64981,
52,		18.41185,		30.18263,		34.03763,
53,		24.88833,		29.64431,		32.64981,
54,		29.15457,		31.41713,		47.55598,
55,		14.45401,		30.86775,		32.64981,
56,		18.41185,		30.51529,		32.64981,
57,		18.41185,		29.91903,		32.64981,
58,		29.15457,		29.69148,		32.64981,
59,		10.95877,		29.24041,		32.64981,
60,		29.04535,		29.30110,		32.64981,
61,		29.15457,		29.20096,		32.64981,
62,		29.04535,		29.19092,		32.64981,
63,		29.15457,		29.16272,		29.71998,
64,		26.61024,		29.11179,		29.93522,
65,		10.95877,		28.89393,		30.72872,
66,		18.41185,		28.98001,		30.72872,
67,		10.95877,		28.79118,		30.72872,
68,		18.41185,		29.12813,		39.43469,
69,		18.41185,		29.17230,		39.43469,
70,		18.41185,		29.26817,		39.43469,
71,		29.15457,		29.27936,		39.43469,
72,		23.37201,		29.11814,		30.72872,
73,		18.41185,		28.85414,		30.72872,
74,		10.86841,		28.88147,		29.93522,
75,		24.88833,		29.14882,		39.43469,
76,		24.88833,		29.29111,		39.43469,
77,		23.37201,		29.21159,		39.43469,
78,		10.95877,		28.86596,		29.91916,
79,		10.95877,		28.62533,		29.91916,
80,		10.95877,		28.98114,		29.91916,
81,		10.95877,		28.88315,		29.84326,
82,		24.84777,		27.00787,		29.15457,
83,		24.84777,		28.13877,		47.55598,
84,		24.84777,		28.17124,		29.15457,
85,		24.88833,		26.51171,		29.53044,
86,		21.89424,		27.91932,		29.53044,
87,		21.89424,		26.28417,		29.16913,
88,		19.10576,		26.01599,		32.64981,
89,		24.88833,		25.43941,		29.15457,
90,		24.33577,		25.12335,		29.15457,
91,		14.14560,		24.86865,		29.15457,
92,		14.14560,		24.83344,		29.15457,
93,		24.84777,		24.89255,		25.27704,
94,		19.10576,		24.83069,		24.94776,
95,		19.10576,		24.76713,		24.88833,
96,		21.89424,		24.84557,		25.27704,
97,		21.89424,		24.98931,		36.71046,
98,		14.40261,		25.05162,		36.71046,
99,		14.40261,		24.66934,		36.96746,
100,		14.40261,		24.69079,		36.96746,
101,		14.40261,		24.95325,		40.87391,
102,		14.42319,		27.06905,		40.87391,
103,		14.42319,		25.87923,		40.87391,
104,		4.45659,		22.34845,		36.96746,
105,		14.42319,		23.57412,		36.96746,
106,		19.36276,		23.86006,		36.96746,
107,		19.36276,		24.52661,		36.24785,
108,		19.36276,		24.71665,		36.24785,
109,		19.36276,		24.97598,		36.24785,
110,		19.36276,		24.88797,		36.24785,
111,		19.36276,		25.09955,		36.24785,
112,		19.36276,		25.05861,		25.92597,
113,		24.24582,		25.15253,		26.71947,
114,		24.42572,		25.16872,		26.71947,
115,		24.88833,		25.17334,		26.71947,
116,		24.88833,		25.15323,		25.92597,
117,		19.36276,		25.08898,		25.92597,
118,		24.24582,		25.12589,		25.14533,
119,		24.24582,		25.12476,		25.14533,
120,		14.40261,		25.02794,		25.49871,
121,		24.24582,		25.11682,		25.92597,
122,		24.88833,		25.28784,		36.77431,
123,		24.88833,		25.22633,		29.05177,
124,		24.88833,		25.25519,		29.05177,
125,		24.88833,		25.25436,		36.24785,
126,		24.59277,		25.14045,		26.71947,
127,		24.24582,		25.12173,		25.14533,
128,		24.95217,		25.16654,		26.71947,
129,		24.95217,		25.15817,		26.71947,
130,		6.94952,		24.96674,		36.96746,
131,		24.42572,		25.04487,		25.31559,
132,		24.95217,		25.01705,		25.24221,
133,		24.69517,		25.04176,		25.24221,
134,		24.69517,		25.03022,		29.21842,
135,		24.87186,		25.09575,		36.05470,
136,		24.39962,		25.20275,		36.05470,
137,		24.39962,		25.07426,		36.44181,
138,		19.36276,		24.96563,		25.72961,
139,		21.97094,		24.96161,		25.62038,
140,		6.85917,		24.66749,		26.51989,
141,		6.85917,		24.61862,		36.77431,
142,		6.85917,		24.80843,		26.51989,
143,		6.85917,		24.77883,		25.62038,
144,		24.81725,		24.99209,		28.85862,
145,		19.19531,		24.89590,		25.12244,
146,		19.19531,		24.88525,		25.50955,
147,		24.39962,		24.98531,		28.85862,
148,		21.97094,		25.02463,		28.85862,
149,		6.85917,		25.67002,		29.21200,
