RANDOM_SEED, 1698986436
GEN,		MIN,			AVE,			MAX,
0,		1.42295,		24.66578,		55.09872,
1,		1.96828,		13.41075,		54.22892,
2,		3.48851,		14.90409,		54.22892,
3,		2.81930,		9.74078,		37.28420,
4,		2.54232,		12.02712,		46.44585,
5,		2.72664,		9.00760,		28.42161,
6,		5.08324,		10.77657,		32.84759,
7,		5.03535,		12.43426,		23.84395,
8,		5.02300,		13.69611,		25.40203,
9,		5.02300,		17.09048,		25.40203,
10,		5.03535,		15.15013,		25.40203,
11,		10.63721,		15.42790,		22.47712,
12,		14.17903,		15.11726,		22.47712,
13,		3.27408,		14.87565,		22.47712,
14,		3.27408,		14.73490,		22.47712,
15,		3.27408,		14.42075,		14.98056,
16,		12.47478,		14.61338,		14.98056,
17,		14.27380,		14.68092,		14.98056,
18,		14.27380,		14.53010,		17.09441,
19,		14.27380,		14.64035,		16.94663,
20,		13.63451,		14.65891,		14.79785,
21,		13.63451,		14.68218,		15.43032,
22,		3.27408,		14.58433,		14.79785,
23,		3.27408,		14.51171,		16.94663,
24,		3.27408,		14.57358,		22.44650,
25,		3.27408,		14.69650,		22.44650,
26,		14.72797,		14.81342,		22.44650,
27,		3.27408,		14.91864,		29.12857,
28,		3.27408,		16.51043,		25.40203,
29,		14.72797,		21.10709,		33.11212,
30,		14.72797,		23.29181,		39.79419,
31,		14.72797,		23.90927,		27.76646,
32,		14.72797,		24.30647,		27.76646,
33,		14.72797,		24.90310,		27.76646,
34,		14.72797,		24.97554,		25.43265,
35,		14.73641,		25.30148,		26.09594,
36,		14.73641,		25.28321,		26.09594,
37,		14.73641,		25.32718,		28.58244,
38,		14.73641,		25.26874,		28.11984,
39,		14.73641,		25.27057,		28.11984,
40,		14.73641,		25.30714,		28.58244,
41,		14.73641,		25.14471,		28.58244,
42,		25.40203,		25.40939,		26.09594,
43,		25.21008,		25.42999,		28.58244,
44,		14.73641,		25.44264,		39.79419,
45,		14.73641,		25.30326,		28.58244,
46,		19.65801,		25.29506,		25.64618,
47,		7.36042,		25.13493,		25.40203,
48,		7.36042,		25.18003,		25.40203,
49,		14.73641,		25.18314,		25.40203,
50,		14.73641,		25.27894,		25.46347,
51,		25.39360,		25.41194,		26.09594,
52,		24.93942,		25.40914,		26.09594,
53,		25.38597,		25.41563,		26.48144,
54,		25.40203,		25.51403,		33.11212,
55,		23.88892,		25.67307,		39.79419,
56,		25.01893,		25.68604,		39.79419,
57,		23.14040,		25.52142,		39.79419,
58,		24.93942,		25.53945,		39.79419,
59,		14.73641,		25.31275,		27.61226,
60,		14.73641,		25.29171,		25.43265,
61,		14.73641,		25.29406,		25.43265,
62,		23.88892,		25.40545,		39.14526,
63,		23.88892,		25.31737,		25.43265,
64,		24.78121,		25.34746,		25.43265,
65,		7.36042,		25.19040,		25.64618,
66,		7.36042,		25.29999,		33.11212,
67,		7.36042,		25.15695,		25.64618,
68,		7.36042,		25.03913,		27.76646,
69,		7.00865,		24.49962,		27.76646,
70,		7.36042,		24.86138,		27.76646,
71,		7.36042,		24.84439,		26.48144,
72,		7.36042,		25.07604,		28.58244,
73,		7.36042,		24.95737,		25.44379,
74,		7.36042,		25.13910,		25.44379,
75,		7.36042,		25.22993,		27.76646,
76,		7.36042,		25.22363,		27.76646,
77,		24.63905,		25.38640,		25.52571,
78,		23.88892,		25.59015,		39.03122,
79,		24.63905,		25.38518,		25.64618,
80,		24.40132,		25.27335,		25.64618,
81,		24.40132,		25.26373,		25.40203,
82,		24.40132,		25.20863,		25.40203,
83,		24.63905,		25.33062,		27.42593,
84,		25.16430,		25.51178,		39.83917,
85,		25.16430,		25.43655,		39.83917,
86,		25.16430,		25.38122,		27.76646,
87,		25.16430,		25.43372,		33.11212,
88,		24.63905,		25.32872,		32.87439,
89,		14.73641,		25.22324,		32.87439,
90,		24.78121,		25.23171,		25.40203,
91,		7.12270,		24.90082,		26.19231,
92,		7.12270,		24.80971,		25.40203,
93,		7.12270,		24.90528,		27.42593,
94,		14.49868,		25.09649,		27.42593,
95,		14.49868,		25.05679,		27.42593,
96,		19.42029,		25.13313,		28.34471,
97,		7.12721,		25.01418,		28.34923,
98,		7.12721,		25.09588,		28.34471,
99,		25.12063,		25.22988,		28.34471,
100,		23.11280,		25.17631,		28.34471,
101,		14.49868,		25.07088,		28.34471,
102,		24.97235,		25.14642,		25.16882,
103,		19.42029,		25.04336,		25.16882,
104,		19.42029,		25.09413,		25.19332,
105,		14.50320,		24.99584,		25.16882,
106,		14.50320,		24.89752,		25.16882,
107,		14.50320,		25.18873,		39.14978,
108,		25.07274,		25.22059,		27.43045,
109,		14.50320,		25.09168,		27.43045,
110,		14.50320,		24.93162,		29.75632,
111,		14.50320,		25.02098,		29.75632,
112,		23.65571,		25.17630,		27.43045,
113,		14.50320,		25.03531,		25.16882,
114,		14.50320,		25.08136,		27.40475,
115,		24.40584,		25.16943,		26.19683,
116,		14.50320,		25.05216,		25.28608,
117,		14.06629,		25.04874,		25.22705,
118,		14.06629,		25.16682,		32.93031,
119,		25.15195,		25.26177,		28.34923,
120,		23.65571,		25.23644,		28.34923,
121,		23.11280,		25.20774,		28.34923,
122,		23.11280,		25.26680,		32.93031,
123,		23.11280,		25.50845,		32.93031,
124,		23.11280,		25.72754,		32.93031,
125,		25.16882,		25.54048,		32.93031,
126,		25.16882,		25.62771,		26.53736,
127,		25.16882,		25.74289,		26.53736,
128,		23.11280,		25.70718,		25.87558,
129,		25.16882,		25.79281,		26.02175,
130,		23.65571,		25.83731,		28.13720,
131,		23.65571,		25.86039,		28.13720,
132,		23.81955,		25.85695,		26.53736,
133,		25.11260,		25.86358,		25.87558,
134,		25.49248,		25.87175,		25.87558,
135,		20.13156,		25.74072,		26.53736,
136,		25.11260,		25.84176,		25.87558,
137,		7.83397,		25.68867,		25.99284,
138,		7.83397,		25.69788,		36.92670,
139,		7.83397,		25.74675,		36.92670,
140,		7.83397,		25.52400,		29.05599,
141,		7.83397,		25.55648,		29.05599,
142,		7.83397,		25.69031,		26.90359,
143,		7.83397,		25.74039,		28.13720,
144,		25.68363,		25.94812,		28.79899,
145,		25.87558,		26.08985,		39.85654,
146,		20.13156,		26.09599,		39.85654,
147,		20.13156,		25.89755,		29.05599,
148,		20.13156,		25.84121,		28.13720,
149,		20.13156,		25.80734,		26.02175,
