RANDOM_SEED, 1698986413
GEN,		MIN,			AVE,			MAX,
0,		2.39916,		25.28308,		63.40242,
1,		1.99368,		30.95564,		57.62518,
2,		1.44614,		28.47745,		59.90287,
3,		2.62243,		28.97253,		59.22181,
4,		2.83998,		26.84209,		57.62518,
5,		0.21383,		13.84251,		45.99891,
6,		2.91237,		19.26096,		39.06957,
7,		2.83998,		14.32893,		38.17317,
8,		2.83998,		10.56212,		38.17317,
9,		2.91237,		18.34512,		29.26802,
10,		2.91237,		21.77269,		28.20145,
11,		2.91237,		24.40827,		28.21752,
12,		5.49524,		25.47929,		28.21752,
13,		5.49524,		26.57674,		28.21752,
14,		7.34557,		26.22175,		29.26802,
15,		7.65407,		26.42696,		34.38237,
16,		7.65407,		26.97903,		34.38237,
17,		16.69254,		24.61583,		34.52363,
18,		21.79395,		27.60772,		49.10864,
19,		21.79395,		28.03535,		49.10864,
20,		21.84063,		28.15607,		49.10864,
21,		21.84063,		27.93167,		49.10864,
22,		21.84063,		28.94819,		32.37775,
23,		21.84063,		27.90510,		30.55303,
24,		23.09995,		27.70418,		34.38237,
25,		27.07546,		27.55540,		30.55303,
26,		21.84063,		27.43506,		30.55303,
27,		27.07546,		27.54753,		34.38237,
28,		27.07546,		27.54105,		34.38237,
29,		17.06038,		27.40857,		34.38237,
30,		17.06038,		27.28575,		27.59107,
31,		17.06038,		27.28976,		27.63163,
32,		17.07805,		27.35937,		29.26802,
33,		23.09995,		27.49356,		34.38237,
34,		23.09995,		27.82148,		34.38237,
35,		23.09995,		27.62828,		30.55303,
36,		17.83460,		27.37985,		28.21752,
37,		17.83460,		27.42439,		28.31158,
38,		17.83460,		27.39279,		35.15660,
39,		9.96710,		24.59149,		28.21752,
40,		9.96710,		25.78852,		28.21752,
41,		9.96710,		26.70935,		28.21752,
42,		9.96710,		26.63606,		28.21752,
43,		9.96710,		22.17030,		45.99891,
44,		9.96710,		23.37870,		45.99891,
45,		9.96710,		24.31085,		45.99891,
46,		9.96710,		24.78566,		27.44330,
47,		9.96710,		25.78362,		28.21752,
48,		9.96710,		25.67986,		45.99891,
49,		9.96710,		26.38148,		45.99891,
50,		9.96710,		27.15529,		45.99891,
51,		9.96710,		26.25491,		28.21752,
52,		10.74132,		26.95066,		35.15660,
53,		10.74132,		27.10223,		28.21752,
54,		22.22132,		27.60452,		28.21752,
55,		22.22132,		25.97764,		28.21752,
56,		23.09995,		26.71386,		28.21752,
57,		22.52811,		27.05355,		28.32514,
58,		23.09995,		26.71015,		28.58214,
59,		23.09995,		27.34387,		28.32514,
60,		23.27503,		27.59854,		28.21752,
61,		23.27503,		27.61662,		29.64870,
62,		23.27372,		27.68848,		27.82398,
63,		27.77569,		27.82807,		28.32514,
64,		10.34648,		27.65336,		28.32514,
65,		27.82268,		27.84544,		28.58083,
66,		27.44842,		27.82105,		28.01784,
67,		10.34648,		27.68485,		31.12757,
68,		25.13700,		27.87851,		30.93241,
69,		23.27372,		27.78294,		28.31098,
70,		25.13700,		27.79718,		27.96403,
71,		10.34648,		27.64928,		27.96403,
72,		17.43976,		27.72784,		28.58083,
73,		17.43976,		27.68475,		29.62170,
74,		17.43976,		27.82115,		34.71035,
75,		10.34648,		27.72013,		34.71035,
76,		10.34648,		27.32399,		27.83874,
77,		10.34648,		27.20739,		27.82268,
78,		5.79752,		25.24835,		30.93241,
79,		5.79752,		18.00946,		27.82268,
80,		5.79752,		19.67055,		35.66127,
81,		5.79752,		16.35423,		27.82398,
82,		5.79752,		18.95067,		27.82268,
83,		5.79752,		14.35481,		27.82398,
84,		5.79752,		11.96695,		27.82398,
85,		5.62887,		9.14645,		27.82268,
86,		5.79752,		9.10310,		23.27372,
87,		5.77624,		9.79045,		27.82268,
88,		5.77494,		7.70245,		10.74001,
89,		5.77494,		9.07750,		10.74001,
90,		5.60628,		7.47119,		10.34778,
91,		5.77494,		8.80526,		11.81139,
92,		5.14217,		7.19668,		10.34648,
93,		5.77494,		8.84412,		10.38914,
94,		5.77494,		9.52801,		10.39145,
95,		5.77494,		9.89085,		10.34648,
96,		5.77494,		10.09325,		12.14550,
97,		5.79752,		8.34838,		10.44366,
98,		5.79752,		7.80346,		10.69343,
99,		5.14217,		6.61510,		10.34648,
100,		5.17429,		8.20057,		29.31329,
101,		1.99388,		6.93426,		27.82268,
102,		5.14217,		6.38600,		10.34648,
103,		5.14217,		6.15531,		10.34648,
104,		5.46021,		7.79461,		10.83478,
105,		5.79752,		6.72063,		10.34648,
106,		4.75666,		6.39648,		10.34648,
107,		5.77494,		6.25538,		10.34648,
108,		5.79752,		6.03543,		10.43201,
109,		5.71279,		5.84648,		7.59655,
110,		5.62887,		5.81087,		5.88988,
111,		5.79752,		5.94075,		18.18507,
112,		5.79752,		5.81431,		7.26244,
113,		5.67073,		5.82866,		7.26244,
114,		1.99388,		5.88083,		18.18507,
115,		1.99388,		5.74790,		5.93888,
116,		5.79752,		5.79895,		5.93888,
117,		4.75666,		5.78852,		5.93888,
118,		5.79752,		5.79752,		5.79752,
119,		5.79752,		5.80344,		6.28583,
120,		5.79431,		5.84384,		10.34648,
121,		5.17429,		5.83894,		10.34648,
122,		5.17429,		5.79346,		5.88306,
123,		5.46021,		5.79523,		5.84330,
124,		5.49956,		5.86219,		12.68520,
125,		5.14217,		5.91232,		18.18507,
126,		1.99388,		5.76094,		6.28583,
127,		5.77494,		5.82108,		7.59655,
128,		4.75666,		5.79615,		6.28583,
129,		4.75666,		6.03598,		18.18507,
130,		4.75666,		5.78796,		5.84250,
131,		5.62887,		5.82884,		7.59655,
132,		5.46021,		5.82385,		7.59655,
133,		5.46021,		5.91504,		18.18185,
134,		5.45700,		5.92244,		18.18185,
135,		5.79431,		5.81132,		7.25923,
136,		5.13895,		5.80461,		7.25923,
137,		5.13895,		5.79450,		6.23122,
138,		5.79431,		5.79480,		5.83698,
139,		5.17108,		5.78943,		5.88667,
140,		5.45700,		5.79137,		5.83698,
141,		5.79431,		5.79477,		5.83698,
142,		3.48129,		5.77253,		5.88667,
143,		3.48129,		6.16620,		23.27051,
144,		5.79431,		6.14731,		23.27051,
145,		5.79431,		6.26857,		23.27051,
146,		5.17108,		5.96548,		23.27051,
147,		5.13895,		5.95715,		23.27051,
148,		4.75345,		5.79855,		7.25923,
149,		4.75345,		5.76694,		5.79431,
