RANDOM_SEED, 1698986433
GEN,		MIN,				AVE,				MAX,			CONV,					CONV_ACT,
  0,		19.01,		53.48,		77.80,				1.45483,				0.98930
  1,		19.01,		50.36,		74.81,				1.48540,				0.95122
  2,		23.41,		42.67,		74.81,				1.75306,				0.95122
  3,		32.07,		52.69,		76.13,				1.44488,				0.96804
  4,		32.07,		51.91,		76.13,				1.46676,				0.96808
  5,		32.16,		62.51,		76.13,				1.21789,				0.96808
  6,		39.75,		58.36,		74.09,				1.26964,				0.94212
  7,		49.38,		55.44,		74.09,				1.33635,				0.94212
  8,		47.48,		53.90,		70.41,				1.30644,				0.89533
  9,		47.48,		55.99,		70.51,				1.25931,				0.89653
 10,		48.66,		63.03,		72.96,				1.15763,				0.92773
 11,		51.26,		67.35,		70.41,				1.04547,				0.89533
 12,		51.26,		69.07,		72.70,				1.05248,				0.92441
 13,		51.26,		69.93,		70.41,				1.00682,				0.89533
 14,		51.26,		70.05,		72.70,				1.03781,				0.92441
 15,		51.26,		70.08,		72.70,				1.03735,				0.92441
 16,		69.94,		71.63,		74.99,				1.04681,				0.95350
 17,		55.97,		70.97,		74.99,				1.05658,				0.95350
 18,		55.97,		71.63,		75.40,				1.05254,				0.95872
 19,		55.97,		71.05,		73.11,				1.02894,				0.92964
 20,		55.97,		70.80,		73.11,				1.03268,				0.92964
 21,		69.94,		71.07,		73.11,				1.02863,				0.92964
 22,		70.40,		72.08,		73.44,				1.01878,				0.93379
 23,		69.49,		72.06,		77.90,				1.08109,				0.99059
 24,		68.03,		72.41,		77.90,				1.07588,				0.99059
 25,		69.94,		71.53,		77.27,				1.08027,				0.98258
 26,		56.78,		71.86,		74.15,				1.03194,				0.94287
 27,		55.97,		70.98,		74.15,				1.04470,				0.94287
 28,		55.97,		72.00,		74.15,				1.02989,				0.94287
 29,		53.68,		72.10,		73.45,				1.01870,				0.93398
 30,		70.41,		72.65,		73.45,				1.01097,				0.93398
 31,		70.41,		72.73,		73.45,				1.00992,				0.93398
 32,		69.33,		72.58,		75.40,				1.03881,				0.95872
 33,		65.91,		72.57,		73.45,				1.01215,				0.93397
 34,		65.91,		72.61,		73.45,				1.01159,				0.93398
 35,		65.86,		72.63,		73.45,				1.01130,				0.93398
 36,		65.86,		72.60,		72.70,				1.00149,				0.92447
 37,		70.41,		72.67,		72.80,				1.00167,				0.92564
 38,		53.68,		72.45,		77.27,				1.06658,				0.98258
 39,		64.83,		72.60,		72.70,				1.00140,				0.92441
 40,		72.70,		72.70,		72.70,				1.00003,				0.92444
 41,		72.44,		72.70,		73.45,				1.01027,				0.93397
 42,		72.44,		72.70,		72.70,				1.00007,				0.92444
 43,		72.44,		72.69,		72.70,				1.00010,				0.92444
 44,		53.68,		72.51,		73.45,				1.01296,				0.93397
 45,		53.68,		72.43,		72.70,				1.00366,				0.92441
 46,		65.86,		72.63,		72.75,				1.00174,				0.92510
 47,		64.83,		72.49,		74.15,				1.02296,				0.94287
 48,		62.93,		69.06,		74.15,				1.07366,				0.94287
 49,		62.93,		71.00,		74.21,				1.04521,				0.94357
 50,		64.83,		72.19,		74.21,				1.02798,				0.94357
 51,		53.68,		72.29,		72.75,				1.00638,				0.92510
 52,		53.68,		72.17,		74.21,				1.02824,				0.94357
 53,		53.68,		72.36,		74.15,				1.02471,				0.94287
 54,		64.83,		72.51,		74.15,				1.02268,				0.94287
 55,		65.92,		72.66,		75.40,				1.03761,				0.95872
 56,		72.44,		72.70,		72.75,				1.00074,				0.92510
 57,		70.41,		72.68,		72.75,				1.00105,				0.92510
 58,		72.44,		72.74,		77.27,				1.06227,				0.98258
 59,		70.41,		72.73,		77.27,				1.06247,				0.98258
 60,		72.59,		72.70,		72.75,				1.00077,				0.92510
 61,		65.86,		72.61,		72.75,				1.00204,				0.92510
 62,		72.56,		72.70,		72.80,				1.00133,				0.92564
 63,		72.56,		72.70,		72.70,				1.00005,				0.92447
 64,		69.97,		72.61,		72.70,				1.00136,				0.92447
 65,		71.83,		72.61,		74.02,				1.01940,				0.94116
 66,		53.55,		72.34,		74.02,				1.02318,				0.94116
 67,		65.86,		72.48,		77.14,				1.06433,				0.98086
 68,		65.86,		72.51,		77.14,				1.06380,				0.98086
 69,		71.83,		72.59,		74.02,				1.01967,				0.94116
 70,		72.51,		72.58,		74.02,				1.01984,				0.94116
 71,		72.17,		72.56,		72.57,				1.00017,				0.92279
 72,		72.17,		72.56,		72.56,				1.00006,				0.92269
 73,		53.55,		72.38,		73.32,				1.01294,				0.93225
 74,		64.08,		72.38,		72.62,				1.00336,				0.92339
 75,		64.08,		72.39,		75.26,				1.03966,				0.95701
 76,		64.18,		72.50,		75.26,				1.03813,				0.95701
 77,		64.18,		72.53,		77.14,				1.06360,				0.98086
 78,		72.50,		72.56,		72.70,				1.00185,				0.92441
 79,		70.28,		72.54,		72.70,				1.00217,				0.92441
 80,		70.28,		72.54,		72.59,				1.00078,				0.92305
 81,		64.09,		72.46,		72.59,				1.00176,				0.92305
 82,		64.09,		72.36,		72.59,				1.00314,				0.92305
 83,		64.07,		69.00,		72.60,				1.05217,				0.92317
 84,		64.09,		70.69,		72.60,				1.02699,				0.92317
 85,		64.08,		71.59,		75.26,				1.05136,				0.95701
 86,		64.09,		72.43,		75.25,				1.03901,				0.95688
 87,		64.08,		71.91,		75.25,				1.04644,				0.95688
 88,		64.09,		72.27,		77.14,				1.06742,				0.98086
 89,		64.09,		72.37,		72.60,				1.00320,				0.92312
 90,		64.09,		72.47,		72.60,				1.00175,				0.92312
 91,		52.69,		72.37,		73.32,				1.01302,				0.93225
 92,		64.70,		72.49,		73.32,				1.01141,				0.93225
 93,		71.83,		72.57,		72.60,				1.00041,				0.92312
 94,		72.50,		72.57,		72.60,				1.00036,				0.92312
 95,		64.12,		72.55,		77.14,				1.06330,				0.98086
 96,		70.00,		72.54,		72.60,				1.00083,				0.92322
 97,		70.00,		72.55,		74.02,				1.02024,				0.94116
 98,		53.58,		72.40,		77.14,				1.06538,				0.98086
 99,		69.97,		72.56,		72.70,				1.00195,				0.92441
100,		70.52,		72.56,		72.62,				1.00079,				0.92339
101,		71.83,		72.57,		72.60,				1.00042,				0.92312
102,		72.40,		72.58,		72.60,				1.00021,				0.92312
103,		53.55,		72.40,		77.14,				1.06546,				0.98086
104,		53.55,		73.68,		77.17,				1.04741,				0.98129
105,		72.42,		73.39,		77.15,				1.05119,				0.98096
106,		72.56,		72.98,		77.17,				1.05739,				0.98129
107,		70.28,		72.82,		77.17,				1.05973,				0.98129
108,		70.28,		74.10,		77.19,				1.04176,				0.98156
109,		68.66,		73.48,		77.48,				1.05440,				0.98519
110,		69.97,		73.04,		77.48,				1.06073,				0.98519
111,		72.17,		72.70,		77.48,				1.06575,				0.98519
112,		69.97,		72.53,		72.56,				1.00040,				0.92269
113,		72.30,		72.57,		73.32,				1.01030,				0.93225
114,		72.56,		72.56,		72.57,				1.00007,				0.92276
115,		72.37,		72.56,		72.70,				1.00187,				0.92441
116,		72.56,		72.62,		77.14,				1.06222,				0.98086
117,		69.97,		72.58,		77.14,				1.06274,				0.98086
118,		72.37,		72.59,		72.70,				1.00150,				0.92441
119,		71.83,		72.56,		72.70,				1.00185,				0.92441
120,		72.37,		72.61,		77.14,				1.06230,				0.98086
121,		72.50,		72.57,		72.70,				1.00183,				0.92441
122,		71.68,		72.56,		72.70,				1.00196,				0.92441
123,		64.70,		72.48,		72.56,				1.00110,				0.92269
124,		64.70,		72.48,		72.57,				1.00121,				0.92279
125,		72.42,		72.56,		72.56,				1.00002,				0.92269
126,		71.68,		72.54,		72.56,				1.00034,				0.92269
127,		71.83,		72.55,		72.57,				1.00032,				0.92279
128,		71.83,		72.54,		72.56,				1.00031,				0.92269
129,		70.28,		72.52,		72.56,				1.00064,				0.92269
130,		53.55,		72.34,		72.66,				1.00447,				0.92393
131,		69.97,		72.53,		72.56,				1.00040,				0.92269
132,		64.08,		72.46,		75.26,				1.03872,				0.95701
133,		71.83,		72.58,		75.26,				1.03690,				0.95701
134,		64.08,		72.48,		72.57,				1.00126,				0.92276
135,		72.17,		72.56,		72.57,				1.00017,				0.92279
136,		71.68,		72.55,		72.66,				1.00159,				0.92393
137,		71.68,		72.54,		72.56,				1.00033,				0.92269
138,		69.97,		72.55,		74.02,				1.02023,				0.94116
139,		53.55,		72.12,		75.26,				1.04362,				0.95701
140,		53.55,		72.30,		74.02,				1.02375,				0.94116
141,		53.55,		72.17,		74.02,				1.02551,				0.94116
142,		72.56,		72.58,		74.02,				1.01981,				0.94116
143,		70.28,		72.60,		77.14,				1.06250,				0.98086
144,		70.28,		72.57,		74.66,				1.02890,				0.94941
145,		71.68,		72.54,		72.56,				1.00033,				0.92269
146,		69.97,		72.53,		72.56,				1.00041,				0.92269
147,		69.97,		72.53,		72.66,				1.00174,				0.92393
148,		64.70,		72.46,		72.66,				1.00279,				0.92393
149,		70.28,		72.58,		77.14,				1.06279,				0.98086
