GEN,	MIN,			AVE,			MAX,			CONV_A
  0,		17.27,		52.82,		77.46,		0.98
  1,		24.02,		53.40,		76.26,		0.97
  2,		29.22,		54.67,		75.76,		0.96
  3,		32.89,		56.59,		74.91,		0.95
  4,		37.27,		57.84,		74.82,		0.95
  5,		41.12,		59.74,		73.45,		0.93
  6,		44.32,		59.63,		72.45,		0.92
  7,		45.85,		60.72,		71.78,		0.91
  8,		47.60,		61.79,		71.82,		0.91
  9,		47.28,		61.00,		71.65,		0.91
 10,		49.31,		61.38,		70.93,		0.90
 11,		50.57,		62.00,		70.53,		0.90
 12,		52.36,		61.84,		69.83,		0.89
 13,		52.24,		62.31,		69.92,		0.89
 14,		52.25,		62.79,		70.02,		0.89
 15,		53.22,		62.66,		69.94,		0.89
 16,		54.96,		63.48,		69.75,		0.89
 17,		53.24,		63.36,		69.76,		0.89
 18,		53.09,		62.59,		69.65,		0.89
 19,		53.85,		62.90,		68.66,		0.87
 20,		54.60,		62.98,		68.60,		0.87
 21,		53.93,		63.28,		68.64,		0.87
 22,		55.90,		63.15,		68.07,		0.87
 23,		57.78,		63.52,		68.45,		0.87
 24,		56.63,		63.60,		67.58,		0.86
 25,		55.35,		63.67,		67.48,		0.86
 26,		57.18,		63.71,		67.54,		0.86
 27,		56.85,		63.86,		68.10,		0.87
 28,		57.94,		63.51,		67.71,		0.86
 29,		56.42,		63.73,		68.44,		0.87
 30,		56.74,		63.37,		67.39,		0.86
 31,		56.68,		63.25,		67.08,		0.85
 32,		55.16,		63.43,		67.93,		0.86
 33,		55.69,		63.20,		67.64,		0.86
 34,		54.96,		63.31,		66.57,		0.85
 35,		55.47,		63.43,		66.86,		0.85
 36,		57.03,		63.71,		69.50,		0.88
 37,		58.35,		63.41,		69.34,		0.88
 38,		56.80,		63.77,		70.80,		0.90
 39,		58.85,		63.86,		70.81,		0.90
 40,		58.28,		63.66,		69.33,		0.88
 41,		58.74,		63.51,		68.01,		0.86
 42,		56.20,		64.09,		68.26,		0.87
 43,		57.32,		64.26,		68.08,		0.87
 44,		56.86,		64.56,		69.20,		0.88
 45,		58.05,		64.66,		68.90,		0.88
 46,		57.05,		64.42,		69.40,		0.88
 47,		56.77,		64.49,		69.28,		0.88
 48,		56.36,		64.21,		67.75,		0.86
 49,		58.94,		64.07,		68.66,		0.87
 50,		59.69,		64.41,		68.16,		0.87
 51,		58.46,		64.20,		67.98,		0.86
 52,		56.94,		64.24,		68.54,		0.87
 53,		56.97,		64.25,		67.97,		0.86
 54,		57.32,		64.28,		67.41,		0.86
 55,		57.89,		64.56,		68.95,		0.88
 56,		58.83,		64.49,		67.89,		0.86
 57,		58.66,		64.80,		67.71,		0.86
 58,		60.17,		65.03,		68.33,		0.87
 59,		58.34,		64.87,		69.60,		0.88
 60,		62.07,		65.07,		68.66,		0.87
 61,		58.20,		65.21,		68.61,		0.87
 62,		58.10,		64.84,		67.65,		0.86
 63,		60.12,		65.05,		67.48,		0.86
 64,		58.97,		65.16,		67.98,		0.86
 65,		59.89,		65.10,		70.29,		0.89
 66,		58.29,		65.25,		69.80,		0.89
 67,		56.68,		65.18,		70.19,		0.89
 68,		53.55,		65.11,		69.39,		0.88
 69,		58.06,		65.47,		69.28,		0.88
 70,		60.34,		65.46,		68.76,		0.87
 71,		61.68,		65.56,		68.67,		0.87
 72,		60.65,		65.65,		68.00,		0.86
 73,		59.62,		65.72,		69.49,		0.88
 74,		60.11,		65.76,		70.56,		0.90
 75,		58.87,		65.65,		69.34,		0.88
 76,		58.70,		65.73,		69.01,		0.88
 77,		59.31,		65.66,		68.60,		0.87
 78,		60.78,		65.86,		69.36,		0.88
 79,		60.88,		65.96,		69.73,		0.89
 80,		61.35,		65.80,		69.76,		0.89
 81,		60.38,		66.05,		69.28,		0.88
 82,		60.30,		65.91,		67.79,		0.86
 83,		58.16,		65.74,		68.30,		0.87
 84,		57.97,		66.03,		67.87,		0.86
 85,		59.59,		66.41,		68.20,		0.87
 86,		59.57,		66.29,		68.24,		0.87
 87,		60.92,		66.17,		68.92,		0.88
 88,		61.24,		66.20,		69.65,		0.89
 89,		59.36,		66.33,		68.67,		0.87
 90,		60.19,		65.90,		67.89,		0.86
 91,		59.90,		66.14,		69.73,		0.89
 92,		59.34,		65.89,		69.19,		0.88
 93,		61.10,		66.05,		68.74,		0.87
 94,		61.30,		65.94,		69.11,		0.88
 95,		61.18,		65.87,		69.56,		0.88
 96,		60.19,		65.55,		69.52,		0.88
 97,		59.52,		65.55,		70.23,		0.89
 98,		60.24,		65.36,		69.96,		0.89
 99,		60.29,		65.91,		69.00,		0.88
100,		58.68,		66.20,		69.81,		0.89
101,		59.36,		66.10,		70.41,		0.90
102,		60.72,		66.22,		69.44,		0.88
103,		58.64,		66.31,		70.76,		0.90
104,		59.47,		66.57,		71.47,		0.91
105,		61.13,		66.78,		70.06,		0.89
106,		59.50,		66.79,		69.86,		0.89
107,		59.82,		66.76,		70.48,		0.90
108,		59.94,		66.83,		70.58,		0.90
109,		60.45,		66.83,		70.29,		0.89
110,		59.37,		66.76,		71.00,		0.90
111,		61.31,		66.70,		69.64,		0.89
112,		61.57,		66.49,		69.02,		0.88
113,		61.61,		66.37,		70.41,		0.90
114,		62.44,		66.61,		70.03,		0.89
115,		62.53,		66.73,		70.39,		0.90
116,		61.71,		66.85,		69.69,		0.89
117,		60.95,		66.69,		70.04,		0.89
118,		62.56,		66.56,		68.99,		0.88
119,		61.91,		66.54,		69.71,		0.89
120,		60.83,		66.66,		69.51,		0.88
121,		60.69,		66.76,		70.24,		0.89
122,		60.03,		66.62,		69.67,		0.89
123,		62.80,		66.69,		69.17,		0.88
124,		61.37,		66.57,		69.43,		0.88
125,		60.09,		66.61,		69.10,		0.88
126,		61.27,		66.69,		69.77,		0.89
127,		63.78,		66.83,		69.37,		0.88
128,		62.80,		66.69,		69.02,		0.88
129,		59.18,		66.67,		69.22,		0.88
130,		59.99,		66.64,		70.07,		0.89
131,		62.52,		66.33,		69.44,		0.88
132,		59.35,		66.49,		70.06,		0.89
133,		59.57,		66.35,		69.98,		0.89
134,		60.79,		66.66,		69.57,		0.88
135,		59.88,		66.56,		69.56,		0.88
136,		59.14,		66.66,		69.66,		0.89
137,		62.27,		66.55,		70.60,		0.90
138,		61.58,		66.85,		70.49,		0.90
139,		58.52,		66.94,		70.10,		0.89
140,		59.17,		66.86,		70.30,		0.89
141,		59.79,		66.82,		70.17,		0.89
142,		60.45,		66.99,		70.08,		0.89
143,		61.97,		67.02,		69.59,		0.88
144,		60.78,		67.05,		70.19,		0.89
145,		60.61,		66.81,		69.60,		0.88
146,		60.81,		66.66,		69.06,		0.88
147,		60.86,		66.97,		69.76,		0.89
148,		61.28,		67.05,		70.14,		0.89
149,		60.34,		67.09,		70.34,		0.89
