RANDOM_SEED, 1698986411
GEN,		MIN,				AVE,				MAX,			CONV,					CONV_ACT,
  0,		15.49,		49.57,		77.33,				1.55995,				0.98328
  1,		15.49,		43.86,		75.59,				1.72358,				0.96116
  2,		17.69,		45.96,		68.07,				1.48114,				0.86551
  3,		18.68,		40.59,		67.36,				1.65968,				0.85657
  4,		23.07,		46.99,		74.26,				1.58014,				0.94422
  5,		33.20,		45.11,		68.19,				1.51161,				0.86710
  6,		33.27,		52.56,		72.99,				1.38850,				0.92806
  7,		33.44,		59.59,		77.11,				1.29409,				0.98055
  8,		39.85,		68.26,		77.26,				1.13192,				0.98246
  9,		33.44,		66.97,		77.72,				1.16046,				0.98823
 10,		33.44,		68.21,		77.72,				1.13931,				0.98823
 11,		47.38,		65.56,		77.91,				1.18831,				0.99062
 12,		47.38,		67.57,		77.91,				1.15291,				0.99062
 13,		48.47,		66.84,		77.72,				1.16275,				0.98823
 14,		56.41,		66.67,		77.30,				1.15945,				0.98294
 15,		52.92,		64.77,		77.30,				1.19346,				0.98294
 16,		52.92,		65.51,		77.30,				1.17999,				0.98294
 17,		56.22,		64.02,		77.36,				1.20828,				0.98366
 18,		56.22,		63.04,		76.97,				1.22099,				0.97876
 19,		61.38,		62.89,		76.97,				1.22385,				0.97876
 20,		61.45,		62.47,		76.97,				1.23211,				0.97876
 21,		61.45,		62.31,		76.97,				1.23530,				0.97876
 22,		51.40,		62.18,		76.97,				1.23785,				0.97876
 23,		50.31,		61.95,		76.97,				1.24242,				0.97876
 24,		52.78,		61.89,		70.56,				1.14000,				0.89716
 25,		59.22,		61.84,		62.45,				1.00985,				0.79412
 26,		53.05,		61.77,		62.45,				1.01097,				0.79412
 27,		56.08,		61.79,		62.52,				1.01177,				0.79500
 28,		61.62,		61.88,		62.21,				1.00518,				0.79098
 29,		61.30,		61.88,		62.21,				1.00522,				0.79098
 30,		61.62,		61.90,		62.68,				1.01263,				0.79699
 31,		61.62,		61.91,		62.68,				1.01243,				0.79699
 32,		51.40,		61.76,		62.68,				1.01483,				0.79699
 33,		51.40,		61.77,		62.07,				1.00485,				0.78922
 34,		56.38,		61.80,		62.07,				1.00436,				0.78922
 35,		61.30,		61.90,		62.07,				1.00277,				0.78922
 36,		58.29,		62.06,		75.82,				1.22156,				0.96405
 37,		53.05,		61.99,		75.93,				1.22492,				0.96549
 38,		53.05,		61.88,		75.82,				1.22512,				0.96405
 39,		59.11,		62.09,		75.82,				1.22100,				0.96405
 40,		51.40,		61.87,		70.50,				1.13946,				0.89640
 41,		51.40,		61.87,		70.50,				1.13949,				0.89640
 42,		55.26,		61.82,		62.07,				1.00401,				0.78922
 43,		60.91,		61.86,		61.95,				1.00135,				0.78768
 44,		59.11,		61.81,		61.95,				1.00223,				0.78768
 45,		60.58,		61.84,		61.95,				1.00166,				0.78768
 46,		51.40,		61.75,		62.45,				1.01130,				0.79412
 47,		51.40,		61.65,		62.45,				1.01306,				0.79412
 48,		51.40,		61.68,		61.89,				1.00330,				0.78693
 49,		58.29,		61.85,		61.89,				1.00067,				0.78693
 50,		56.35,		61.83,		61.95,				1.00189,				0.78768
 51,		59.11,		61.86,		61.95,				1.00152,				0.78774
 52,		58.29,		61.82,		61.95,				1.00207,				0.78774
 53,		58.29,		61.84,		61.95,				1.00172,				0.78772
 54,		61.87,		61.88,		61.95,				1.00112,				0.78772
 55,		61.87,		61.89,		62.50,				1.00990,				0.79477
 56,		59.04,		61.86,		62.50,				1.01033,				0.79477
 57,		59.20,		61.86,		62.56,				1.01132,				0.79552
 58,		59.20,		61.87,		62.56,				1.01127,				0.79552
 59,		59.20,		61.86,		62.56,				1.01138,				0.79552
 60,		59.20,		61.84,		61.89,				1.00071,				0.78693
 61,		51.38,		61.82,		70.48,				1.13997,				0.89617
 62,		51.38,		61.65,		62.06,				1.00675,				0.78915
 63,		61.87,		61.87,		62.06,				1.00308,				0.78915
 64,		61.86,		61.87,		62.43,				1.00905,				0.79389
 65,		60.56,		61.86,		61.87,				1.00021,				0.78670
 66,		61.87,		61.95,		70.48,				1.13758,				0.89617
 67,		52.92,		61.78,		62.43,				1.01065,				0.79389
 68,		52.92,		61.66,		62.03,				1.00589,				0.78873
 69,		52.92,		61.77,		61.95,				1.00294,				0.78772
 70,		52.92,		61.75,		61.95,				1.00318,				0.78772
 71,		61.84,		61.87,		62.43,				1.00903,				0.79389
 72,		61.36,		61.86,		61.87,				1.00012,				0.78670
 73,		61.36,		61.86,		61.89,				1.00040,				0.78693
 74,		56.33,		61.90,		70.48,				1.13861,				0.89617
 75,		56.33,		61.91,		70.48,				1.13848,				0.89617
 76,		56.33,		61.86,		70.48,				1.13936,				0.89617
 77,		56.33,		61.82,		62.06,				1.00395,				0.78915
 78,		59.20,		61.84,		61.98,				1.00227,				0.78817
 79,		61.86,		61.87,		61.98,				1.00184,				0.78817
 80,		60.56,		61.86,		62.06,				1.00328,				0.78915
 81,		52.92,		61.75,		61.87,				1.00187,				0.78670
 82,		60.56,		61.85,		61.94,				1.00145,				0.78756
 83,		60.87,		61.86,		62.50,				1.01038,				0.79477
 84,		58.27,		61.83,		62.50,				1.01092,				0.79477
 85,		61.87,		61.88,		62.43,				1.00903,				0.79389
 86,		60.56,		61.86,		62.03,				1.00272,				0.78873
 87,		51.38,		61.84,		70.48,				1.13961,				0.89617
 88,		51.38,		57.05,		61.89,				1.08487,				0.78693
 89,		51.38,		59.90,		61.87,				1.03289,				0.78670
 90,		51.38,		59.56,		61.87,				1.03874,				0.78670
 91,		51.38,		61.06,		70.48,				1.15434,				0.89617
 92,		51.38,		61.34,		61.87,				1.00855,				0.78670
 93,		51.38,		61.56,		62.06,				1.00821,				0.78915
 94,		51.38,		61.66,		61.95,				1.00469,				0.78772
 95,		61.28,		61.95,		70.48,				1.13761,				0.89617
 96,		61.28,		62.82,		70.48,				1.12196,				0.89617
 97,		52.92,		62.26,		75.80,				1.21750,				0.96382
 98,		61.84,		62.21,		70.48,				1.13283,				0.89617
 99,		61.84,		62.39,		70.48,				1.12970,				0.89617
100,		52.92,		63.33,		71.04,				1.12172,				0.90336
101,		61.28,		65.87,		75.80,				1.15080,				0.96382
102,		61.60,		63.89,		74.80,				1.17069,				0.95108
103,		61.87,		66.91,		75.80,				1.13289,				0.96382
104,		61.87,		67.68,		77.83,				1.14991,				0.98964
105,		61.87,		69.70,		70.55,				1.01206,				0.89703
106,		61.87,		70.28,		70.91,				1.00889,				0.90163
107,		61.87,		70.31,		70.69,				1.00548,				0.89892
108,		61.87,		70.47,		77.83,				1.10443,				0.98964
109,		61.53,		70.54,		77.83,				1.10335,				0.98964
110,		70.47,		70.56,		77.83,				1.10297,				0.98964
111,		61.87,		70.38,		70.69,				1.00453,				0.89892
112,		61.87,		70.37,		70.48,				1.00149,				0.89617
113,		61.53,		70.39,		70.59,				1.00287,				0.89765
114,		70.48,		70.48,		70.59,				1.00161,				0.89765
115,		70.48,		70.48,		70.59,				1.00151,				0.89755
116,		70.48,		70.48,		70.59,				1.00150,				0.89755
117,		61.53,		70.36,		70.67,				1.00448,				0.89863
118,		61.53,		70.30,		70.67,				1.00524,				0.89863
119,		61.53,		66.15,		77.83,				1.17654,				0.98964
120,		61.53,		65.81,		77.83,				1.18254,				0.98964
121,		61.53,		68.66,		77.83,				1.13348,				0.98964
122,		61.50,		65.95,		77.83,				1.18019,				0.98964
123,		61.53,		67.86,		70.48,				1.03864,				0.89617
124,		61.52,		66.92,		70.48,				1.05313,				0.89617
125,		57.24,		68.21,		70.55,				1.03421,				0.89703
126,		59.99,		69.69,		70.53,				1.01209,				0.89687
127,		61.53,		70.34,		70.53,				1.00272,				0.89687
128,		61.53,		70.25,		70.48,				1.00323,				0.89617
129,		59.99,		70.08,		77.83,				1.11063,				0.98964
130,		61.53,		70.38,		77.83,				1.10585,				0.98964
131,		61.87,		70.48,		70.91,				1.00600,				0.90163
132,		61.53,		70.32,		70.91,				1.00833,				0.90163
133,		59.99,		70.35,		70.91,				1.00798,				0.90163
134,		59.99,		70.36,		71.02,				1.00936,				0.90310
135,		59.99,		70.40,		71.02,				1.00883,				0.90310
136,		59.93,		70.38,		70.91,				1.00746,				0.90163
137,		69.58,		70.66,		77.83,				1.10147,				0.98964
138,		60.42,		70.30,		77.83,				1.10702,				0.98964
139,		61.92,		70.34,		70.91,				1.00803,				0.90163
140,		66.84,		69.86,		70.97,				1.01590,				0.90238
141,		66.84,		70.22,		71.04,				1.01168,				0.90333
142,		66.84,		70.37,		77.81,				1.10574,				0.98944
143,		66.84,		70.36,		71.04,				1.00970,				0.90333
144,		66.84,		70.63,		71.47,				1.01187,				0.90879
145,		66.84,		70.73,		70.94,				1.00302,				0.90210
146,		67.27,		70.82,		70.96,				1.00200,				0.90229
147,		70.46,		70.95,		77.83,				1.09699,				0.98967
148,		61.95,		70.93,		77.83,				1.09725,				0.98967
149,		61.95,		70.87,		77.83,				1.09829,				0.98967
