RANDOM_SEED, 1698986441
GEN,		MIN,			AVE,			MAX,
0,		1.31453,		28.96940,		63.15697,
1,		1.32758,		32.39278,		68.43777,
2,		2.18342,		27.32539,		44.57696,
3,		2.20792,		26.40431,		47.66682,
4,		1.90313,		25.06664,		43.83486,
5,		1.90313,		23.88975,		35.73505,
6,		2.41392,		23.22019,		27.74568,
7,		1.90313,		18.22103,		27.45444,
8,		2.08052,		16.64264,		25.93170,
9,		2.08464,		19.46953,		25.09694,
10,		2.08464,		21.28551,		31.29573,
11,		2.08464,		22.07185,		31.29573,
12,		2.08464,		22.42457,		27.95469,
13,		2.08464,		22.62979,		26.37412,
14,		2.08464,		22.86574,		31.29573,
15,		2.15160,		22.83327,		31.29573,
16,		2.15160,		20.91940,		26.37412,
17,		2.15160,		21.66216,		23.47320,
18,		2.15160,		22.15803,		23.47320,
19,		2.15160,		22.36540,		23.37090,
20,		2.15160,		22.08218,		24.03218,
21,		2.15160,		22.97723,		24.03218,
22,		23.27724,		23.29274,		24.04825,
23,		22.92707,		23.65214,		26.37412,
24,		23.27724,		23.46675,		26.37412,
25,		23.27724,		23.32253,		24.03218,
26,		17.70027,		23.22902,		24.03218,
27,		23.27724,		23.42270,		35.92178,
28,		23.27724,		23.51307,		28.33056,
29,		13.21879,		23.47576,		28.33056,
30,		22.16891,		23.37267,		23.65310,
31,		22.16891,		22.78741,		23.65310,
32,		21.80590,		22.56636,		24.53334,
33,		22.16891,		22.34044,		24.03218,
34,		21.06380,		22.26643,		24.53334,
35,		22.13036,		22.29355,		30.18740,
36,		12.14580,		22.09217,		24.53334,
37,		12.14580,		22.09217,		24.53334,
38,		5.41232,		22.20396,		34.81346,
39,		5.41232,		22.13702,		30.18740,
40,		5.41232,		22.02648,		25.18870,
41,		21.80590,		22.32146,		34.81346,
42,		5.41232,		21.99611,		22.18056,
43,		21.06380,		22.14260,		22.26017,
44,		16.74615,		22.09478,		22.26017,
45,		16.74615,		22.15602,		22.93992,
46,		16.74615,		22.16784,		22.93992,
47,		16.74615,		22.18031,		22.90458,
48,		22.16891,		22.39353,		34.90471,
49,		5.45218,		22.17239,		30.27866,
50,		22.07786,		22.41341,		30.27866,
51,		16.82456,		22.28261,		30.27866,
52,		16.82456,		22.29651,		34.90471,
53,		16.82456,		22.28086,		34.90471,
54,		16.82456,		22.27390,		24.62460,
55,		16.82456,		22.25930,		24.62460,
56,		22.10466,		22.38971,		34.84046,
57,		22.10466,		22.23835,		24.62460,
58,		21.09081,		22.19777,		23.03118,
59,		21.89635,		22.32697,		34.84046,
60,		22.01361,		22.32707,		34.84046,
61,		22.01361,		22.26802,		29.39200,
62,		22.10275,		25.72303,		29.58797,
63,		21.09081,		23.62341,		29.58797,
64,		22.18307,		22.69998,		29.41579,
65,		12.14710,		22.24322,		29.39200,
66,		12.14710,		22.12750,		29.39200,
67,		12.14710,		22.26450,		34.84046,
68,		12.14710,		22.85398,		45.91488,
69,		12.14710,		22.58981,		45.91488,
70,		12.10012,		22.21163,		34.84046,
71,		12.10012,		22.22137,		34.84046,
72,		22.14893,		22.22315,		26.77499,
73,		16.76031,		22.13377,		23.68332,
74,		22.14090,		22.17680,		23.68332,
75,		22.14893,		22.21729,		26.77499,
76,		22.14893,		22.23344,		26.77499,
77,		22.05768,		22.20019,		25.17514,
78,		21.96662,		22.14876,		22.19592,
79,		21.50643,		22.21497,		29.34502,
80,		22.14893,		25.74794,		29.34502,
81,		22.14893,		23.95410,		29.34502,
82,		22.13608,		23.23696,		29.34502,
83,		22.14893,		26.28911,		33.20006,
84,		22.14090,		24.37495,		33.20006,
85,		22.14090,		23.01841,		29.34502,
86,		22.14090,		22.50265,		30.23168,
87,		22.13608,		22.33343,		29.34502,
88,		22.13608,		22.30654,		34.69068,
89,		21.96662,		22.22024,		29.34502,
90,		22.14893,		22.88440,		30.08229,
91,		16.71332,		22.47363,		29.34502,
92,		16.71332,		22.31302,		29.34502,
93,		16.71332,		22.23850,		29.34502,
94,		21.78512,		22.21726,		29.34502,
95,		21.50643,		22.17311,		25.17514,
96,		5.34094,		22.00216,		24.10216,
97,		21.96662,		22.15344,		22.88621,
98,		16.71332,		22.21627,		34.69068,
99,		16.71332,		22.16045,		34.69068,
100,		16.71332,		22.29096,		34.69068,
101,		16.71332,		22.20637,		34.69068,
102,		20.97827,		22.13285,		22.14893,
103,		5.34094,		21.99595,		26.77499,
104,		5.34094,		22.56701,		26.77499,
105,		12.10012,		22.46353,		26.77499,
106,		16.71332,		22.25442,		26.77499,
107,		12.10012,		22.16032,		26.77499,
108,		12.10012,		22.79226,		26.77499,
109,		12.10012,		22.24595,		25.74055,
110,		12.10012,		22.18432,		25.17514,
111,		21.80198,		22.19580,		25.17514,
112,		21.80198,		22.19635,		25.17514,
113,		5.34094,		21.99729,		25.17514,
114,		22.14893,		22.25087,		29.13138,
115,		5.34094,		22.15262,		29.13138,
116,		21.78512,		22.28237,		29.13138,
117,		22.14893,		22.30641,		34.69068,
118,		22.05768,		22.15368,		22.71434,
119,		21.50643,		22.14827,		22.71434,
120,		22.14893,		22.27435,		34.69068,
121,		5.34094,		21.98111,		22.17233,
122,		22.05738,		22.15560,		22.71434,
123,		12.10012,		22.05576,		22.71434,
124,		21.80198,		22.14993,		22.71434,
125,		16.71332,		22.18159,		26.77499,
126,		16.71332,		22.13712,		26.77499,
127,		8.30933,		19.50162,		26.77499,
128,		16.71332,		20.84347,		22.14893,
129,		16.55671,		20.57070,		22.15416,
130,		16.55671,		21.34809,		24.10216,
131,		5.34094,		21.71588,		29.25507,
132,		5.34094,		21.88628,		29.34502,
133,		5.34094,		18.91348,		29.34502,
134,		5.34094,		20.29589,		22.34169,
135,		5.34094,		20.52974,		34.69068,
136,		5.32809,		19.23971,		26.77499,
137,		5.32809,		19.82550,		29.53777,
138,		5.24698,		12.32982,		22.40594,
139,		5.34094,		9.54739,		22.34169,
140,		2.12841,		12.91173,		26.77499,
141,		2.06416,		12.20019,		22.90709,
142,		2.06416,		8.54721,		25.43215,
143,		2.12841,		10.07103,		22.40594,
144,		3.45197,		8.20946,		22.40594,
145,		3.45197,		15.11416,		22.43094,
146,		2.12841,		9.91416,		22.40594,
147,		2.12841,		6.75356,		22.40594,
148,		2.03042,		4.29447,		22.40594,
149,		2.03042,		4.90441,		22.40594,
