RANDOM_SEED, 1698986410
GEN,		MIN,			AVE,			MAX,
0,		0.32979,		27.10822,		57.86271,
1,		0.32979,		18.73497,		43.68056,
2,		0.32979,		15.98880,		38.99297,
3,		2.69421,		12.24071,		38.76739,
4,		5.75817,		14.44863,		23.17293,
5,		5.79401,		11.77324,		23.70340,
6,		3.36804,		10.44493,		23.70340,
7,		8.76511,		9.63456,		23.70340,
8,		8.76511,		9.41086,		23.70340,
9,		6.66411,		9.45438,		24.78281,
10,		7.97482,		9.11495,		14.44487,
11,		6.12440,		9.36648,		26.45976,
12,		8.50810,		9.29624,		26.45976,
13,		8.50810,		9.13868,		11.48291,
14,		8.50810,		9.26179,		23.70340,
15,		8.50810,		9.20115,		23.70340,
16,		6.12440,		9.29778,		25.09122,
17,		6.12440,		9.10109,		25.09122,
18,		7.72424,		9.33885,		25.44620,
19,		6.27378,		9.07893,		9.20362,
20,		8.76511,		9.25090,		25.09122,
21,		9.05423,		9.23104,		25.09122,
22,		5.97020,		9.19295,		23.70340,
23,		9.05423,		9.22058,		25.09122,
24,		8.48883,		9.24640,		24.78281,
25,		8.50810,		9.39177,		25.09122,
26,		6.66411,		9.19038,		25.09122,
27,		7.97482,		9.23028,		25.09122,
28,		8.48883,		9.11339,		11.82987,
29,		6.66411,		9.23039,		23.70340,
30,		8.48883,		9.07024,		11.82987,
31,		8.48883,		9.23073,		24.78281,
32,		5.97020,		9.04573,		11.82987,
33,		5.97020,		9.06333,		11.82987,
34,		5.97020,		9.09540,		11.82987,
35,		8.80847,		9.11696,		11.82987,
36,		6.12440,		9.05719,		9.27228,
37,		6.67615,		9.11405,		9.19197,
38,		6.26214,		9.15014,		11.89331,
39,		8.64584,		9.36195,		25.33176,
40,		6.05654,		9.36959,		24.92055,
41,		8.64584,		9.25919,		11.81621,
42,		8.09971,		9.39111,		25.33176,
43,		9.11768,		9.57342,		25.33176,
44,		6.26214,		9.18801,		11.64635,
45,		8.15111,		9.19102,		10.46092,
46,		8.09971,		9.48612,		25.33176,
47,		6.75044,		9.63753,		25.33176,
48,		6.75044,		9.69419,		27.72188,
49,		6.75044,		9.16756,		9.19197,
50,		6.75044,		9.31799,		25.33176,
51,		6.75044,		9.32054,		25.33176,
52,		6.75044,		9.35180,		25.33176,
53,		6.75044,		9.32340,		25.33176,
54,		9.16015,		9.49643,		25.33176,
55,		9.16015,		9.49117,		25.33176,
56,		6.26214,		9.34378,		25.33176,
57,		6.26214,		9.17943,		11.89050,
58,		6.26214,		9.15908,		9.33654,
59,		6.26214,		9.15149,		10.27811,
60,		8.09971,		9.17221,		10.31636,
61,		8.09971,		9.29271,		23.86071,
62,		6.02471,		9.12353,		9.19197,
63,		6.23031,		9.12311,		9.19197,
64,		8.06788,		9.15763,		11.96148,
65,		6.23031,		9.17070,		11.96148,
66,		8.06788,		9.16598,		11.85868,
67,		8.06788,		9.48438,		24.88873,
68,		8.06788,		9.47112,		24.88873,
69,		9.09710,		9.16467,		9.45249,
70,		9.16015,		9.16599,		9.45249,
71,		8.06788,		9.14680,		9.45249,
72,		8.58832,		9.15158,		9.45249,
73,		8.58832,		9.15364,		9.19759,
74,		8.11928,		9.14365,		9.31114,
75,		8.06788,		9.17014,		11.96148,
76,		8.67827,		9.30664,		24.88873,
77,		8.86781,		9.15507,		9.19197,
78,		6.23031,		9.12539,		9.31114,
79,		6.23031,		9.40439,		24.88873,
80,		6.74432,		9.11475,		9.45249,
81,		6.74432,		9.13599,		9.16015,
82,		9.03486,		9.16882,		10.27811,
83,		8.58832,		9.30984,		23.86071,
84,		6.23031,		9.17822,		11.96148,
85,		8.06788,		9.15212,		9.30471,
86,		8.61402,		9.15540,		9.19599,
87,		6.02471,		9.31203,		25.29993,
88,		6.02471,		9.41910,		25.29993,
89,		8.61402,		9.79070,		25.29993,
90,		8.61402,		9.46791,		25.29993,
91,		8.61402,		9.34458,		25.29993,
92,		6.02471,		9.14906,		11.85868,
93,		6.02471,		9.13319,		11.85868,
94,		8.06788,		9.13882,		9.16015,
95,		6.23031,		9.18482,		11.85868,
96,		8.67827,		9.39820,		11.85868,
97,		6.23031,		9.33218,		23.86071,
98,		6.23031,		9.15821,		11.85868,
99,		6.23031,		9.28611,		23.86071,
100,		6.02471,		9.26827,		24.88873,
101,		6.23031,		9.09701,		9.45249,
102,		6.74432,		9.12380,		9.45249,
103,		6.74432,		9.29119,		25.29993,
104,		6.23031,		9.13054,		9.19197,
105,		9.16015,		9.16078,		9.19197,
106,		8.91278,		9.34380,		25.29993,
107,		8.91278,		9.47565,		25.29993,
108,		6.23031,		9.28013,		24.88873,
109,		6.74432,		9.28364,		24.88873,
110,		6.74432,		9.28203,		24.88873,
111,		9.08907,		9.17062,		10.27811,
112,		9.08907,		9.36041,		23.86071,
113,		9.16015,		9.21449,		11.85868,
114,		9.16015,		9.16015,		9.16015,
115,		9.08586,		9.18702,		11.96148,
116,		9.08907,		9.18745,		11.96148,
117,		9.16015,		9.19687,		11.71411,
118,		9.16015,		9.19724,		11.71411,
119,		6.23031,		9.30580,		23.86071,
120,		9.16015,		9.16088,		9.19759,
121,		9.08907,		9.63576,		25.29993,
122,		6.23031,		9.45329,		25.29993,
123,		6.23031,		9.15562,		11.60167,
124,		8.11928,		9.17195,		11.60167,
125,		8.11928,		9.15244,		10.27811,
126,		6.02471,		9.11043,		11.60167,
127,		8.11928,		9.14587,		9.19197,
128,		8.11928,		9.29298,		24.88873,
129,		6.23031,		9.27798,		24.88873,
130,		8.61402,		9.35014,		24.88873,
131,		6.23031,		9.13175,		10.27811,
132,		8.61402,		9.15397,		9.16015,
133,		8.61402,		9.19244,		11.60167,
134,		6.74432,		9.32885,		23.86071,
135,		8.61402,		9.16837,		10.27811,
136,		8.61402,		9.15718,		9.45249,
137,		6.23031,		9.12960,		9.45249,
138,		8.86781,		9.23256,		11.96148,
139,		9.03486,		9.29366,		11.96148,
140,		9.03486,		9.18525,		11.85868,
141,		9.09710,		9.15952,		9.16015,
142,		9.09710,		9.21131,		11.96148,
143,		6.23031,		9.12147,		9.30471,
144,		6.23031,		9.24867,		23.86071,
145,		6.23031,		9.25526,		25.29993,
146,		6.23031,		9.11438,		9.19759,
147,		6.23031,		9.09756,		9.16015,
148,		6.23031,		9.12541,		9.31114,
149,		6.67003,		9.12742,		9.31114,
